      53 
      54 
      55 
      56 
      78 
      79 
      80 
     100 
     101 
     102 
     103 
     104 
     105 
     106 
     107 
     125 
     126 
     127 
     128 
     129 
     130 
     149 
     150 
     151 
     152 
     153 
     195 
     196 
     197 
     198 
     199 
     200 
     255 
     256 
     257 
     258 
     259 
     260 
     261 
     262 
     263 
     264 
     308 
     309 
     310 
     311 
     419 
     420 
     421 
     422 
     442 
     443 
     444 
     445 
     466 
     467 
     468 
     469 
     470 
     471 
     477 
     478 
     479 
     480 
     481 
     482 
     483 
     484 
     485 
     486 
     487 
     488 
     489 
     490 
     491 
     491 
     492 
     492 
     493 
     493 
     494 
     494 
     495 
     495 
     496 
     496 
     497 
     722 
     723 
     724 
     725 
     797 
     798 
     799 
     836 
     837 
     838 
     839 
     845 
     846 
     884 
     885 
     890 
     891 
     892 
     893 
     894 
     895 
     896 
     897 
     898 
     918 
     919 
     941 
     942 
     943 
     959 
     960 
     961 
     962 
     963 
     964 
     964 
     965 
     965 
     966 
     966 
     967 
     967 
     968 
     968 
     969 
     970 
     971 
     972 
     973 
     974 
     975 
     976 
     977 
     978 
     979 
     987 
     988 
     989 
     990 
     991 
     992 
     993 
    1045 
    1046 
    1047 
    1048 
    1049 
    1060 
    1061 
    1062 
    1063 
    1093 
    1094 
    1095 
    1096 
    1097 
    1098 
    1129 
    1130 
    1131 
    1132 
    1133 
    1134 
    1135 
    1136 
    1156 
    1157 
    1158 
    1159 
    1160 
    1164 
    1165 
    1166 
    1167 
    1168 
    1182 
    1188 
    1189 
    1190 
    1191 
    1192 
    1212 
    1213 
    1214 
    1215 
    1216 
    1217 
    1227 
    1228 
    1229 
    1230 
    1237 
    1238 
    1239 
    1261 
    1262 
    1263 
    1283 
    1284 
    1285 
    1286 
    1287 
    1288 
    1289 
    1290 
    1291 
    1296 
    1297 
    1298 
    1299 
    1331 
    1332 
    1333 
    1334 
    1335 
    1336 
    1337 
    1338 
    1339 
    1340 
    1341 
    1359 
    1360 
    1361 
    1362 
    1363 
    1364 
    1381 
    1382 
    1383 
    1384 
    1385 
    1386 
    1387 
    1388 
    1389 
    1390 
    1391 
    1409 
    1410 
    1411 
    1412 
    1413 
    1414 
    1415 
    1473 
    1474 
    1475 
    1476 
    1477 
    1478 
    1478 
    1479 
    1480 
    1481 
    1497 
    1498 
    1499 
    1500 
    1501 
    1502 
    1503 
    1504 
    1505 
    1523 
    1524 
    1525 
    1526 
    1527 
    1528 
    1529 
    1531 
    1532 
    1533 
    1534 
    1535 
    1536 
    1581 
    1582 
    1651 
    1652 
    1653 
    1654 
    1655 
    1698 
    1699 
    1700 
    1701 
    1709 
    1710 
    1711 
    1732 
    1733 
    1734 
    1735 
    1736 
    1737 
    1738 
    1792 
    2000 
    2001 
    2002 
    2010 
    2011 
    2057 
    2080 
    2081 
    2082 
    2083 
    2114 
    2115 
    2116 
    2137 
    2138 
    2139 
    2140 
    2141 
    2183 
    2227 
    2228 
    2229 
    2230 
    2231 
    2232 
    2252 
    2253 
    2254 
    2274 
    2275 
    2276 
    2277 
    2278 
    2279 
    2280 
    2281 
    2282 
    2324 
    2325 
    2326 
    2327 
    2328 
    2347 
    2348 
    2349 
    2350 
    2351 
    2372 
    2373 
    2374 
    2375 
    2376 
    2384 
    2385 
    2470 
    2471 
    2472 
    2492 
    2493 
    2494 
    2495 
    2496 
    2497 
    2498 
    2517 
    2518 
    2519 
    2520 
    2521 
    2522 
    2523 
    2529 
    2530 
    2531 
    2532 
    2533 
    2534 
    2614 
    2615 
    2616 
    2617 
    2618 
    2619 
    2641 
    2648 
    2649 
    2650 
    2687 
    2688 
    2689 
    2690 
    2914 
    2915 
    2916 
    2917 
    3079 
    3080 
    3081 
    3189 
    3190 
    3190 
    3191 
    3191 
    3192 
    3192 
    3193 
    3193 
    3194 
    3194 
    3195 
    3195 
    3196 
    3196 
    3217 
    3218 
    3238 
    3238 
    3239 
    3239 
    3240 
    3240 
    3241 
    3241 
    3242 
    3242 
    3243 
    3243 
    3244 
    3244 
    3245 
    3245 
    3285 
    3286 
    3287 
    3287 
    3288 
    3288 
    3289 
    3289 
    3290 
    3290 
    3291 
    3291 
    3292 
    3292 
    3293 
    3293 
    3350 
    3351 
    3352 
    3475 
    3476 
    3477 
    3512 
    3513 
    3514 
    3515 
    3662 
    3663 
    3664 
    3665 
    3666 
    3667 
    3668 
    3669 
    3842 
    3843 
    3845 
    3846 
    3847 
    3848 
    3849 
    3872 
    3873 
    3948 
    3949 
    3950 
    3951 
    3952 
    3953 
    3998 
    3999 
    4069 
    4070 
    4071 
    4072 
    4073 
    4074 
    4075 
    4227 
    4228 
    4229 
    4230 
    4231 
    4250 
    4251 
    4251 
    4252 
    4252 
    4253 
    4253 
    4254 
    4254 
    4255 
    4255 
    4256 
    4256 
    4257 
    4257 
    4258 
    4258 
    4259 
    4260 
    4261 
    4262 
    4263 
    4264 
    4265 
    4266 
    4267 
    4268 
    4269 
    4270 
    4271 
    4272 
    4324 
    4325 
    4330 
    4331 
    4332 
    4333 
    4334 
    4335 
    4336 
    4337 
    4338 
    4339 
    4340 
    4341 
    4342 
    4343 
    4344 
    4345 
    4346 
    4347 
    4348 
    4349 
    4350 
    4351 
    4352 
    4353 
    4354 
    4600 
    4601 
    4602 
    4603 
    4604 
    4649 
    4650 
    4651 
    4672 
    4673 
    4674 
    4694 
    4695 
    4696 
    4697 
    4698 
    4699 
    4834 
    4835 
    4858 
    4859 
    4906 
    4907 
    4908 
    4909 
    4910 
    4911 
    4912 
    4913 
    4914 
    4915 
    4916 
    4917 
    4918 
    4919 
    4920 
    4921 
    4922 
    4923 
    4924 
    4925 
    4926 
    4927 
    4928 
    4929 
    4930 
    4931 
    4932 
    4933 
    4934 
