 AEM_Eatom=  9.842340900722055E-002
 AEM_Egroup=  1.210130324873056E-002
 AEM_Etot=  1.225399884494937E-002
 AEM_F=  0.565298390328555     
