 AEM_Eatom=  5.414757219763845E-003
 AEM_Egroup=  9.541441263183404E-004
 AEM_Etot=  4.420614589676311E-003
 AEM_F=  0.501529118644232     
