           4           1
 PRECISION  = SINGLE     
 JOB       = SCF
 IN.PSP1   = /home/sabs/shenjie/Pseudopotential/Li.nc.pbe.UPF
 IN.PSP2   = /home/sabs/shenjie/Pseudopotential/C.nc.pbe.UPF
 IN.PSP3   = /home/sabs/shenjie/Pseudopotential/O.nc.pbe.UPF
 IN.PSP4   = /home/sabs/shenjie/Pseudopotential/N.nc.pbe.UPF
 IN.PSP5   = /home/sabs/shenjie/Pseudopotential/S.nc.pbe.UPF
 IN.PSP6   = /home/sabs/shenjie/Pseudopotential/F.nc.pbe.UPF
 IN.PSP7   = /home/sabs/shenjie/Pseudopotential/H.nc.pbe.UPF
 IN.PSP8   = /home/sabs/shenjie/Pseudopotential/P.nc.pbe.UPF
 IN.ATOM   = atom.config         
 CONVERGENCE  = EASY
 ACCURACY  = NORM
 VFF_DETAIL =   1   500  0.50000000E-02     30.00000     4.00000     0.00000     1.00000  
 EGG_DETAIL =            3           3           3
 SPIN      =   1
 CONSTRAINT_MAG =           0
 RANDOM_SEED=           0
 QIJ_DETAIL =   0  1
 SCF_MIX = CHARGE
 PWSCF_OUTPUT     =  F
 Ecut      =    60.0000000000000     
 Ecut2     =    120.000000000000     
 Ecut2L    =    120.000000000000     
 EcutP    =    60.0000000000000     
 N123      =   120   120   120
 NS123     =    40    40    40
 N123L     =   120   120   120
 STRESS_CORR =   0.100000E+01  0.000000E+00  0.200000E+01  0.000000E+00
 XCFUNCTIONAL = LDA
 HSE_DETAIL    =      1.00000000    1     0.00000000    6 1 1
 RELAX_HSE    =    20   0.50000E-01     2
 VDW       = NONE
 LONDON_S6      =   0.000000000000000E+000
 LONDON_C6(1)      =   -1.00000000000000     
 LONDON_C6(2)      =   -1.00000000000000     
 LONDON_C6(3)      =   -1.00000000000000     
 LONDON_C6(4)      =   -1.00000000000000     
 LONDON_C6(5)      =   -1.00000000000000     
 LONDON_C6(6)      =   -1.00000000000000     
 LONDON_C6(7)      =   -1.00000000000000     
 LONDON_C6(8)      =   -1.00000000000000     
 LONDON_RCUT      =   0.000000000000000E+000
 DFTD3_S6        =   0.000000000000000E+000
 DFTD3_RS6        =   0.000000000000000E+000
 DFTD3_S18        =   0.000000000000000E+000
 DFTD3_RS18        =   0.000000000000000E+000
 DFTD3_ALPHA6        =   0.000000000000000E+000
 DFTD3_VERSION        =            0
 DFTD3_3BODY        =  F
 COULOMB   =    0
 IN.WG     =  F
 OUT.WG    =  F
 IN.RHO    =  F
 OUT.RHOATOM =  F
 OUT.RHO   =  F
 IN.VR     =  F
 OUT.VR    =  F
 OUT.ELF   =  F
 IN.VEXT   =  F
 OUT.VATOM   =  F
 OUT.FORCE =  T
 OUT.STRESS =  F
 IN.KPT    =  F
 IN.SYMM   =  F
 SYMM_PREC =    0.10000E-04
 MP_N123 =      1      1      1      0      0      0      0
 NUM_KPT =            1
 CHARGE_DECOMP = F
 ENERGY_DECOMP = F 
 IN.SOLVENT =  F
 NUM_ELECTRON =   1940.00000000000     
 FIX_FERMI =   F  0.000000E+00  0.000000E+00  0.000000E+00
 IN.NONSCF    =  F
 NUM_BAND  =  1028
 OUT.REAL.RHOWF_SP= 0
 WG_ERROR  =   1.000000000000000E-004
 E_ERROR   =   5.279008887880000E-003
 RHO_ERROR =   5.000000000000000E-005
 RHO_RELATIVE_ERROR      =   0.000000000000000E+000
 FORCE_RELATIVE_ERROR     =   0.000000000000000E+000
 MIN_SCF_ITER     =            1
 SYS_TYPE   =            1
 PULAY_MIX_OPT =     30  1  0       1.00000       0.00000
 PULAY_METRIC_Q0 =       -1.00000
 IN.OCC    =  F          -1
 IN.CC    =  F
 IN.OCC_ADIA    =  F
 SCF_ITER0_1 =    6   4    3    0.0000     0.02500    1
 SCF_ITER0_2 =   94   4    3    1.0000     0.02500    1
 SCF_ITER1_1 =   40   4    3    1.0000     0.02500    1
 NONLOCAL  =  2
 IN.A_FIELD =  F       0.00000       0.00000       0.00000
 RCUT      =    4.00000000000000     
 IN.PSP_RCUT1 =   4.00000000000000     
 IN.PSP_RCUT2 =   4.00000000000000     
 IN.PSP_RCUT3 =   4.00000000000000     
 IN.PSP_RCUT4 =   4.00000000000000     
 IN.PSP_RCUT5 =   4.00000000000000     
 IN.PSP_RCUT6 =   4.00000000000000     
 IN.PSP_RCUT7 =   4.00000000000000     
 IN.PSP_RCUT8 =   4.00000000000000     
 MD_VV_SCALE =    100
 LDAU_PSP1   =           -1  2.721138638331097E-009  2.721138638331097E-009  eV
 LDAU_PSP2   =           -1  2.721138638331097E-009  2.721138638331097E-009  eV
 LDAU_PSP3   =           -1  2.721138638331097E-009  2.721138638331097E-009  eV
 LDAU_PSP4   =           -1  2.721138638331097E-009  2.721138638331097E-009  eV
 LDAU_PSP5   =           -1  2.721138638331097E-009  2.721138638331097E-009  eV
 LDAU_PSP6   =           -1  2.721138638331097E-009  2.721138638331097E-009  eV
 LDAU_PSP7   =           -1  2.721138638331097E-009  2.721138638331097E-009  eV
 LDAU_PSP8   =           -1  2.721138638331097E-009  2.721138638331097E-009  eV
 NUM_BLOCKED_PSI=  F
 WF_STORE2DISK  =            0
 NUM_DOS_GRID =         4000
 NMAP_MAX =        50000
 KERK_AMIN =   0.300000000000000     
 KERK_AMIX =   0.400000000000000     
 KERK_AMIX_MAG =   0.800000000000000     
 KERK_BMIX =   0.500000000000000     
 LDAU_MIX =   0.700000000000000     
 PULAY_WEIGHT_SPIN =    1.00000000000000     
 PULAY_WEIGHT_NS =    1.00000000000000     
 OUT.MLMD    =  F
 NUM_MPI_PER_GPU =     1
 FLAG_CYLINDER =            0
 SET_OUT_FERMI_POS =  F           0
 E_FINITE =  F   0.00000E+00   0.00000E+00   0.00000E+00
 MLINE_EIGEN =      1
 
 ------------------------------------------------
 total number of K-point:           1
   0.00000     0.00000    0.00000     1.00000            
 ------------------------------------------------
 
 
 *********************************************
 *********** end of etot.input report ********
 minimum n1,n2,n3 from Ecut2
     118.970      119.148      119.089
 minimum n1L,n2L,n3L from Ecut2L
     118.970      119.148      119.089
 *********************************************
 
 
Weighted average num_of_PW for all kpoint=                       312673.000
 ************************************
 E_Hxc(eV)         49755.7531822145     
 E_ion(eV)        -219850.772680979     
 E_Coul(eV)        77995.9287740437     
 E_Hxc+E_ion(eV)  -170095.019498764     
 NONSCF     1          AVE_STATE_ERROR= 0.5918E+01
 NONSCF     2          AVE_STATE_ERROR= 0.1624E+01
 NONSCF     3          AVE_STATE_ERROR= 0.4994E+00
 NONSCF     4          AVE_STATE_ERROR= 0.9213E-01
 NONSCF     5          AVE_STATE_ERROR= 0.1549E-01
 NONSCF     6          AVE_STATE_ERROR= 0.3103E-02
 iter=   7   ave_lin=  4.0  iCGmth=   3
 Ef(eV)               = -.2137746E+01
 err of ug            = 0.1219E-02
 dv_ave, drho_tot     = 0.0000E+00 0.1233E+00
 E_tot(eV)            = -.13305675206062E+06    -.1331E+06
 -------------------------------------------
 iter=   8   ave_lin=  4.0  iCGmth=   3
 Ef(eV)               = -.7095959E-01
 err of ug            = 0.1074E-01
 dv_ave, drho_tot     = 0.1713E-01 0.7129E-01
 E_tot(eV)            = -.13295070135543E+06    0.1061E+03
 -------------------------------------------
 iter=   9   ave_lin=  4.0  iCGmth=   3
 Ef(eV)               = -.1096636E+01
 err of ug            = 0.6661E-02
 dv_ave, drho_tot     = 0.1364E-01 0.3042E-01
 E_tot(eV)            = -.13291810188323E+06    0.3260E+02
 -------------------------------------------
 iter=  10   ave_lin=  4.0  iCGmth=   3
 Ef(eV)               = -.1040003E+01
 err of ug            = 0.2040E-02
 dv_ave, drho_tot     = 0.6904E-02 0.1059E-01
 E_tot(eV)            = -.13291284072932E+06    0.5261E+01
 -------------------------------------------
 iter=  11   ave_lin=  4.0  iCGmth=   3
 Ef(eV)               = 0.8195915E+00
 err of ug            = 0.5396E-03
 dv_ave, drho_tot     = 0.3082E-02 0.5907E-02
 E_tot(eV)            = -.13291216460766E+06    0.6761E+00
 -------------------------------------------
 iter=  12   ave_lin=  4.0  iCGmth=   3
 Ef(eV)               = 0.5755639E+00
 err of ug            = 0.3033E-03
 dv_ave, drho_tot     = 0.3557E-02 0.3712E-02
 E_tot(eV)            = -.13291162833705E+06    0.5363E+00
 -------------------------------------------
 iter=  13   ave_lin=  4.0  iCGmth=   3
 Ef(eV)               = 0.5346955E+00
 err of ug            = 0.3627E-03
 dv_ave, drho_tot     = 0.4361E-02 0.2895E-02
 E_tot(eV)            = -.13291107604327E+06    0.5523E+00
 -------------------------------------------
 iter=  14   ave_lin=  4.0  iCGmth=   3
 Ef(eV)               = 0.8215444E+00
 err of ug            = 0.3439E-03
 dv_ave, drho_tot     = 0.5905E-02 0.2284E-02
 E_tot(eV)            = -.13291058867198E+06    0.4874E+00
 -------------------------------------------
 iter=  15   ave_lin=  4.0  iCGmth=   3
 Ef(eV)               = 0.1126792E+01
 err of ug            = 0.3635E-03
 dv_ave, drho_tot     = 0.6418E-02 0.1831E-02
 E_tot(eV)            = -.13291026281718E+06    0.3259E+00
 -------------------------------------------
 iter=  16   ave_lin=  4.0  iCGmth=   3
 Ef(eV)               = 0.1275902E+01
 err of ug            = 0.2625E-03
 dv_ave, drho_tot     = 0.4221E-02 0.1396E-02
 E_tot(eV)            = -.13291019034667E+06    0.7247E-01
 -------------------------------------------
 iter=  17   ave_lin=  4.0  iCGmth=   3
 Ef(eV)               = 0.1489486E+01
 err of ug            = 0.2034E-03
 dv_ave, drho_tot     = 0.3658E-02 0.1085E-02
 E_tot(eV)            = -.13291016358260E+06    0.2676E-01
 -------------------------------------------
 iter=  18   ave_lin=  4.0  iCGmth=   3
 Ef(eV)               = 0.1635416E+01
 err of ug            = 0.1324E-03
 dv_ave, drho_tot     = 0.2899E-02 0.8084E-03
 E_tot(eV)            = -.13291014952399E+06    0.1406E-01
 -------------------------------------------
 iter=  19   ave_lin=  4.0  iCGmth=   3
 Ef(eV)               = 0.1799827E+01
 err of ug            = 0.1127E-03
 dv_ave, drho_tot     = 0.2553E-02 0.6167E-03
 E_tot(eV)            = -.13291013234449E+06    0.1718E-01
 -------------------------------------------
 iter=  20   ave_lin=  4.0  iCGmth=   3
 Ef(eV)               = 0.1923375E+01
 err of ug            = 0.9946E-04
 dv_ave, drho_tot     = 0.2303E-02 0.4621E-03
 E_tot(eV)            = -.13291011883440E+06    0.1351E-01
 -------------------------------------------
 iter=  21   ave_lin=  4.0  iCGmth=   3
 Ef(eV)               = 0.1978318E+01
 err of ug            = 0.6337E-04
 dv_ave, drho_tot     = 0.9482E-03 0.3826E-03
 E_tot(eV)            = -.13291011178098E+06    0.7053E-02
 -------------------------------------------
 iter=  22   ave_lin=  4.0  iCGmth=   3
 Ef(eV)               = 0.2010829E+01
 err of ug            = 0.6380E-04
 dv_ave, drho_tot     = 0.1074E-02 0.3077E-03
 E_tot(eV)            = -.13291010509518E+06    0.6686E-02
 -------------------------------------------
 iter=  23   ave_lin=  4.0  iCGmth=   3
 Ef(eV)               = 0.2033758E+01
 err of ug            = 0.5314E-04
 dv_ave, drho_tot     = 0.8417E-03 0.2475E-03
 E_tot(eV)            = -.13291010169238E+06    0.3403E-02
 -------------------------------------------
 E_Fermi(eV)=   2.03375803106032     
 ---------------------------------------------------
 Ef(eV)               = 0.2033758E+01
 dvE, dvE(n)-dvE(n-1) = 0.7084E-06 -.4447E-06
 dv_ave, drho_tot     = 0.8417E-03 0.2475E-03
 err of ug            = 0.5314E-04
 ---------------------------------------------------
 ending_scf_reason = tol Etot_err  5.279008887880000E-003
 Ewald        = -.42371109912625E+05
 Alpha        = 0.15207970391171E+04
 E_extV       = 0.00000000000000E+00    0.0000E+00
 E_NSC        = -.21306019888518E+05    0.6779E+00
 E[-rho*V_Hxc]= -.12168729409495E+06    -.6745E+00
 E_Hxc        = 0.50933525164596E+05    0.6878E+00
 -TS          = -.31072386539568E-12    -.1598E-12
 E_tot(eV)    = -.13291010169238E+06    0.3403E-02
 E_tot(Ryd)   = -.97687123761133E+04    0.1251E-03
 ---------------------------------------------------
 ---------------------------------------------------
 occup for:      kpt=1,spin=1,m=(totN/2-2,totN/2+2)
   1.000    1.000    1.000    0.000    0.000
 eigen(eV) for:  kpt=1,spin=1,m=(totN/2-2,totN/2+2)
  -2.026   -1.970   -1.811    2.775    2.793
 ---------------------------------------------------
 ---------------------------------------------------
 E_Hart,E_xc,E_ion =0.79686474904623E+05  -.28752949740027E+05  -.22222235142032E+06
 E_Hxc+E_ion       =-.17128882625572E+06
 E_kin+E_nonloc    =0.79229037436845E+05
 E_rhoVext,E_IVext     =0.00000000000000E+00  0.00000000000000E+00
 E_psiV,E_dDrho =-.10053519562637E+06  0.00000000000000E+00
 ave(vtot):v0 =-.77130728469630E+01
 ave(V_ion_s(or p,d))=ave(V_Hatree)=0; ave(Vtot)=ave(V_xc)=v0
 ---------------------------------------------------
 *********************************
 Eigen energies are values after setting ave(Vtot)=0
 For Vtot=V_ion+V_Hartree+V_xc, and
 ave(V_ion+V_Hatree)=0, ave(V_xc).ne.0:  E=E+v0
 *********************************
iislda,kpt=   1,    1      0.000000     0.000000     0.000000             kpoint in xyz unit 
 err of each states, A.U
  0.169087E-04     0.186850E-04     0.266644E-04     0.291935E-04     0.377587E-04
  0.101713E-03     0.162319E-04     0.233649E-04     0.131783E-04     0.284100E-04
  0.155198E-04     0.211176E-04     0.158064E-04     0.149022E-04     0.424809E-04
  0.134381E-04     0.114796E-04     0.589888E-04     0.159108E-04     0.962329E-04
  0.253516E-04     0.182358E-04     0.139339E-04     0.154789E-04     0.143914E-04
  0.161680E-04     0.189370E-04     0.178682E-04     0.166576E-04     0.671420E-04
  0.293993E-04     0.172680E-04     0.248033E-04     0.161668E-04     0.174987E-04
  0.162295E-04     0.124005E-04     0.271383E-04     0.153223E-04     0.528468E-04
  0.125995E-04     0.154743E-04     0.137985E-04     0.163663E-04     0.217921E-04
  0.296886E-04     0.192677E-04     0.266036E-04     0.133064E-04     0.147620E-04
  0.166760E-04     0.797692E-04     0.211532E-04     0.140229E-04     0.160131E-04
  0.508056E-04     0.355682E-04     0.394859E-04     0.319450E-04     0.154940E-04
  0.243658E-04     0.281814E-04     0.160774E-04     0.151549E-04     0.320577E-04
  0.205431E-04     0.725126E-04     0.291938E-04     0.213176E-04     0.218617E-04
  0.459519E-04     0.163401E-04     0.228074E-04     0.131130E-04     0.142599E-04
  0.149299E-04     0.145872E-04     0.112834E-04     0.114259E-04     0.141396E-04
  0.145500E-04     0.253914E-04     0.112563E-04     0.110796E-04     0.136756E-04
  0.322351E-04     0.114545E-04     0.200948E-04     0.123910E-04     0.155785E-04
  0.387832E-04     0.211458E-04     0.180894E-04     0.590603E-04     0.128750E-04
  0.230949E-04     0.154065E-04     0.166394E-04     0.172685E-04     0.157950E-04
  0.152407E-04     0.122619E-04     0.205972E-04     0.237494E-04     0.130926E-04
  0.117806E-04     0.765814E-04     0.323338E-04     0.132775E-04     0.225427E-04
  0.414766E-04     0.139972E-04     0.318843E-04     0.135189E-04     0.173761E-04
  0.135504E-04     0.212731E-04     0.126084E-04     0.170971E-04     0.132466E-04
  0.186464E-04     0.172891E-04     0.136182E-04     0.133508E-04     0.349526E-04
  0.240373E-04     0.125380E-04     0.120598E-04     0.131380E-04     0.122967E-04
  0.166848E-04     0.356675E-04     0.202199E-04     0.139535E-04     0.128936E-04
  0.123072E-04     0.224693E-04     0.172317E-04     0.378372E-04     0.334494E-04
  0.471456E-04     0.153629E-04     0.223441E-04     0.123406E-04     0.246671E-04
  0.134025E-04     0.363451E-04     0.173394E-04     0.116124E-04     0.108837E-04
  0.262523E-04     0.286665E-04     0.143386E-04     0.181394E-04     0.251948E-04
  0.281971E-04     0.112077E-04     0.312840E-04     0.219532E-04     0.147084E-04
  0.162178E-04     0.159890E-04     0.645816E-04     0.239601E-04     0.308998E-04
  0.317428E-04     0.106564E-04     0.123170E-04     0.204312E-04     0.294715E-04
  0.231443E-04     0.164948E-04     0.127109E-04     0.163089E-04     0.124230E-04
  0.195840E-04     0.390770E-04     0.275697E-04     0.172817E-04     0.244221E-04
  0.105561E-04     0.170426E-04     0.136747E-04     0.779053E-04     0.137531E-04
  0.102131E-04     0.175577E-04     0.113649E-04     0.111379E-04     0.100866E-04
  0.216771E-04     0.122497E-04     0.164921E-04     0.103921E-04     0.152420E-04
  0.175148E-04     0.142910E-04     0.179702E-04     0.171350E-04     0.199028E-04
  0.129340E-04     0.127640E-04     0.140184E-04     0.184517E-04     0.119310E-04
  0.135779E-04     0.361130E-04     0.121406E-04     0.211518E-04     0.132638E-04
  0.244373E-04     0.234850E-04     0.245694E-04     0.166711E-04     0.287005E-04
  0.209355E-04     0.142145E-04     0.137564E-04     0.146893E-04     0.153963E-04
  0.125616E-04     0.158749E-04     0.225612E-04     0.132525E-04     0.178310E-04
  0.200474E-04     0.158792E-04     0.123557E-04     0.127190E-04     0.167548E-04
  0.156389E-04     0.142324E-04     0.199653E-04     0.204074E-04     0.121309E-04
  0.169428E-04     0.112419E-04     0.138346E-04     0.172666E-04     0.146159E-04
  0.194166E-04     0.321692E-04     0.149882E-04     0.148414E-04     0.124862E-04
  0.136645E-04     0.225888E-04     0.165340E-04     0.152939E-04     0.214966E-04
  0.164279E-04     0.161280E-04     0.192986E-04     0.160113E-04     0.177377E-04
  0.170770E-04     0.141938E-04     0.229190E-04     0.110160E-04     0.235549E-04
  0.123896E-04     0.137956E-04     0.233009E-04     0.153908E-04     0.142364E-04
  0.242634E-04     0.167507E-04     0.146069E-04     0.239956E-04     0.167070E-04
  0.167562E-04     0.158219E-04     0.174196E-04     0.172788E-04     0.168994E-04
  0.211100E-04     0.340410E-04     0.213258E-04     0.174968E-04     0.235304E-04
  0.237632E-04     0.204146E-04     0.205923E-04     0.188510E-04     0.176998E-04
  0.193864E-04     0.174156E-04     0.153585E-04     0.157311E-04     0.201785E-04
  0.116590E-04     0.300674E-04     0.249534E-04     0.244394E-04     0.346123E-04
  0.154135E-04     0.206474E-04     0.286344E-04     0.202540E-04     0.152459E-04
  0.208083E-04     0.160061E-04     0.146854E-04     0.239233E-04     0.292283E-04
  0.210716E-04     0.194064E-04     0.246806E-04     0.222361E-04     0.317845E-04
  0.238505E-04     0.166382E-04     0.242780E-04     0.248056E-04     0.289261E-04
  0.286405E-04     0.281990E-04     0.209697E-04     0.211416E-04     0.242203E-04
  0.207448E-04     0.218322E-04     0.243336E-04     0.268820E-04     0.268252E-04
  0.238546E-04     0.288575E-04     0.294957E-04     0.303249E-04     0.293883E-04
  0.273412E-04     0.222064E-04     0.230859E-04     0.259100E-04     0.290969E-04
  0.381126E-04     0.216882E-04     0.261561E-04     0.157340E-04     0.310395E-04
  0.168212E-04     0.208731E-04     0.228327E-04     0.242054E-04     0.206857E-04
  0.248780E-04     0.242602E-04     0.228359E-04     0.270545E-04     0.287887E-04
  0.264724E-04     0.206556E-04     0.198010E-04     0.176049E-04     0.276143E-04
  0.277199E-04     0.208919E-04     0.241292E-04     0.269019E-04     0.282128E-04
  0.227324E-04     0.208420E-04     0.222563E-04     0.180151E-04     0.253942E-04
  0.211620E-04     0.225978E-04     0.333450E-04     0.218558E-04     0.179903E-04
  0.213286E-04     0.205168E-04     0.217310E-04     0.221678E-04     0.242909E-04
  0.199093E-04     0.301024E-04     0.203765E-04     0.277049E-04     0.227126E-04
  0.216037E-04     0.218884E-04     0.275283E-04     0.260375E-04     0.329400E-04
  0.265236E-04     0.203737E-04     0.255882E-04     0.287309E-04     0.245791E-04
  0.298484E-04     0.318524E-04     0.358477E-04     0.284295E-04     0.198974E-04
  0.268574E-04     0.226042E-04     0.191025E-04     0.215254E-04     0.321344E-04
  0.349129E-04     0.308572E-04     0.197354E-04     0.278128E-04     0.239807E-04
  0.246760E-04     0.240960E-04     0.249960E-04     0.282218E-04     0.300143E-04
  0.253050E-04     0.285486E-04     0.290939E-04     0.268040E-04     0.291759E-04
  0.268085E-04     0.259641E-04     0.416216E-04     0.307017E-04     0.425276E-04
  0.266073E-04     0.325365E-04     0.275340E-04     0.319039E-04     0.441200E-04
  0.259980E-04     0.304185E-04     0.275202E-04     0.327812E-04     0.302484E-04
  0.375291E-04     0.340380E-04     0.389316E-04     0.246266E-04     0.381280E-04
  0.317248E-04     0.268176E-04     0.362833E-04     0.281413E-04     0.277681E-04
  0.195353E-04     0.349942E-04     0.323161E-04     0.322306E-04     0.280266E-04
  0.312172E-04     0.359723E-04     0.289178E-04     0.281258E-04     0.273409E-04
  0.295268E-04     0.252833E-04     0.321694E-04     0.296169E-04     0.445543E-04
  0.280803E-04     0.349752E-04     0.301956E-04     0.239377E-04     0.275933E-04
  0.262310E-04     0.184184E-04     0.335630E-04     0.313986E-04     0.392056E-04
  0.310316E-04     0.260792E-04     0.353781E-04     0.384579E-04     0.223415E-04
  0.313558E-04     0.227749E-04     0.211700E-04     0.243857E-04     0.281738E-04
  0.294835E-04     0.344344E-04     0.309006E-04     0.269000E-04     0.298336E-04
  0.301717E-04     0.267056E-04     0.471448E-04     0.455032E-04     0.183749E-04
  0.182038E-04     0.228152E-04     0.178960E-04     0.198679E-04     0.144756E-04
  0.210267E-04     0.281852E-04     0.210181E-04     0.214910E-04     0.249092E-04
  0.218703E-04     0.201068E-04     0.231704E-04     0.241550E-04     0.232727E-04
  0.194142E-04     0.224876E-04     0.234565E-04     0.208139E-04     0.214903E-04
  0.247790E-04     0.259007E-04     0.208747E-04     0.221586E-04     0.221137E-04
  0.263133E-04     0.228621E-04     0.243247E-04     0.197400E-04     0.301072E-04
  0.254757E-04     0.207417E-04     0.324728E-04     0.227211E-04     0.308953E-04
  0.180360E-04     0.192468E-04     0.278482E-04     0.200730E-04     0.332427E-04
  0.295084E-04     0.317212E-04     0.335725E-04     0.202844E-04     0.309343E-04
  0.201036E-04     0.234947E-04     0.266351E-04     0.220779E-04     0.284096E-04
  0.201633E-04     0.192557E-04     0.277964E-04     0.174411E-04     0.320583E-04
  0.278595E-04     0.250132E-04     0.165133E-04     0.257335E-04     0.293630E-04
  0.326920E-04     0.206072E-04     0.193219E-04     0.195072E-04     0.252154E-04
  0.191505E-04     0.205455E-04     0.183898E-04     0.222462E-04     0.259444E-04
  0.204366E-04     0.246630E-04     0.185495E-04     0.212747E-04     0.193552E-04
  0.231094E-04     0.237722E-04     0.149520E-04     0.223828E-04     0.259893E-04
  0.267006E-04     0.215587E-04     0.197598E-04     0.246547E-04     0.204450E-04
  0.280809E-04     0.250886E-04     0.220747E-04     0.216882E-04     0.253077E-04
  0.200710E-04     0.196773E-04     0.229503E-04     0.233018E-04     0.183711E-04
  0.217900E-04     0.218027E-04     0.160075E-04     0.209038E-04     0.224165E-04
  0.196683E-04     0.193236E-04     0.238962E-04     0.217147E-04     0.213598E-04
  0.212371E-04     0.209302E-04     0.263986E-04     0.343422E-04     0.250064E-04
  0.209232E-04     0.290699E-04     0.277103E-04     0.233165E-04     0.227042E-04
  0.188299E-04     0.211217E-04     0.210540E-04     0.240843E-04     0.227547E-04
  0.227961E-04     0.239641E-04     0.211620E-04     0.209140E-04     0.207357E-04
  0.201788E-04     0.217288E-04     0.217622E-04     0.223903E-04     0.235172E-04
  0.242166E-04     0.231341E-04     0.254338E-04     0.197564E-04     0.187641E-04
  0.232360E-04     0.237934E-04     0.209898E-04     0.254148E-04     0.259189E-04
  0.247544E-04     0.230852E-04     0.231166E-04     0.251646E-04     0.333011E-04
  0.210910E-04     0.201631E-04     0.208431E-04     0.242215E-04     0.236298E-04
  0.227304E-04     0.214246E-04     0.231654E-04     0.225123E-04     0.240836E-04
  0.247959E-04     0.222355E-04     0.220622E-04     0.250483E-04     0.200189E-04
  0.192112E-04     0.246445E-04     0.221072E-04     0.218083E-04     0.198504E-04
  0.206800E-04     0.219685E-04     0.218173E-04     0.273235E-04     0.212777E-04
  0.282503E-04     0.256829E-04     0.259459E-04     0.211600E-04     0.295138E-04
  0.302584E-04     0.207008E-04     0.244579E-04     0.248700E-04     0.273777E-04
  0.251098E-04     0.241333E-04     0.273340E-04     0.246003E-04     0.268719E-04
  0.239450E-04     0.263103E-04     0.297973E-04     0.231945E-04     0.298117E-04
  0.262780E-04     0.365649E-04     0.228503E-04     0.316889E-04     0.307605E-04
  0.276670E-04     0.248521E-04     0.255422E-04     0.267683E-04     0.241713E-04
  0.270638E-04     0.284790E-04     0.237898E-04     0.263591E-04     0.292300E-04
  0.316519E-04     0.271545E-04     0.284628E-04     0.237879E-04     0.267059E-04
  0.257606E-04     0.267761E-04     0.248616E-04     0.240615E-04     0.296148E-04
  0.268887E-04     0.218142E-04     0.301464E-04     0.281489E-04     0.276162E-04
  0.270932E-04     0.254005E-04     0.234094E-04     0.270459E-04     0.264860E-04
  0.271202E-04     0.275531E-04     0.245518E-04     0.286115E-04     0.281407E-04
  0.250604E-04     0.309687E-04     0.292015E-04     0.318514E-04     0.297870E-04
  0.296938E-04     0.291563E-04     0.273208E-04     0.264709E-04     0.278855E-04
  0.277288E-04     0.296496E-04     0.267181E-04     0.281403E-04     0.248131E-04
  0.265604E-04     0.278373E-04     0.301387E-04     0.311627E-04     0.292382E-04
  0.303397E-04     0.295524E-04     0.297833E-04     0.254958E-04     0.313469E-04
  0.283673E-04     0.249458E-04     0.289385E-04     0.300007E-04     0.280347E-04
  0.281224E-04     0.265324E-04     0.320874E-04     0.323271E-04     0.361893E-04
  0.319790E-04     0.429216E-04     0.453583E-04     0.285577E-04     0.334347E-04
  0.334748E-04     0.321632E-04     0.309763E-04     0.299986E-04     0.304640E-04
  0.292697E-04     0.300277E-04     0.277983E-04     0.341302E-04     0.261303E-04
  0.298070E-04     0.374745E-04     0.347016E-04     0.331169E-04     0.328362E-04
  0.293466E-04     0.309118E-04     0.344362E-04     0.308146E-04     0.315379E-04
  0.383037E-04     0.305723E-04     0.352617E-04     0.304465E-04     0.320928E-04
  0.365403E-04     0.332731E-04     0.308665E-04     0.361244E-04     0.317060E-04
  0.343673E-04     0.330463E-04     0.354428E-04     0.334754E-04     0.308294E-04
  0.283883E-04     0.321401E-04     0.329769E-04     0.336236E-04     0.295123E-04
  0.296570E-04     0.313299E-04     0.370381E-04     0.300735E-04     0.309254E-04
  0.272243E-04     0.281931E-04     0.348492E-04     0.360036E-04     0.307417E-04
  0.325303E-04     0.301059E-04     0.336884E-04     0.271284E-04     0.348606E-04
  0.367036E-04     0.283551E-04     0.300711E-04     0.288266E-04     0.352784E-04
  0.315926E-04     0.283054E-04     0.393079E-04     0.313130E-04     0.280896E-04
  0.308450E-04     0.249425E-04     0.371774E-04     0.286928E-04     0.294014E-04
  0.336131E-04     0.353157E-04     0.402074E-04     0.269430E-04     0.398960E-04
  0.361515E-04     0.220020E-04     0.513720E-04     0.307642E-04     0.269239E-04
  0.281137E-04     0.269785E-04     0.323802E-04     0.511308E-04     0.418668E-04
  0.392257E-04     0.279628E-04     0.294296E-04     0.256805E-04     0.377224E-04
  0.274568E-04     0.272979E-04     0.377454E-04     0.340624E-04     0.307742E-04
  0.262479E-04     0.393816E-04     0.398891E-04     0.373377E-04     0.406324E-04
  0.280174E-04     0.289310E-04     0.333617E-04     0.328792E-04     0.351538E-04
  0.443166E-04     0.354940E-04     0.333519E-04     0.354135E-04     0.474570E-04
  0.300106E-04     0.324724E-04     0.458422E-04     0.320950E-04     0.343878E-04
  0.428540E-04     0.470306E-04     0.368980E-04     0.581587E-04     0.398091E-04
  0.330040E-04     0.353096E-04     0.602414E-04     0.442611E-04     0.357647E-04
  0.393557E-04     0.477749E-04     0.325500E-04     0.545107E-04     0.433088E-04
  0.364905E-04     0.427171E-04     0.378330E-04     0.311558E-04     0.356906E-04
  0.446021E-04     0.416825E-04     0.369760E-04     0.475714E-04     0.552268E-04
  0.377100E-04     0.362399E-04     0.319871E-04     0.369757E-04     0.492046E-04
  0.374328E-04     0.461017E-04     0.477454E-04     0.491097E-04     0.462216E-04
  0.417412E-04     0.390808E-04     0.450339E-04     0.429906E-04     0.505580E-04
  0.369449E-04     0.351462E-04     0.495086E-04     0.486217E-04     0.332865E-04
  0.308920E-04     0.290695E-04     0.452307E-04     0.460694E-04     0.463199E-04
  0.487926E-04     0.431553E-04     0.798126E-04     0.338235E-04     0.351326E-04
  0.295076E-04     0.250471E-04     0.282239E-04     0.364920E-04     0.285685E-04
  0.339162E-04     0.286316E-04     0.514528E-04     0.522163E-04     0.300572E-04
  0.503585E-04     0.658724E-04     0.552023E-04     0.279055E-04     0.362183E-04
  0.452053E-04     0.538287E-04     0.276158E-04     0.277706E-04     0.327077E-04
  0.304536E-04     0.420160E-04     0.414833E-04     0.253110E-04     0.341513E-04
  0.280388E-04     0.330658E-04     0.287268E-04     0.340726E-04     0.252286E-04
  0.374370E-04     0.317027E-04     0.381479E-04     0.469818E-04     0.343415E-04
  0.393383E-04     0.424660E-04     0.474838E-04     0.205393E-04     0.538317E-04
  0.393869E-04     0.426763E-04     0.361581E-04     0.286090E-04     0.292734E-04
  0.851765E-04     0.153917E-03     0.105650E-03     0.113751E-03     0.223119E-03
  0.181075E-03     0.241579E-03     0.166962E-03     0.237247E-03     0.385476E-03
  0.161187E-03     0.377673E-03     0.587240E-03     0.567116E-03     0.610390E-03
  0.688223E-03     0.908524E-03     0.725548E-03     0.636877E-03     0.110019E-02
  0.148520E-02     0.762707E-03     0.221478E-02     0.828021E-03     0.210627E-02
  0.160561E-02     0.126537E-02     0.255515E-02     0.147727E-02     0.215578E-02
  0.199439E-02     0.188411E-02     0.434215E-02     0.221673E-02     0.425802E-02
  0.181853E-02     0.390998E-02     0.352444E-02     0.330358E-02     0.343781E-02
  0.680788E-02     0.462725E-02     0.346986E-02     0.311472E-02     0.601391E-02
  0.541618E-02     0.597751E-02     0.417228E-02     0.104337E-01     0.818196E-02
  0.793694E-02     0.973871E-02     0.716133E-02     0.124032E-01     0.991007E-02
  0.799446E-02     0.115224E-01     0.149108E-01
 eigen energies, in eV 
    -44.362105       -44.328123       -44.318583       -44.289232       -43.891065
    -28.293336       -28.215871       -28.045192       -28.028005       -28.019992
    -27.938658       -27.908044       -27.895836       -27.890231       -27.887050
    -27.853806       -27.809966       -27.809609       -27.783208       -27.776559
    -27.705118       -27.670591       -27.656896       -27.652374       -27.602155
    -27.542996       -27.539678       -27.535017       -27.528161       -27.526191
    -27.510696       -27.501016       -27.488575       -27.437376       -27.421519
    -27.389036       -27.378264       -27.360929       -27.343725       -27.337476
    -27.320610       -27.298756       -27.283354       -27.235929       -27.226813
    -27.159371       -27.131171       -27.115231       -27.109318       -27.091289
    -27.074249       -27.056911       -27.045492       -27.016871       -26.994443
    -26.972578       -26.964317       -26.943177       -26.941624       -26.897647
    -26.825667       -26.801353       -26.748798       -26.734079       -26.718759
    -26.687498       -26.681316       -26.624243       -26.602943       -26.582253
    -26.494548       -26.474168       -26.423640       -26.423276       -26.342311
    -26.273094       -26.203711       -26.202545       -26.198326       -26.197698
    -26.186706       -26.159864       -26.146148       -26.144638       -26.122116
    -26.085793       -26.075796       -26.036057       -25.985944       -25.978852
    -25.976019       -25.970560       -25.923095       -25.916171       -25.907288
    -25.899849       -25.853737       -25.841871       -25.828633       -25.811127
    -25.776026       -25.768527       -25.755792       -25.745427       -25.741707
    -25.726750       -25.696457       -25.690226       -25.682606       -25.678766
    -25.673898       -25.662433       -25.625537       -25.541489       -25.533742
    -25.522033       -25.507251       -25.482298       -25.476558       -25.466986
    -25.465631       -25.455322       -25.440184       -25.439611       -25.409682
    -25.402001       -25.397505       -25.344506       -25.298400       -25.290068
    -25.282620       -25.265707       -25.262199       -25.196544       -25.175480
    -23.908948       -23.720202       -23.670054       -23.557676       -23.504410
    -23.477189       -23.432459       -23.426691       -23.425653       -23.394197
    -23.348306       -23.335353       -23.304372       -23.288815       -23.284759
    -23.200045       -23.197276       -23.187714       -23.177262       -23.146475
    -23.142504       -23.093483       -23.056489       -23.006778       -23.001427
    -22.974237       -22.973543       -22.920403       -22.896035       -22.893326
    -22.855871       -22.823563       -22.815449       -22.589294       -22.321988
    -21.782760       -21.699242       -21.440740       -21.346380       -21.288988
    -21.251290       -21.216169       -21.200669       -21.171254       -21.166035
    -21.093435       -21.071107       -21.069438       -21.040315       -20.999596
    -20.930392       -20.869461       -20.785354       -20.761979       -20.573193
    -18.474967       -18.379107       -18.293983       -18.180043       -18.065194
    -16.393575       -16.287689       -16.144074       -16.142944       -16.122131
    -16.108369       -16.066511       -15.986837       -15.911769       -15.845823
    -15.836351       -15.807683       -15.778194       -15.703930       -15.496916
    -15.079222       -15.073239       -15.021085       -14.961657       -14.860484
    -14.821438       -14.765810       -14.748963       -14.720096       -14.699346
    -14.684729       -14.669754       -14.641882       -14.631197       -14.602604
    -14.600444       -14.565688       -14.521807       -14.508583       -14.443491
    -14.417171       -14.385805       -14.339035       -14.231108       -14.187862
    -13.668647       -13.665010       -13.654326       -13.635662       -13.627586
    -13.583510       -13.552650       -13.530028       -13.487890       -13.463941
    -13.455506       -13.441557       -13.434257       -13.429856       -13.408115
    -13.392668       -13.389870       -13.388599       -13.365735       -13.357227
    -13.348101       -13.318402       -13.237293       -13.230978       -13.220638
    -13.218831       -13.180385       -13.176088       -13.079938       -12.817217
    -12.135591       -12.083275       -12.065035       -12.043259       -12.017887
    -12.014953       -11.983291       -11.964357       -11.919852       -11.895645
    -11.853456       -11.827613       -11.780859       -11.767019       -11.684982
    -11.675336       -11.585750       -11.524050       -11.515361       -11.489600
    -11.486140       -11.457315       -11.407697       -11.394892       -11.367711
    -11.340602       -11.277980       -11.239756       -11.234955       -11.181680
    -11.153249       -11.098173       -11.077989       -11.068565       -11.028781
    -11.013690       -10.969254       -10.931986       -10.894423       -10.839699
    -10.766327       -10.691397       -10.645047       -10.598572       -10.592923
    -10.576143       -10.506120       -10.484752       -10.476908       -10.471982
    -10.463329       -10.446896       -10.398585       -10.371519       -10.364266
    -10.342311       -10.330836       -10.327052       -10.313152       -10.289769
    -10.289334       -10.278136       -10.259014       -10.256860       -10.251845
    -10.246036       -10.240557       -10.225808       -10.216785       -10.190070
    -10.185950       -10.167557       -10.160581       -10.147644       -10.117339
    -10.114238       -10.082151       -10.073552       -10.072266       -10.047853
    -10.029111       -10.018077        -9.975944        -9.966587        -9.948964
     -9.933909        -9.929517        -9.920990        -9.907680        -9.898386
     -9.896865        -9.882156        -9.881691        -9.864640        -9.848263
     -9.836290        -9.820765        -9.795519        -9.788839        -9.784423
     -9.756427        -9.732939        -9.721997        -9.699522        -9.686784
     -9.680917        -9.674686        -9.658448        -9.654884        -9.638123
     -9.634341        -9.601933        -9.592146        -9.586145        -9.579236
     -9.569000        -9.557786        -9.555333        -9.533738        -9.523743
     -9.518018        -9.510366        -9.501758        -9.495477        -9.464947
     -9.447714        -9.422816        -9.393542        -9.377056        -9.367535
     -9.360396        -9.348722        -9.335659        -9.316535        -9.302186
     -9.292157        -9.285186        -9.276372        -9.252979        -9.224612
     -9.211243        -9.204185        -9.199805        -9.193537        -9.178648
     -9.166149        -9.127620        -9.122041        -9.111899        -9.096755
     -9.089783        -9.077504        -9.068221        -9.052681        -9.045589
     -9.036435        -9.029657        -9.020934        -8.986231        -8.980758
     -8.980186        -8.968644        -8.952866        -8.936897        -8.927744
     -8.909120        -8.901653        -8.875025        -8.869913        -8.860690
     -8.842038        -8.831547        -8.819152        -8.808589        -8.781368
     -8.768907        -8.764158        -8.751293        -8.746177        -8.728785
     -8.724706        -8.711492        -8.697991        -8.694052        -8.678432
     -8.663488        -8.644673        -8.628347        -8.621205        -8.597178
     -8.585185        -8.577086        -8.568392        -8.559301        -8.486105
     -8.469989        -8.451944        -8.430425        -8.406491        -8.400455
     -8.395043        -8.375413        -8.350532        -8.346859        -8.323599
     -8.310886        -8.300474        -8.291258        -8.280723        -8.265262
     -8.235692        -8.231375        -8.219459        -8.213061        -8.202744
     -8.149140        -8.115432        -8.097114        -8.073349        -8.032981
     -8.002779        -7.994848        -7.945750        -7.914796        -7.904860
     -7.894888        -7.880504        -7.839485        -7.832737        -7.820782
     -7.811803        -7.789392        -7.775064        -7.757138        -7.725874
     -7.713643        -7.706133        -7.696321        -7.649316        -7.622371
     -7.575620        -7.571722        -7.548885        -7.522695        -7.486684
     -7.472268        -7.461513        -7.456229        -7.447118        -7.402106
     -7.377956        -7.355501        -7.335518        -7.313832        -7.295240
     -7.289273        -7.261831        -7.239553        -7.232024        -7.149083
     -7.133316        -7.117972        -7.107707        -7.100544        -7.096182
     -7.065534        -7.048541        -7.017422        -7.015413        -7.004663
     -6.993130        -6.976868        -6.958042        -6.950065        -6.937117
     -6.923731        -6.883675        -6.853446        -6.843844        -6.825457
     -6.794701        -6.793214        -6.755593        -6.744326        -6.727493
     -6.720796        -6.714505        -6.705041        -6.695867        -6.678895
     -6.647817        -6.641239        -6.636231        -6.608492        -6.594171
     -6.573872        -6.558616        -6.553485        -6.545158        -6.534792
     -6.521235        -6.491038        -6.483153        -6.474756        -6.448576
     -6.434147        -6.423310        -6.411146        -6.404144        -6.399879
     -6.377016        -6.362315        -6.355366        -6.348597        -6.335450
     -6.318207        -6.308525        -6.299908        -6.294695        -6.291968
     -6.275558        -6.266696        -6.262398        -6.249737        -6.241759
     -6.241156        -6.230385        -6.220270        -6.217604        -6.205988
     -6.193866        -6.189500        -6.177098        -6.159943        -6.156820
     -6.148112        -6.134275        -6.116010        -6.102964        -6.100404
     -6.094259        -6.088865        -6.083145        -6.064442        -6.058212
     -6.055873        -6.051105        -6.037462        -6.029426        -6.024704
     -6.021652        -6.005914        -6.002836        -5.996157        -5.991363
     -5.980907        -5.971242        -5.964305        -5.958991        -5.954044
     -5.934856        -5.923244        -5.917396        -5.907233        -5.904599
     -5.895903        -5.888430        -5.882196        -5.864902        -5.853698
     -5.845368        -5.828605        -5.825123        -5.812806        -5.803600
     -5.797555        -5.790569        -5.787766        -5.786676        -5.775293
     -5.769927        -5.768338        -5.763972        -5.754947        -5.752056
     -5.741460        -5.735567        -5.718396        -5.706964        -5.700621
     -5.698604        -5.684391        -5.676247        -5.669989        -5.665917
     -5.652657        -5.649413        -5.632866        -5.621531        -5.619000
     -5.608603        -5.603106        -5.592354        -5.590302        -5.584075
     -5.577064        -5.576690        -5.563903        -5.557648        -5.549224
     -5.534592        -5.533177        -5.529695        -5.520724        -5.515321
     -5.507152        -5.505169        -5.498442        -5.494558        -5.491139
     -5.483129        -5.482244        -5.477520        -5.471893        -5.456023
     -5.452670        -5.443864        -5.441816        -5.430047        -5.421099
     -5.414996        -5.412424        -5.405765        -5.400724        -5.396054
     -5.394284        -5.389667        -5.380948        -5.367803        -5.364994
     -5.359955        -5.355729        -5.347354        -5.343940        -5.338862
     -5.336254        -5.333098        -5.322836        -5.318982        -5.310474
     -5.307543        -5.293474        -5.289869        -5.279129        -5.273717
     -5.262524        -5.259548        -5.246536        -5.242529        -5.234757
     -5.229046        -5.226703        -5.220167        -5.214200        -5.209040
     -5.201521        -5.190693        -5.182627        -5.180701        -5.179035
     -5.171035        -5.167704        -5.158775        -5.154343        -5.139439
     -5.128806        -5.128284        -5.125827        -5.117829        -5.110984
     -5.096645        -5.091100        -5.087472        -5.086303        -5.080293
     -5.075418        -5.064651        -5.063156        -5.062040        -5.056402
     -5.046742        -5.039718        -5.035204        -5.032290        -5.025104
     -5.022731        -5.017967        -5.014512        -4.999351        -4.989918
     -4.985723        -4.982053        -4.976369        -4.969672        -4.966678
     -4.960816        -4.957194        -4.951553        -4.945931        -4.936423
     -4.930409        -4.920726        -4.917839        -4.906487        -4.901569
     -4.890603        -4.889666        -4.884202        -4.881781        -4.877319
     -4.869710        -4.862347        -4.860581        -4.851670        -4.848202
     -4.845954        -4.837416        -4.823490        -4.820066        -4.813404
     -4.812425        -4.809297        -4.799335        -4.790328        -4.774627
     -4.770383        -4.765055        -4.757221        -4.748932        -4.744686
     -4.729652        -4.727353        -4.723923        -4.715293        -4.701140
     -4.697132        -4.693906        -4.691979        -4.683421        -4.675716
     -4.672018        -4.669466        -4.656722        -4.654684        -4.629567
     -4.624598        -4.610746        -4.593565        -4.585741        -4.568066
     -4.566603        -4.549232        -4.541797        -4.536906        -4.524291
     -4.512468        -4.493918        -4.487866        -4.477798        -4.471499
     -4.459856        -4.440734        -4.429821        -4.416293        -4.411306
     -4.392800        -4.369577        -4.354702        -4.319274        -4.307711
     -4.302976        -4.299724        -4.278066        -4.253520        -4.248922
     -4.202508        -4.193708        -4.149539        -4.141242        -4.139543
     -4.104864        -4.065834        -4.042365        -4.030346        -3.981633
     -3.973034        -3.967662        -3.943994        -3.934581        -3.927688
     -3.903929        -3.896448        -3.880924        -3.836555        -3.831280
     -3.822366        -3.819354        -3.806886        -3.770419        -3.768234
     -3.748813        -3.736130        -3.734495        -3.705326        -3.698074
     -3.691832        -3.688273        -3.660364        -3.649176        -3.631555
     -3.623935        -3.618556        -3.604298        -3.590648        -3.567944
     -3.559782        -3.550740        -3.546053        -3.524644        -3.520218
     -3.516494        -3.509577        -3.488816        -3.462225        -3.454166
     -3.447496        -3.441404        -3.438910        -3.423558        -3.415447
     -3.404435        -3.399956        -3.391590        -3.382664        -3.375220
     -3.367366        -3.365230        -3.351257        -3.321918        -3.311399
     -3.297141        -3.292279        -3.262923        -3.256257        -3.248350
     -3.236850        -3.229409        -3.225321        -3.209562        -3.202331
     -3.181373        -3.169910        -3.132591        -3.092969        -3.054475
     -3.037912        -3.027425        -3.002721        -2.988129        -2.929552
     -2.873887        -2.837304        -2.832710        -2.800351        -2.779074
     -2.748749        -2.718279        -2.683313        -2.667092        -2.641107
     -2.634818        -2.628556        -2.603849        -2.599250        -2.572454
     -2.536190        -2.514302        -2.501788        -2.491746        -2.445463
     -2.435392        -2.299536        -2.297618        -2.296499        -2.278969
     -2.263756        -2.248127        -2.219661        -2.196334        -2.177615
     -2.144376        -2.075115        -2.026340        -1.970020        -1.811241
      2.774600         2.793373         2.879823         2.929449         3.018922
      3.048591         3.118618         3.160950         3.210271         3.257732
      3.265802         3.326171         3.373748         3.399425         3.426899
      3.486680         3.543286         3.569148         3.583966         3.643786
      3.673534         3.689348         3.716863         3.737093         3.768120
      3.784763         3.814151         3.834249         3.839257         3.873897
      3.911840         3.916892         3.927489         3.967052         3.969160
      3.999467         4.016981         4.032613         4.039548         4.053560
      4.076253         4.111827         4.131931         4.141005         4.155184
      4.171677         4.199552         4.226286         4.239471         4.279035
      4.289850         4.312984         4.344300         4.353601         4.401328
      4.436065         4.465951         4.516198
 *********************************
 total computation time (sec)=   1996.69758200645     
