 AEM_Eatom=  6.980688503741863E-003
 AEM_Egroup=  1.268191358987681E-003
 AEM_Etot=  1.195673631314949E-002
 AEM_F=  0.505898389630005     
