 AEM_Eatom=  8.018185274592100E-003
 AEM_Egroup=  1.676731573604062E-003
 AEM_Etot=  9.200932122094119E-004
 AEM_F=  0.501042815935803     
