 AEM_Eatom=  7.650829874009707E-002
 AEM_Egroup=  6.269519899128279E-003
 AEM_Etot=  1.317588791196059E-002
 AEM_F=  0.629949619548184     
