 AEM_Eatom=  3.773777667373897E-002
 AEM_Egroup=  2.140314142988777E-003
 AEM_Etot=  6.690903851350743E-004
 AEM_F=  0.502322860606823     
