 AEM_Eatom=  5.751858673998272E-002
 AEM_Egroup=  3.236193552424667E-003
 AEM_Etot=  1.872682342299072E-003
 AEM_F=  0.850748497769536     
