 AEM_Eatom=  0.164425309331089     
 AEM_Egroup=  3.098441890999771E-002
 AEM_Etot=  1.249593723949279E-002
 AEM_F=  0.728853435387722     
