 AEM_Eatom=  7.033571153928788E-003
 AEM_Egroup=  1.027380908145683E-003
 AEM_Etot=  8.786144660642306E-004
 AEM_F=  0.501230778870684     
