 AEM_Eatom=  1.854669940206564E-002
 AEM_Egroup=  1.642555682801758E-003
 AEM_Etot=  5.322255337580339E-004
 AEM_F=  0.506350341454408     
