 AEM_Eatom=  4.697499688169814E-003
 AEM_Egroup=  7.443563943160261E-004
 AEM_Etot=  2.718616296057686E-003
 AEM_F=  0.502258733345961     
