 AEM_Eatom=  1.448858784749766E-002
 AEM_Egroup=  2.298431112950301E-003
 AEM_Etot=  2.765729656270709E-003
 AEM_F=  0.516068473718889     
