 AEM_Eatom=  1.388371281980667E-003
 AEM_Egroup=  1.027706868379268E-004
 AEM_Etot=  4.423980113237955E-004
 AEM_F=  0.500276692510081     
