 AEM_Eatom=  4.526880028087674E-002
 AEM_Egroup=  2.874338611275579E-003
 AEM_Etot=  1.076083769295542E-003
 AEM_F=  0.503664640225090     
