 AEM_Eatom=  0.199387686236492     
 AEM_Egroup=  2.263511216619008E-002
 AEM_Etot=  1.522633611512455E-002
 AEM_F=   1.25329562704414     
