 AEM_Eatom=  5.797853384192599E-002
 AEM_Egroup=  4.421785044641638E-003
 AEM_Etot=  2.197426733752247E-003
 AEM_F=  0.526584270069553     
