 AEM_Eatom=  0.510165200931886     
 AEM_Egroup=  3.781276207344907E-002
 AEM_Etot=  6.899874523111931E-003
 AEM_F=   1.31281485888174     
