 AEM_Eatom=  3.585556617959428E-002
 AEM_Egroup=  1.482233628969276E-003
 AEM_Etot=  1.270305602374619E-003
 AEM_F=  0.503634580398385     
