 AEM_Eatom=  1.479079077123964E-002
 AEM_Egroup=  1.020399053608345E-003
 AEM_Etot=  5.522671787048660E-004
 AEM_F=  0.505843610898479     
