 AEM_Eatom=  4.061041002916048E-003
 AEM_Egroup=  6.430570427229161E-004
 AEM_Etot=  4.281618587227350E-004
 AEM_F=  0.500800810215734     
