 AEM_Eatom=  8.541412794261749E-002
 AEM_Egroup=  1.018132112302796E-002
 AEM_Etot=  1.445927471694514E-002
 AEM_F=  0.906736852886103     
