 AEM_Eatom=  4.266476442566812E-002
 AEM_Egroup=  4.296589502398450E-003
 AEM_Etot=  2.627648537328901E-003
 AEM_F=  0.546796964081210     
