 AEM_Eatom=  1.224297933101769E-002
 AEM_Egroup=  1.761667063200288E-003
 AEM_Etot=  5.616781087766779E-004
 AEM_F=  0.501076262060494     
