 AEM_Eatom=  5.476487474813484E-002
 AEM_Egroup=  8.399707739600618E-003
 AEM_Etot=  9.846791491993282E-003
 AEM_F=  0.515590496914210     
