           4           1
 PRECISION  = SINGLE     
 JOB       = SCF
 IN.PSP1   = /home/sabs/shenjie/Pseudopotential/Li.nc.pbe.UPF
 IN.PSP2   = /home/sabs/shenjie/Pseudopotential/C.nc.pbe.UPF
 IN.PSP3   = /home/sabs/shenjie/Pseudopotential/O.nc.pbe.UPF
 IN.PSP4   = /home/sabs/shenjie/Pseudopotential/N.nc.pbe.UPF
 IN.PSP5   = /home/sabs/shenjie/Pseudopotential/S.nc.pbe.UPF
 IN.PSP6   = /home/sabs/shenjie/Pseudopotential/F.nc.pbe.UPF
 IN.PSP7   = /home/sabs/shenjie/Pseudopotential/H.nc.pbe.UPF
 IN.PSP8   = /home/sabs/shenjie/Pseudopotential/P.nc.pbe.UPF
 IN.ATOM   = atom.config         
 CONVERGENCE  = EASY
 ACCURACY  = NORM
 VFF_DETAIL =   1   500  0.50000000E-02     30.00000     4.00000     0.00000     1.00000  
 EGG_DETAIL =            3           3           3
 SPIN      =   1
 CONSTRAINT_MAG =           0
 RANDOM_SEED=           0
 QIJ_DETAIL =   0  1
 SCF_MIX = CHARGE
 PWSCF_OUTPUT     =  F
 Ecut      =    60.0000000000000     
 Ecut2     =    120.000000000000     
 Ecut2L    =    120.000000000000     
 EcutP    =    60.0000000000000     
 N123      =   120   120   120
 NS123     =    40    40    40
 N123L     =   120   120   120
 STRESS_CORR =   0.100000E+01  0.000000E+00  0.200000E+01  0.000000E+00
 XCFUNCTIONAL = LDA
 HSE_DETAIL    =      1.00000000    1     0.00000000    6 1 1
 RELAX_HSE    =    20   0.50000E-01     2
 VDW       = NONE
 LONDON_S6      =   0.000000000000000E+000
 LONDON_C6(1)      =   -1.00000000000000     
 LONDON_C6(2)      =   -1.00000000000000     
 LONDON_C6(3)      =   -1.00000000000000     
 LONDON_C6(4)      =   -1.00000000000000     
 LONDON_C6(5)      =   -1.00000000000000     
 LONDON_C6(6)      =   -1.00000000000000     
 LONDON_C6(7)      =   -1.00000000000000     
 LONDON_C6(8)      =   -1.00000000000000     
 LONDON_RCUT      =   0.000000000000000E+000
 DFTD3_S6        =   0.000000000000000E+000
 DFTD3_RS6        =   0.000000000000000E+000
 DFTD3_S18        =   0.000000000000000E+000
 DFTD3_RS18        =   0.000000000000000E+000
 DFTD3_ALPHA6        =   0.000000000000000E+000
 DFTD3_VERSION        =            0
 DFTD3_3BODY        =  F
 COULOMB   =    0
 IN.WG     =  F
 OUT.WG    =  F
 IN.RHO    =  F
 OUT.RHOATOM =  F
 OUT.RHO   =  F
 IN.VR     =  F
 OUT.VR    =  F
 OUT.ELF   =  F
 IN.VEXT   =  F
 OUT.VATOM   =  F
 OUT.FORCE =  T
 OUT.STRESS =  F
 IN.KPT    =  F
 IN.SYMM   =  F
 SYMM_PREC =    0.10000E-04
 MP_N123 =      1      1      1      0      0      0      0
 NUM_KPT =            1
 CHARGE_DECOMP = F
 ENERGY_DECOMP = F 
 IN.SOLVENT =  F
 NUM_ELECTRON =   1940.00000000000     
 FIX_FERMI =   F  0.000000E+00  0.000000E+00  0.000000E+00
 IN.NONSCF    =  F
 NUM_BAND  =  1028
 OUT.REAL.RHOWF_SP= 0
 WG_ERROR  =   1.000000000000000E-004
 E_ERROR   =   5.279008887880000E-003
 RHO_ERROR =   5.000000000000000E-005
 RHO_RELATIVE_ERROR      =   0.000000000000000E+000
 FORCE_RELATIVE_ERROR     =   0.000000000000000E+000
 MIN_SCF_ITER     =            1
 SYS_TYPE   =            1
 PULAY_MIX_OPT =     30  1  0       1.00000       0.00000
 PULAY_METRIC_Q0 =       -1.00000
 IN.OCC    =  F          -1
 IN.CC    =  F
 IN.OCC_ADIA    =  F
 SCF_ITER0_1 =    6   4    3    0.0000     0.02500    1
 SCF_ITER0_2 =   94   4    3    1.0000     0.02500    1
 SCF_ITER1_1 =   40   4    3    1.0000     0.02500    1
 NONLOCAL  =  2
 IN.A_FIELD =  F       0.00000       0.00000       0.00000
 RCUT      =    4.00000000000000     
 IN.PSP_RCUT1 =   4.00000000000000     
 IN.PSP_RCUT2 =   4.00000000000000     
 IN.PSP_RCUT3 =   4.00000000000000     
 IN.PSP_RCUT4 =   4.00000000000000     
 IN.PSP_RCUT5 =   4.00000000000000     
 IN.PSP_RCUT6 =   4.00000000000000     
 IN.PSP_RCUT7 =   4.00000000000000     
 IN.PSP_RCUT8 =   4.00000000000000     
 MD_VV_SCALE =    100
 LDAU_PSP1   =           -1  2.721138638331097E-009  2.721138638331097E-009  eV
 LDAU_PSP2   =           -1  2.721138638331097E-009  2.721138638331097E-009  eV
 LDAU_PSP3   =           -1  2.721138638331097E-009  2.721138638331097E-009  eV
 LDAU_PSP4   =           -1  2.721138638331097E-009  2.721138638331097E-009  eV
 LDAU_PSP5   =           -1  2.721138638331097E-009  2.721138638331097E-009  eV
 LDAU_PSP6   =           -1  2.721138638331097E-009  2.721138638331097E-009  eV
 LDAU_PSP7   =           -1  2.721138638331097E-009  2.721138638331097E-009  eV
 LDAU_PSP8   =           -1  2.721138638331097E-009  2.721138638331097E-009  eV
 NUM_BLOCKED_PSI=  F
 WF_STORE2DISK  =            0
 NUM_DOS_GRID =         4000
 NMAP_MAX =        50000
 KERK_AMIN =   0.300000000000000     
 KERK_AMIX =   0.400000000000000     
 KERK_AMIX_MAG =   0.800000000000000     
 KERK_BMIX =   0.500000000000000     
 LDAU_MIX =   0.700000000000000     
 PULAY_WEIGHT_SPIN =    1.00000000000000     
 PULAY_WEIGHT_NS =    1.00000000000000     
 OUT.MLMD    =  F
 NUM_MPI_PER_GPU =     1
 FLAG_CYLINDER =            0
 SET_OUT_FERMI_POS =  F           0
 E_FINITE =  F   0.00000E+00   0.00000E+00   0.00000E+00
 MLINE_EIGEN =      1
 
 ------------------------------------------------
 total number of K-point:           1
   0.00000     0.00000    0.00000     1.00000            
 ------------------------------------------------
 
 
 *********************************************
 *********** end of etot.input report ********
 minimum n1,n2,n3 from Ecut2
     118.970      119.148      119.089
 minimum n1L,n2L,n3L from Ecut2L
     118.970      119.148      119.089
 *********************************************
 
 
Weighted average num_of_PW for all kpoint=                       312673.000
 ************************************
 E_Hxc(eV)         50545.2339698235     
 E_ion(eV)        -221720.682824045     
 E_Coul(eV)        78820.5804417886     
 E_Hxc+E_ion(eV)  -171175.448854222     
 NONSCF     1          AVE_STATE_ERROR= 0.5919E+01
 NONSCF     2          AVE_STATE_ERROR= 0.1629E+01
 NONSCF     3          AVE_STATE_ERROR= 0.5052E+00
 NONSCF     4          AVE_STATE_ERROR= 0.9373E-01
 NONSCF     5          AVE_STATE_ERROR= 0.1564E-01
 NONSCF     6          AVE_STATE_ERROR= 0.3055E-02
 iter=   7   ave_lin=  4.0  iCGmth=   3
 Ef(eV)               = -.1438104E+01
 err of ug            = 0.1197E-02
 dv_ave, drho_tot     = 0.0000E+00 0.1231E+00
 E_tot(eV)            = -.13305254989219E+06    -.1331E+06
 -------------------------------------------
 iter=   8   ave_lin=  4.0  iCGmth=   3
 Ef(eV)               = -.1479253E+01
 err of ug            = 0.1075E-01
 dv_ave, drho_tot     = 0.1728E-01 0.7109E-01
 E_tot(eV)            = -.13294583866690E+06    0.1067E+03
 -------------------------------------------
 iter=   9   ave_lin=  4.0  iCGmth=   3
 Ef(eV)               = -.9534933E+00
 err of ug            = 0.6692E-02
 dv_ave, drho_tot     = 0.1383E-01 0.3041E-01
 E_tot(eV)            = -.13291276361360E+06    0.3308E+02
 -------------------------------------------
 iter=  10   ave_lin=  4.0  iCGmth=   3
 Ef(eV)               = -.8764204E+00
 err of ug            = 0.2094E-02
 dv_ave, drho_tot     = 0.6933E-02 0.1071E-01
 E_tot(eV)            = -.13290739484140E+06    0.5369E+01
 -------------------------------------------
 iter=  11   ave_lin=  4.0  iCGmth=   3
 Ef(eV)               = -.8510095E+00
 err of ug            = 0.5523E-03
 dv_ave, drho_tot     = 0.3075E-02 0.6020E-02
 E_tot(eV)            = -.13290671636339E+06    0.6785E+00
 -------------------------------------------
 iter=  12   ave_lin=  4.0  iCGmth=   3
 Ef(eV)               = -.8232832E+00
 err of ug            = 0.3088E-03
 dv_ave, drho_tot     = 0.3534E-02 0.3695E-02
 E_tot(eV)            = -.13290619342411E+06    0.5229E+00
 -------------------------------------------
 iter=  13   ave_lin=  4.0  iCGmth=   3
 Ef(eV)               = 0.1098345E+01
 err of ug            = 0.3582E-03
 dv_ave, drho_tot     = 0.4122E-02 0.2862E-02
 E_tot(eV)            = -.13290568231786E+06    0.5111E+00
 -------------------------------------------
 iter=  14   ave_lin=  4.0  iCGmth=   3
 Ef(eV)               = 0.1004105E+01
 err of ug            = 0.3328E-03
 dv_ave, drho_tot     = 0.5556E-02 0.2269E-02
 E_tot(eV)            = -.13290522403074E+06    0.4583E+00
 -------------------------------------------
 iter=  15   ave_lin=  4.0  iCGmth=   3
 Ef(eV)               = 0.1201888E+01
 err of ug            = 0.3545E-03
 dv_ave, drho_tot     = 0.6409E-02 0.1815E-02
 E_tot(eV)            = -.13290489518759E+06    0.3288E+00
 -------------------------------------------
 iter=  16   ave_lin=  4.0  iCGmth=   3
 Ef(eV)               = 0.1303859E+01
 err of ug            = 0.2626E-03
 dv_ave, drho_tot     = 0.4344E-02 0.1381E-02
 E_tot(eV)            = -.13290481285964E+06    0.8233E-01
 -------------------------------------------
 iter=  17   ave_lin=  4.0  iCGmth=   3
 Ef(eV)               = 0.1564316E+01
 err of ug            = 0.1993E-03
 dv_ave, drho_tot     = 0.3693E-02 0.1069E-02
 E_tot(eV)            = -.13290478359228E+06    0.2927E-01
 -------------------------------------------
 iter=  18   ave_lin=  4.0  iCGmth=   3
 Ef(eV)               = 0.1648795E+01
 err of ug            = 0.1291E-03
 dv_ave, drho_tot     = 0.2880E-02 0.7935E-03
 E_tot(eV)            = -.13290476810442E+06    0.1549E-01
 -------------------------------------------
 iter=  19   ave_lin=  4.0  iCGmth=   3
 Ef(eV)               = 0.1726316E+01
 err of ug            = 0.1095E-03
 dv_ave, drho_tot     = 0.2467E-02 0.6044E-03
 E_tot(eV)            = -.13290475084374E+06    0.1726E-01
 -------------------------------------------
 iter=  20   ave_lin=  4.0  iCGmth=   3
 Ef(eV)               = 0.1809606E+01
 err of ug            = 0.9502E-04
 dv_ave, drho_tot     = 0.2310E-02 0.4557E-03
 E_tot(eV)            = -.13290473823047E+06    0.1261E-01
 -------------------------------------------
 iter=  21   ave_lin=  4.0  iCGmth=   3
 Ef(eV)               = 0.1833675E+01
 err of ug            = 0.6374E-04
 dv_ave, drho_tot     = 0.1044E-02 0.3805E-03
 E_tot(eV)            = -.13290473059124E+06    0.7639E-02
 -------------------------------------------
 iter=  22   ave_lin=  4.0  iCGmth=   3
 Ef(eV)               = 0.1793680E+01
 err of ug            = 0.6731E-04
 dv_ave, drho_tot     = 0.1112E-02 0.3090E-03
 E_tot(eV)            = -.13290472386774E+06    0.6723E-02
 -------------------------------------------
 iter=  23   ave_lin=  4.0  iCGmth=   3
 Ef(eV)               = 0.1752493E+01
 err of ug            = 0.5398E-04
 dv_ave, drho_tot     = 0.8699E-03 0.2461E-03
 E_tot(eV)            = -.13290472050977E+06    0.3358E-02
 -------------------------------------------
 E_Fermi(eV)=   1.75249264786272     
 ---------------------------------------------------
 Ef(eV)               = 0.1752493E+01
 dvE, dvE(n)-dvE(n-1) = 0.7567E-06 -.4801E-06
 dv_ave, drho_tot     = 0.8699E-03 0.2461E-03
 err of ug            = 0.5398E-04
 ---------------------------------------------------
 ending_scf_reason = tol Etot_err  5.279008887880000E-003
 Ewald        = -.41375378250913E+05
 Alpha        = 0.15207970391171E+04
 E_extV       = 0.00000000000000E+00    0.0000E+00
 E_NSC        = -.21434409730720E+05    0.6801E+00
 E[-rho*V_Hxc]= -.12338021190384E+06    -.6767E+00
 E_Hxc        = 0.51764482336593E+05    0.6914E+00
 -TS          = -.97030748805876E-12    0.6099E-11
 E_tot(eV)    = -.13290472050977E+06    0.3358E-02
 E_tot(Ryd)   = -.97683168664826E+04    0.1234E-03
 ---------------------------------------------------
 ---------------------------------------------------
 occup for:      kpt=1,spin=1,m=(totN/2-2,totN/2+2)
   1.000    1.000    1.000    0.000    0.000
 eigen(eV) for:  kpt=1,spin=1,m=(totN/2-2,totN/2+2)
  -1.942   -1.871   -1.794    2.453    2.723
 ---------------------------------------------------
 ---------------------------------------------------
 E_Hart,E_xc,E_ion =0.80563030696938E+05  -.28798548360344E+05  -.22420030127079E+06
 E_Hxc+E_ion       =-.17243581893420E+06
 E_kin+E_nonloc    =0.79385679636228E+05
 E_rhoVext,E_IVext     =0.00000000000000E+00  0.00000000000000E+00
 E_psiV,E_dDrho =-.10082035819784E+06  0.00000000000000E+00
 ave(vtot):v0 =-.76964554921880E+01
 ave(V_ion_s(or p,d))=ave(V_Hatree)=0; ave(Vtot)=ave(V_xc)=v0
 ---------------------------------------------------
 *********************************
 Eigen energies are values after setting ave(Vtot)=0
 For Vtot=V_ion+V_Hartree+V_xc, and
 ave(V_ion+V_Hatree)=0, ave(V_xc).ne.0:  E=E+v0
 *********************************
iislda,kpt=   1,    1      0.000000     0.000000     0.000000             kpoint in xyz unit 
 err of each states, A.U
  0.220672E-03     0.300046E-03     0.126896E-03     0.261882E-04     0.220490E-04
  0.348879E-04     0.113743E-03     0.227187E-04     0.301820E-04     0.321372E-04
  0.219583E-04     0.331842E-04     0.939396E-04     0.142429E-04     0.185544E-04
  0.310279E-04     0.250806E-04     0.358368E-04     0.120950E-04     0.151450E-04
  0.172978E-04     0.147380E-04     0.350328E-04     0.252018E-04     0.267604E-04
  0.133620E-04     0.370714E-04     0.285172E-04     0.176303E-04     0.175118E-04
  0.147742E-04     0.168394E-04     0.137975E-04     0.192867E-04     0.145582E-04
  0.134159E-04     0.161158E-04     0.175045E-04     0.156603E-04     0.318489E-04
  0.140088E-04     0.659451E-04     0.249550E-04     0.140909E-04     0.144213E-04
  0.341958E-04     0.344520E-04     0.420366E-04     0.138137E-04     0.269649E-04
  0.222260E-04     0.190610E-04     0.625950E-04     0.201734E-04     0.172676E-04
  0.193725E-04     0.420666E-04     0.335663E-04     0.177080E-04     0.199346E-04
  0.164025E-04     0.224587E-04     0.617273E-04     0.187872E-04     0.248461E-04
  0.171530E-04     0.183876E-04     0.189631E-04     0.204866E-04     0.436183E-04
  0.179596E-04     0.272772E-04     0.140514E-04     0.129783E-04     0.316729E-04
  0.217940E-04     0.608383E-04     0.423885E-04     0.148713E-04     0.115521E-04
  0.197913E-04     0.175518E-04     0.117434E-04     0.132248E-04     0.833215E-04
  0.265498E-04     0.169234E-04     0.129116E-04     0.178313E-04     0.117420E-04
  0.379151E-04     0.126068E-04     0.136606E-04     0.230898E-04     0.118354E-04
  0.107598E-04     0.113436E-04     0.191901E-04     0.144324E-04     0.132653E-04
  0.225489E-04     0.137017E-04     0.110200E-04     0.119929E-04     0.137536E-04
  0.146087E-04     0.843694E-04     0.225440E-04     0.173629E-04     0.127797E-04
  0.159657E-04     0.113819E-04     0.148823E-04     0.153923E-04     0.121580E-04
  0.111416E-04     0.113391E-04     0.154087E-04     0.156568E-04     0.138929E-04
  0.118917E-04     0.554250E-04     0.286379E-04     0.168171E-04     0.269951E-04
  0.140602E-04     0.135509E-04     0.136832E-04     0.178449E-04     0.368692E-04
  0.187782E-04     0.158109E-04     0.147759E-04     0.149296E-04     0.117578E-04
  0.163677E-04     0.317866E-04     0.474632E-04     0.261890E-04     0.400160E-04
  0.299047E-04     0.157686E-04     0.144631E-04     0.158685E-04     0.452243E-04
  0.165267E-04     0.120945E-04     0.228119E-04     0.255465E-04     0.143146E-04
  0.217502E-04     0.286846E-04     0.133249E-04     0.178158E-04     0.102327E-03
  0.111717E-04     0.921428E-04     0.203915E-04     0.116609E-04     0.146659E-04
  0.462046E-04     0.115836E-04     0.287205E-04     0.344948E-04     0.118911E-04
  0.237525E-04     0.198654E-04     0.162742E-04     0.106546E-04     0.105076E-03
  0.410260E-04     0.936417E-05     0.357843E-04     0.215580E-04     0.179037E-04
  0.141023E-04     0.129486E-04     0.196001E-04     0.249362E-04     0.140012E-04
  0.138465E-04     0.104854E-04     0.144770E-04     0.144900E-04     0.240376E-04
  0.972201E-05     0.192915E-04     0.167246E-04     0.189157E-04     0.115530E-04
  0.140280E-04     0.204762E-04     0.286652E-04     0.100073E-04     0.304459E-04
  0.169606E-04     0.134023E-04     0.156837E-04     0.190733E-04     0.199628E-04
  0.116801E-04     0.120742E-04     0.113903E-04     0.207460E-04     0.158039E-04
  0.124230E-04     0.245424E-04     0.330173E-04     0.141875E-04     0.139560E-04
  0.273218E-04     0.138502E-04     0.140359E-04     0.195823E-04     0.143024E-04
  0.228479E-04     0.277423E-04     0.205020E-04     0.155753E-04     0.207825E-04
  0.177709E-04     0.165386E-04     0.137734E-04     0.183271E-04     0.171681E-04
  0.222087E-04     0.148224E-04     0.135025E-04     0.135449E-04     0.112697E-04
  0.117944E-04     0.212702E-04     0.132762E-04     0.192130E-04     0.134982E-04
  0.122208E-04     0.138075E-04     0.151371E-04     0.146016E-04     0.205629E-04
  0.135892E-04     0.128693E-04     0.212966E-04     0.115940E-04     0.153765E-04
  0.199632E-04     0.218460E-04     0.184025E-04     0.145538E-04     0.166572E-04
  0.163939E-04     0.236424E-04     0.164607E-04     0.131089E-04     0.128330E-04
  0.122185E-04     0.221533E-04     0.167069E-04     0.121651E-04     0.172572E-04
  0.148433E-04     0.155264E-04     0.218444E-04     0.148725E-04     0.176883E-04
  0.184153E-04     0.257743E-04     0.147720E-04     0.166730E-04     0.249400E-04
  0.179314E-04     0.242223E-04     0.173427E-04     0.166192E-04     0.163239E-04
  0.162796E-04     0.221642E-04     0.161097E-04     0.233951E-04     0.345518E-04
  0.215977E-04     0.221480E-04     0.223349E-04     0.274354E-04     0.228043E-04
  0.180934E-04     0.169404E-04     0.294608E-04     0.210776E-04     0.149183E-04
  0.345015E-04     0.213064E-04     0.185052E-04     0.231462E-04     0.194175E-04
  0.187796E-04     0.245061E-04     0.153278E-04     0.239035E-04     0.220081E-04
  0.207153E-04     0.216937E-04     0.147757E-04     0.185554E-04     0.155866E-04
  0.169118E-04     0.251702E-04     0.189892E-04     0.217576E-04     0.271068E-04
  0.249844E-04     0.406879E-04     0.211996E-04     0.211025E-04     0.188406E-04
  0.156763E-04     0.288586E-04     0.260456E-04     0.241021E-04     0.196753E-04
  0.205359E-04     0.246818E-04     0.258158E-04     0.233053E-04     0.257382E-04
  0.287556E-04     0.373246E-04     0.253912E-04     0.264670E-04     0.214170E-04
  0.232143E-04     0.225146E-04     0.242956E-04     0.255735E-04     0.259346E-04
  0.268657E-04     0.235362E-04     0.282271E-04     0.234696E-04     0.115545E-04
  0.211444E-04     0.203302E-04     0.289477E-04     0.198569E-04     0.286399E-04
  0.189606E-04     0.239531E-04     0.249128E-04     0.249915E-04     0.260823E-04
  0.283809E-04     0.258095E-04     0.255686E-04     0.248761E-04     0.210778E-04
  0.207605E-04     0.224572E-04     0.165429E-04     0.226277E-04     0.245159E-04
  0.231186E-04     0.230781E-04     0.290396E-04     0.275600E-04     0.260439E-04
  0.159845E-04     0.214606E-04     0.215830E-04     0.200782E-04     0.174002E-04
  0.277666E-04     0.285558E-04     0.299446E-04     0.254885E-04     0.256400E-04
  0.231854E-04     0.267739E-04     0.215467E-04     0.181625E-04     0.266260E-04
  0.145282E-04     0.172828E-04     0.180420E-04     0.365118E-04     0.242792E-04
  0.269329E-04     0.236929E-04     0.331320E-04     0.219131E-04     0.271440E-04
  0.217845E-04     0.261437E-04     0.303012E-04     0.294750E-04     0.226513E-04
  0.247528E-04     0.192624E-04     0.228403E-04     0.376306E-04     0.306867E-04
  0.187261E-04     0.290462E-04     0.240501E-04     0.286710E-04     0.217808E-04
  0.248922E-04     0.244304E-04     0.260107E-04     0.392421E-04     0.317527E-04
  0.390192E-04     0.268419E-04     0.266417E-04     0.268670E-04     0.205269E-04
  0.279411E-04     0.309809E-04     0.185607E-04     0.336918E-04     0.267061E-04
  0.230610E-04     0.270870E-04     0.285917E-04     0.273089E-04     0.345841E-04
  0.313949E-04     0.269421E-04     0.372369E-04     0.335897E-04     0.300026E-04
  0.284751E-04     0.337191E-04     0.253776E-04     0.358778E-04     0.277713E-04
  0.292744E-04     0.234176E-04     0.295908E-04     0.329240E-04     0.289505E-04
  0.204978E-04     0.287846E-04     0.240025E-04     0.375324E-04     0.411101E-04
  0.249056E-04     0.272527E-04     0.369250E-04     0.319279E-04     0.466696E-04
  0.281018E-04     0.340424E-04     0.199191E-04     0.248441E-04     0.238331E-04
  0.299723E-04     0.264371E-04     0.278062E-04     0.249488E-04     0.210515E-04
  0.204110E-04     0.231883E-04     0.234727E-04     0.354970E-04     0.310733E-04
  0.346845E-04     0.428097E-04     0.293304E-04     0.180140E-04     0.259773E-04
  0.208594E-04     0.237445E-04     0.150039E-04     0.202235E-04     0.284994E-04
  0.252813E-04     0.264316E-04     0.182975E-04     0.342479E-04     0.316202E-04
  0.349955E-04     0.246107E-04     0.318546E-04     0.412394E-04     0.228169E-04
  0.297034E-04     0.270718E-04     0.186271E-04     0.251447E-04     0.219719E-04
  0.178595E-04     0.172453E-04     0.176760E-04     0.199351E-04     0.174344E-04
  0.126034E-04     0.168268E-04     0.165957E-04     0.192303E-04     0.223144E-04
  0.188807E-04     0.181296E-04     0.202213E-04     0.221957E-04     0.199396E-04
  0.216516E-04     0.176590E-04     0.191098E-04     0.223355E-04     0.203711E-04
  0.202165E-04     0.170395E-04     0.212680E-04     0.244640E-04     0.290820E-04
  0.230885E-04     0.228271E-04     0.247815E-04     0.266012E-04     0.234317E-04
  0.316441E-04     0.199201E-04     0.233303E-04     0.256753E-04     0.245449E-04
  0.185457E-04     0.279446E-04     0.175102E-04     0.272738E-04     0.334625E-04
  0.284190E-04     0.300245E-04     0.214612E-04     0.190882E-04     0.238100E-04
  0.270604E-04     0.242438E-04     0.283493E-04     0.174887E-04     0.234664E-04
  0.233007E-04     0.239349E-04     0.230484E-04     0.179873E-04     0.203574E-04
  0.274496E-04     0.178787E-04     0.243847E-04     0.238771E-04     0.257848E-04
  0.254391E-04     0.218864E-04     0.267938E-04     0.230306E-04     0.206304E-04
  0.228698E-04     0.195676E-04     0.182269E-04     0.253860E-04     0.315107E-04
  0.183117E-04     0.237068E-04     0.256301E-04     0.226434E-04     0.216747E-04
  0.188479E-04     0.229859E-04     0.282234E-04     0.232395E-04     0.198980E-04
  0.228305E-04     0.214236E-04     0.242183E-04     0.220266E-04     0.250472E-04
  0.199241E-04     0.245892E-04     0.224644E-04     0.299236E-04     0.298175E-04
  0.186205E-04     0.252082E-04     0.208814E-04     0.205576E-04     0.222821E-04
  0.156102E-04     0.218069E-04     0.247470E-04     0.160947E-04     0.216477E-04
  0.222993E-04     0.171938E-04     0.228042E-04     0.224676E-04     0.231398E-04
  0.226259E-04     0.221245E-04     0.282841E-04     0.232208E-04     0.215281E-04
  0.213347E-04     0.222098E-04     0.230714E-04     0.212460E-04     0.222278E-04
  0.203254E-04     0.230272E-04     0.196217E-04     0.221566E-04     0.228759E-04
  0.204503E-04     0.225257E-04     0.227032E-04     0.318260E-04     0.199084E-04
  0.203161E-04     0.221227E-04     0.200976E-04     0.237324E-04     0.174581E-04
  0.317995E-04     0.299198E-04     0.187491E-04     0.234502E-04     0.289010E-04
  0.214639E-04     0.297183E-04     0.245238E-04     0.245762E-04     0.185513E-04
  0.256810E-04     0.205541E-04     0.190316E-04     0.211689E-04     0.193877E-04
  0.195199E-04     0.179987E-04     0.280474E-04     0.220340E-04     0.234580E-04
  0.217249E-04     0.222304E-04     0.217925E-04     0.218570E-04     0.246713E-04
  0.243709E-04     0.241103E-04     0.244505E-04     0.269903E-04     0.201735E-04
  0.226575E-04     0.256132E-04     0.239047E-04     0.226276E-04     0.266023E-04
  0.241381E-04     0.194216E-04     0.235359E-04     0.208377E-04     0.247445E-04
  0.268443E-04     0.205611E-04     0.230345E-04     0.241100E-04     0.281336E-04
  0.276522E-04     0.273771E-04     0.244440E-04     0.235377E-04     0.240545E-04
  0.228252E-04     0.247261E-04     0.264875E-04     0.239661E-04     0.280459E-04
  0.250320E-04     0.248422E-04     0.293977E-04     0.234130E-04     0.269339E-04
  0.244362E-04     0.301545E-04     0.286144E-04     0.249216E-04     0.284186E-04
  0.314330E-04     0.326893E-04     0.224322E-04     0.283311E-04     0.244081E-04
  0.297114E-04     0.268364E-04     0.268930E-04     0.241792E-04     0.278354E-04
  0.262554E-04     0.251227E-04     0.284067E-04     0.270160E-04     0.285871E-04
  0.257002E-04     0.273967E-04     0.237929E-04     0.245141E-04     0.278924E-04
  0.290121E-04     0.280517E-04     0.314904E-04     0.235055E-04     0.271864E-04
  0.283361E-04     0.278185E-04     0.318465E-04     0.295003E-04     0.300276E-04
  0.297629E-04     0.315551E-04     0.277594E-04     0.335886E-04     0.298758E-04
  0.325175E-04     0.301668E-04     0.337003E-04     0.316924E-04     0.273370E-04
  0.352700E-04     0.289569E-04     0.273664E-04     0.339339E-04     0.295853E-04
  0.305778E-04     0.327009E-04     0.280217E-04     0.269650E-04     0.356217E-04
  0.299530E-04     0.317309E-04     0.374973E-04     0.294940E-04     0.286319E-04
  0.341474E-04     0.326190E-04     0.286528E-04     0.281191E-04     0.243831E-04
  0.276695E-04     0.289184E-04     0.299700E-04     0.317744E-04     0.346394E-04
  0.350693E-04     0.333598E-04     0.291729E-04     0.289202E-04     0.259539E-04
  0.281633E-04     0.366075E-04     0.358036E-04     0.346114E-04     0.312886E-04
  0.413529E-04     0.348120E-04     0.444891E-04     0.267645E-04     0.229268E-04
  0.284806E-04     0.320195E-04     0.314382E-04     0.307160E-04     0.330857E-04
  0.325613E-04     0.366774E-04     0.329221E-04     0.341132E-04     0.311889E-04
  0.399997E-04     0.362010E-04     0.384552E-04     0.364589E-04     0.316932E-04
  0.307827E-04     0.319165E-04     0.295266E-04     0.248682E-04     0.367535E-04
  0.298459E-04     0.344996E-04     0.321732E-04     0.338127E-04     0.347615E-04
  0.255095E-04     0.313890E-04     0.260746E-04     0.328988E-04     0.354452E-04
  0.351245E-04     0.333253E-04     0.286288E-04     0.255121E-04     0.344101E-04
  0.290687E-04     0.244130E-04     0.329676E-04     0.214196E-04     0.224739E-04
  0.269308E-04     0.247041E-04     0.227572E-04     0.241695E-04     0.311840E-04
  0.262506E-04     0.282940E-04     0.293349E-04     0.220237E-04     0.267472E-04
  0.249727E-04     0.413355E-04     0.332169E-04     0.332886E-04     0.304699E-04
  0.262408E-04     0.323007E-04     0.330750E-04     0.266388E-04     0.426399E-04
  0.322552E-04     0.299992E-04     0.405297E-04     0.392939E-04     0.317260E-04
  0.299366E-04     0.340692E-04     0.379197E-04     0.326879E-04     0.474135E-04
  0.515172E-04     0.300016E-04     0.389514E-04     0.306226E-04     0.319737E-04
  0.397685E-04     0.459432E-04     0.266508E-04     0.274236E-04     0.286645E-04
  0.304813E-04     0.260755E-04     0.293125E-04     0.252262E-04     0.285206E-04
  0.309722E-04     0.328645E-04     0.281077E-04     0.279180E-04     0.352852E-04
  0.395005E-04     0.247658E-04     0.273630E-04     0.279453E-04     0.259180E-04
  0.274089E-04     0.302422E-04     0.316704E-04     0.266181E-04     0.298698E-04
  0.500140E-04     0.488692E-04     0.368529E-04     0.302666E-04     0.365212E-04
  0.457833E-04     0.475362E-04     0.328231E-04     0.391120E-04     0.328353E-04
  0.346977E-04     0.463052E-04     0.271472E-04     0.580373E-04     0.466122E-04
  0.347024E-04     0.637231E-04     0.371836E-04     0.286001E-04     0.429508E-04
  0.335356E-04     0.659999E-04     0.368045E-04     0.446181E-04     0.468114E-04
  0.464295E-04     0.383101E-04     0.355245E-04     0.321248E-04     0.247197E-04
  0.222520E-04     0.525870E-04     0.325245E-04     0.254520E-04     0.496432E-04
  0.464608E-04     0.745037E-04     0.416261E-04     0.362907E-04     0.355376E-04
  0.355144E-04     0.325976E-04     0.419694E-04     0.354659E-04     0.323401E-04
  0.532581E-04     0.392732E-04     0.279456E-04     0.378259E-04     0.424871E-04
  0.522154E-04     0.237214E-04     0.484622E-04     0.320712E-04     0.413855E-04
  0.353027E-04     0.396248E-04     0.368150E-04     0.451299E-04     0.249649E-04
  0.355773E-04     0.463218E-04     0.272085E-04     0.373870E-04     0.660821E-04
  0.731018E-04     0.456086E-04     0.279676E-04     0.275774E-04     0.287664E-04
  0.344041E-04     0.425093E-04     0.302096E-04     0.437063E-04     0.399457E-04
  0.332503E-04     0.450521E-04     0.292316E-04     0.388960E-04     0.414859E-04
  0.355764E-04     0.281724E-04     0.240956E-04     0.336063E-04     0.303687E-04
  0.314044E-04     0.219636E-04     0.340117E-04     0.358788E-04     0.373013E-04
  0.472933E-04     0.420088E-04     0.443904E-04     0.332742E-04     0.430237E-04
  0.403261E-04     0.490738E-04     0.345119E-04     0.426479E-04     0.290093E-04
  0.219607E-04     0.345983E-04     0.288680E-04     0.442559E-04     0.238016E-04
  0.655560E-04     0.958438E-04     0.120683E-03     0.211869E-03     0.183878E-03
  0.114847E-03     0.158593E-03     0.176966E-03     0.268993E-03     0.240281E-03
  0.352814E-03     0.148508E-03     0.398176E-03     0.357299E-03     0.471095E-03
  0.660088E-03     0.595358E-03     0.735207E-03     0.769779E-03     0.799296E-03
  0.129565E-02     0.968913E-03     0.650873E-03     0.112719E-02     0.121628E-02
  0.102794E-02     0.130185E-02     0.785938E-03     0.144064E-02     0.186279E-02
  0.143778E-02     0.241889E-02     0.297117E-02     0.144626E-02     0.197788E-02
  0.208360E-02     0.181075E-02     0.306289E-02     0.148079E-02     0.270759E-02
  0.289540E-02     0.519429E-02     0.376028E-02     0.337496E-02     0.403195E-02
  0.362538E-02     0.343390E-02     0.421651E-02     0.801096E-02     0.818179E-02
  0.583125E-02     0.639231E-02     0.724632E-02     0.738005E-02     0.604044E-02
  0.885695E-02     0.122553E-01     0.144092E-01
 eigen energies, in eV 
    -44.594230       -44.513468       -44.390535       -44.094317       -43.986451
    -28.754090       -28.673660       -28.520105       -28.517648       -28.454353
    -28.443038       -28.436280       -28.404391       -28.326953       -28.288439
    -28.266027       -28.232680       -28.189394       -28.136291       -28.129218
    -28.090334       -28.053491       -28.042804       -28.018254       -27.982526
    -27.976822       -27.940711       -27.914184       -27.904216       -27.886159
    -27.876356       -27.867483       -27.863782       -27.845303       -27.838144
    -27.812493       -27.755137       -27.735484       -27.717730       -27.558778
    -27.533490       -27.514789       -27.500924       -27.494790       -27.449423
    -27.442135       -27.437545       -27.408183       -27.401149       -27.374110
    -27.330584       -27.312363       -27.304963       -27.304185       -27.289606
    -27.286456       -27.285907       -27.264644       -27.239736       -27.227966
    -27.208199       -27.190284       -27.145819       -27.125754       -27.108579
    -27.030092       -27.008530       -26.995085       -26.893658       -26.890158
    -26.880186       -26.752838       -26.651378       -26.631093       -26.630162
    -26.603372       -26.542391       -26.539524       -26.495565       -26.476478
    -26.470284       -26.432259       -26.363938       -26.340343       -26.316551
    -26.303648       -26.284959       -26.271787       -26.264951       -26.223300
    -26.204625       -26.091512       -26.076993       -26.074768       -26.061433
    -26.059803       -26.057972       -26.043465       -26.012488       -26.011453
    -25.977044       -25.973499       -25.929421       -25.918779       -25.917575
    -25.914936       -25.893496       -25.887638       -25.884519       -25.869487
    -25.840445       -25.828146       -25.825770       -25.808195       -25.805366
    -25.785809       -25.748006       -25.720685       -25.714647       -25.710708
    -25.669561       -25.664768       -25.638572       -25.536519       -25.479868
    -25.463489       -25.461286       -25.423036       -25.359827       -25.349295
    -25.322851       -25.212134       -25.098014       -25.000665       -24.976638
    -24.189076       -24.051344       -23.940834       -23.687524       -23.647541
    -23.639564       -23.443452       -23.441322       -23.386693       -23.333940
    -23.301438       -23.288187       -23.280022       -23.247200       -23.236849
    -23.214548       -23.144682       -23.136359       -23.099623       -23.020309
    -23.007724       -23.006709       -22.936523       -22.915547       -22.908104
    -22.887938       -22.813817       -22.657186       -22.633017       -22.624940
    -22.509993       -22.317204       -22.313747       -22.245311       -21.899429
    -21.832918       -21.622196       -21.540086       -21.380022       -21.368951
    -21.363159       -21.344263       -21.300305       -21.100487       -21.086953
    -21.055005       -21.032887       -21.010571       -20.985095       -20.932767
    -20.929784       -20.883645       -20.745399       -20.719995       -20.549970
    -18.536730       -18.367967       -18.155748       -18.098551       -18.097352
    -16.513717       -16.169674       -16.013464       -15.999023       -15.980972
    -15.962099       -15.939282       -15.863076       -15.755904       -15.730759
    -15.716279       -15.517597       -15.515378       -15.489349       -15.475597
    -15.380862       -15.354391       -15.100181       -15.081632       -15.053177
    -15.023712       -14.908660       -14.868222       -14.825076       -14.781848
    -14.774126       -14.720931       -14.624905       -14.577282       -14.533212
    -14.522480       -14.447516       -14.438703       -14.432753       -14.430403
    -14.404436       -14.327021       -14.285745       -14.261022       -14.204809
    -13.995222       -13.794473       -13.765511       -13.758481       -13.664869
    -13.599830       -13.573012       -13.539146       -13.469966       -13.439509
    -13.434619       -13.424467       -13.416165       -13.396637       -13.375096
    -13.364559       -13.360838       -13.344657       -13.323092       -13.302258
    -13.265356       -13.234318       -13.223401       -13.176980       -13.172480
    -13.161055       -13.159483       -13.145999       -12.940222       -12.767745
    -12.372840       -12.260597       -12.240997       -12.232380       -12.133316
    -12.030313       -11.964676       -11.930722       -11.926536       -11.903836
    -11.894850       -11.876285       -11.852860       -11.831210       -11.808823
    -11.683964       -11.678091       -11.653568       -11.639797       -11.603049
    -11.587915       -11.574632       -11.564679       -11.511865       -11.470869
    -11.449930       -11.442077       -11.434729       -11.421212       -11.411440
    -11.378828       -11.355965       -11.315778       -11.276669       -11.264437
    -11.264284       -11.136157       -10.922139       -10.871992       -10.866534
    -10.838814       -10.819891       -10.814129       -10.787980       -10.785768
    -10.765865       -10.747052       -10.665764       -10.631187       -10.615959
    -10.603702       -10.559662       -10.545295       -10.533915       -10.512315
    -10.498168       -10.471183       -10.461870       -10.447798       -10.445343
    -10.425717       -10.413150       -10.411175       -10.368534       -10.356203
    -10.353518       -10.339004       -10.330980       -10.298283       -10.287902
    -10.272451       -10.268219       -10.259900       -10.240219       -10.226257
    -10.211176       -10.186404       -10.178534       -10.175190       -10.166908
    -10.131207       -10.094353       -10.082658       -10.068792       -10.064505
    -10.059803       -10.049986       -10.047767       -10.033432       -10.026020
    -10.002897        -9.995082        -9.992178        -9.990620        -9.975609
     -9.970931        -9.952624        -9.948223        -9.929267        -9.912396
     -9.899571        -9.888132        -9.880813        -9.876216        -9.861041
     -9.837080        -9.826946        -9.808787        -9.805280        -9.802966
     -9.786266        -9.772831        -9.754657        -9.744827        -9.739649
     -9.712299        -9.692319        -9.690765        -9.634634        -9.633240
     -9.629587        -9.620927        -9.602744        -9.583665        -9.576645
     -9.557020        -9.547903        -9.547080        -9.539099        -9.536123
     -9.519743        -9.507245        -9.490862        -9.475048        -9.469842
     -9.426484        -9.394802        -9.387989        -9.368097        -9.361946
     -9.350495        -9.342330        -9.316110        -9.312922        -9.285861
     -9.278608        -9.266373        -9.262872        -9.256130        -9.221623
     -9.212676        -9.196499        -9.166898        -9.135594        -9.130813
     -9.122619        -9.118288        -9.103069        -9.091687        -9.073690
     -9.064450        -9.063372        -9.052556        -9.046142        -9.032331
     -9.019049        -8.987652        -8.980664        -8.967457        -8.956916
     -8.931277        -8.925052        -8.913600        -8.910551        -8.891575
     -8.851453        -8.845856        -8.842355        -8.836917        -8.828642
     -8.809102        -8.790778        -8.772561        -8.771396        -8.754833
     -8.748259        -8.725408        -8.723824        -8.705560        -8.699256
     -8.676121        -8.666516        -8.664142        -8.651714        -8.631539
     -8.622085        -8.595022        -8.586139        -8.581834        -8.547452
     -8.490895        -8.483276        -8.471494        -8.444503        -8.420749
     -8.386363        -8.374069        -8.347277        -8.326648        -8.305586
     -8.298442        -8.289499        -8.280024        -8.260493        -8.256776
     -8.255394        -8.236676        -8.211136        -8.173640        -8.145059
     -8.095970        -8.064491        -8.024536        -8.009139        -7.990556
     -7.970063        -7.956927        -7.926068        -7.895712        -7.843653
     -7.839099        -7.793364        -7.790600        -7.776136        -7.762045
     -7.758001        -7.748674        -7.743578        -7.726857        -7.684944
     -7.664291        -7.654279        -7.628656        -7.611278        -7.585778
     -7.555560        -7.468975        -7.460565        -7.410103        -7.399241
     -7.394979        -7.386669        -7.377912        -7.343811        -7.340344
     -7.319865        -7.288920        -7.269427        -7.248946        -7.241231
     -7.228017        -7.196552        -7.187780        -7.177511        -7.170160
     -7.143034        -7.135266        -7.130208        -7.105433        -7.098804
     -7.088294        -7.084999        -7.036362        -7.032000        -7.019387
     -7.011096        -7.008926        -6.994802        -6.941454        -6.903515
     -6.879628        -6.862794        -6.850143        -6.838856        -6.828286
     -6.820097        -6.805050        -6.800634        -6.784783        -6.764840
     -6.745985        -6.741381        -6.727322        -6.716692        -6.705466
     -6.696113        -6.693077        -6.684004        -6.677109        -6.668934
     -6.655263        -6.636249        -6.609946        -6.604255        -6.597602
     -6.588840        -6.557017        -6.541305        -6.516137        -6.513749
     -6.505023        -6.495782        -6.493082        -6.480397        -6.478823
     -6.469824        -6.455653        -6.444780        -6.441049        -6.428230
     -6.403858        -6.399137        -6.392351        -6.377210        -6.372214
     -6.358095        -6.352197        -6.343840        -6.320816        -6.319234
     -6.306230        -6.295168        -6.291588        -6.277672        -6.259137
     -6.249327        -6.248229        -6.238106        -6.214207        -6.210365
     -6.208291        -6.195117        -6.179817        -6.174267        -6.167355
     -6.150437        -6.145968        -6.136695        -6.132032        -6.116794
     -6.106961        -6.082549        -6.074760        -6.070412        -6.061253
     -6.044091        -6.040999        -6.036214        -6.030287        -6.017335
     -6.016168        -6.003149        -5.994036        -5.990429        -5.985314
     -5.971165        -5.967447        -5.961036        -5.956137        -5.953725
     -5.914547        -5.912749        -5.907207        -5.901028        -5.891808
     -5.879522        -5.875333        -5.867407        -5.864414        -5.858065
     -5.833834        -5.826585        -5.818935        -5.810586        -5.803310
     -5.793580        -5.784711        -5.775248        -5.773314        -5.769617
     -5.764240        -5.756793        -5.750008        -5.740780        -5.737583
     -5.732067        -5.728854        -5.720156        -5.710381        -5.706607
     -5.697333        -5.684872        -5.670511        -5.667521        -5.662855
     -5.657306        -5.648013        -5.638960        -5.636825        -5.631422
     -5.619355        -5.608317        -5.607196        -5.602703        -5.599248
     -5.596062        -5.590809        -5.582555        -5.571198        -5.559170
     -5.552915        -5.550310        -5.543606        -5.538340        -5.534201
     -5.524968        -5.517933        -5.512835        -5.511205        -5.507686
     -5.492397        -5.479250        -5.471819        -5.459341        -5.453962
     -5.445885        -5.434391        -5.432906        -5.427008        -5.424611
     -5.414175        -5.409796        -5.406095        -5.398378        -5.392079
     -5.386081        -5.375895        -5.369724        -5.353266        -5.344519
     -5.338062        -5.334611        -5.329576        -5.319066        -5.313203
     -5.306118        -5.300854        -5.285789        -5.276715        -5.272364
     -5.266449        -5.253494        -5.252173        -5.242802        -5.237257
     -5.236726        -5.225357        -5.222495        -5.218259        -5.214246
     -5.204961        -5.197511        -5.190195        -5.184211        -5.179460
     -5.175617        -5.166208        -5.162174        -5.155378        -5.147022
     -5.142036        -5.139412        -5.128898        -5.124654        -5.115755
     -5.114042        -5.109562        -5.104872        -5.094107        -5.092464
     -5.082274        -5.076195        -5.064486        -5.059415        -5.053545
     -5.051241        -5.042663        -5.040169        -5.027760        -5.020398
     -5.016161        -5.013091        -4.999832        -4.997045        -4.973749
     -4.968204        -4.954003        -4.948269        -4.942863        -4.936143
     -4.931236        -4.925368        -4.924018        -4.919273        -4.911047
     -4.899791        -4.894930        -4.891316        -4.884628        -4.876697
     -4.873194        -4.868140        -4.864659        -4.854254        -4.850892
     -4.847696        -4.843106        -4.838989        -4.829598        -4.821739
     -4.814266        -4.812239        -4.793057        -4.790214        -4.779846
     -4.775252        -4.773497        -4.762511        -4.744706        -4.741563
     -4.733918        -4.728720        -4.727620        -4.714310        -4.691335
     -4.680923        -4.672229        -4.668271        -4.654955        -4.649119
     -4.640342        -4.625975        -4.612537        -4.602659        -4.591490
     -4.580816        -4.557019        -4.552073        -4.545945        -4.529702
     -4.520169        -4.515949        -4.496356        -4.466359        -4.455615
     -4.445797        -4.431333        -4.421010        -4.406887        -4.384331
     -4.381031        -4.370060        -4.358312        -4.342163        -4.305496
     -4.281253        -4.276373        -4.268927        -4.251699        -4.250167
     -4.239946        -4.228947        -4.217617        -4.212784        -4.202188
     -4.199349        -4.187681        -4.150272        -4.123576        -4.105030
     -4.084995        -4.076729        -4.048138        -4.018259        -4.008184
     -4.001455        -3.900926        -3.897581        -3.890376        -3.865313
     -3.845084        -3.808787        -3.806455        -3.790580        -3.771486
     -3.761145        -3.735743        -3.729468        -3.718491        -3.711472
     -3.685590        -3.664554        -3.651414        -3.608015        -3.586499
     -3.584349        -3.567064        -3.547763        -3.537846        -3.536095
     -3.522177        -3.520054        -3.506468        -3.487207        -3.472880
     -3.471210        -3.466772        -3.436970        -3.421705        -3.416398
     -3.399285        -3.370528        -3.355392        -3.348643        -3.305819
     -3.303857        -3.299361        -3.289512        -3.276952        -3.270395
     -3.266831        -3.248057        -3.238903        -3.236571        -3.211389
     -3.206803        -3.203839        -3.199350        -3.192889        -3.167181
     -3.137138        -3.100467        -3.086475        -3.077374        -3.067272
     -3.060363        -3.050189        -3.038007        -3.024973        -3.001518
     -2.955790        -2.951591        -2.921019        -2.904159        -2.876985
     -2.862848        -2.861593        -2.832109        -2.810652        -2.790024
     -2.788946        -2.762794        -2.724608        -2.701461        -2.686825
     -2.667436        -2.631078        -2.630091        -2.620580        -2.620512
     -2.575838        -2.551126        -2.530347        -2.509447        -2.493165
     -2.449536        -2.439249        -2.404084        -2.349050        -2.327561
     -2.305226        -2.301740        -2.275622        -2.264741        -2.261128
     -2.204967        -2.188372        -2.157577        -2.063285        -2.043559
     -2.041697        -1.960360        -1.941626        -1.871442        -1.794019
      2.453341         2.722727         2.785767         2.856254         2.919057
      3.002944         3.091120         3.114043         3.186267         3.237006
      3.362145         3.407538         3.416397         3.485615         3.514294
      3.548295         3.576636         3.673737         3.678377         3.728600
      3.746962         3.793329         3.814228         3.851987         3.886241
      3.899642         3.917392         3.947190         3.973106         4.014062
      4.055879         4.076950         4.083552         4.097821         4.125411
      4.142234         4.169639         4.192409         4.201146         4.218324
      4.245396         4.263249         4.297905         4.313998         4.323778
      4.332236         4.351443         4.394070         4.415816         4.447735
      4.457358         4.500340         4.524260         4.542670         4.595439
      4.606928         4.636224         4.660468
 *********************************
 total computation time (sec)=   1996.41870713234     
