 AEM_Eatom=  1.481294088258487E-002
 AEM_Egroup=  1.021964634179217E-003
 AEM_Etot=  5.283190449057613E-004
 AEM_F=  0.505844928446930     
