 AEM_Eatom=  2.621795206039028E-002
 AEM_Egroup=  4.248356726093899E-003
 AEM_Etot=  7.759994281817133E-004
 AEM_F=  0.501570735589727     
