 AEM_Eatom=  0.228907914122721     
 AEM_Egroup=  2.885012426713319E-002
 AEM_Etot=  1.579992578527814E-002
 AEM_F=  0.723492797413250     
