 AEM_Eatom=  1.091105736390242E-002
 AEM_Egroup=  1.739539376857644E-003
 AEM_Etot=  9.143646137840316E-004
 AEM_F=  0.501837403074145     
