 AEM_Eatom=  1.348645147375932E-002
 AEM_Egroup=  9.835475735686743E-004
 AEM_Etot=  8.870309978891810E-004
 AEM_F=  0.502023634844603     
