 AEM_Eatom=  2.829704742465351E-002
 AEM_Egroup=  4.411689654720653E-003
 AEM_Etot=  1.886200151657216E-002
 AEM_F=  0.538234379347974     
