 AEM_Eatom=  9.999346086655526E-003
 AEM_Egroup=  8.602424484190131E-004
 AEM_Etot=  6.673514907359162E-003
 AEM_F=  0.511574762581850     
