 AEM_Eatom=  5.477764442613109E-003
 AEM_Egroup=  3.532825747990276E-004
 AEM_Etot=  9.076223244579296E-004
 AEM_F=  0.501347030526346     
