           4           1
 PRECISION  = SINGLE     
 JOB       = SCF
 IN.PSP1   = /home/sabs/shenjie/Pseudopotential/Li.nc.pbe.UPF
 IN.PSP2   = /home/sabs/shenjie/Pseudopotential/C.nc.pbe.UPF
 IN.PSP3   = /home/sabs/shenjie/Pseudopotential/O.nc.pbe.UPF
 IN.PSP4   = /home/sabs/shenjie/Pseudopotential/N.nc.pbe.UPF
 IN.PSP5   = /home/sabs/shenjie/Pseudopotential/S.nc.pbe.UPF
 IN.PSP6   = /home/sabs/shenjie/Pseudopotential/F.nc.pbe.UPF
 IN.PSP7   = /home/sabs/shenjie/Pseudopotential/H.nc.pbe.UPF
 IN.PSP8   = /home/sabs/shenjie/Pseudopotential/P.nc.pbe.UPF
 IN.ATOM   = atom.config         
 CONVERGENCE  = EASY
 ACCURACY  = NORM
 VFF_DETAIL =   1   500  0.50000000E-02     30.00000     4.00000     0.00000     1.00000  
 EGG_DETAIL =            3           3           3
 SPIN      =   1
 CONSTRAINT_MAG =           0
 RANDOM_SEED=           0
 QIJ_DETAIL =   0  1
 SCF_MIX = CHARGE
 PWSCF_OUTPUT     =  F
 Ecut      =    60.0000000000000     
 Ecut2     =    120.000000000000     
 Ecut2L    =    120.000000000000     
 EcutP    =    60.0000000000000     
 N123      =   120   120   120
 NS123     =    40    40    40
 N123L     =   120   120   120
 STRESS_CORR =   0.100000E+01  0.000000E+00  0.200000E+01  0.000000E+00
 XCFUNCTIONAL = LDA
 HSE_DETAIL    =      1.00000000    1     0.00000000    6 1 1
 RELAX_HSE    =    20   0.50000E-01     2
 VDW       = NONE
 LONDON_S6      =   0.000000000000000E+000
 LONDON_C6(1)      =   -1.00000000000000     
 LONDON_C6(2)      =   -1.00000000000000     
 LONDON_C6(3)      =   -1.00000000000000     
 LONDON_C6(4)      =   -1.00000000000000     
 LONDON_C6(5)      =   -1.00000000000000     
 LONDON_C6(6)      =   -1.00000000000000     
 LONDON_C6(7)      =   -1.00000000000000     
 LONDON_C6(8)      =   -1.00000000000000     
 LONDON_RCUT      =   0.000000000000000E+000
 DFTD3_S6        =   0.000000000000000E+000
 DFTD3_RS6        =   0.000000000000000E+000
 DFTD3_S18        =   0.000000000000000E+000
 DFTD3_RS18        =   0.000000000000000E+000
 DFTD3_ALPHA6        =   0.000000000000000E+000
 DFTD3_VERSION        =            0
 DFTD3_3BODY        =  F
 COULOMB   =    0
 IN.WG     =  F
 OUT.WG    =  F
 IN.RHO    =  F
 OUT.RHOATOM =  F
 OUT.RHO   =  F
 IN.VR     =  F
 OUT.VR    =  F
 OUT.ELF   =  F
 IN.VEXT   =  F
 OUT.VATOM   =  F
 OUT.FORCE =  T
 OUT.STRESS =  F
 IN.KPT    =  F
 IN.SYMM   =  F
 SYMM_PREC =    0.10000E-04
 MP_N123 =      1      1      1      0      0      0      0
 NUM_KPT =            1
 CHARGE_DECOMP = F
 ENERGY_DECOMP = F 
 IN.SOLVENT =  F
 NUM_ELECTRON =   1940.00000000000     
 FIX_FERMI =   F  0.000000E+00  0.000000E+00  0.000000E+00
 IN.NONSCF    =  F
 NUM_BAND  =  1028
 OUT.REAL.RHOWF_SP= 0
 WG_ERROR  =   1.000000000000000E-004
 E_ERROR   =   5.279008887880000E-003
 RHO_ERROR =   5.000000000000000E-005
 RHO_RELATIVE_ERROR      =   0.000000000000000E+000
 FORCE_RELATIVE_ERROR     =   0.000000000000000E+000
 MIN_SCF_ITER     =            1
 SYS_TYPE   =            1
 PULAY_MIX_OPT =     30  1  0       1.00000       0.00000
 PULAY_METRIC_Q0 =       -1.00000
 IN.OCC    =  F          -1
 IN.CC    =  F
 IN.OCC_ADIA    =  F
 SCF_ITER0_1 =    6   4    3    0.0000     0.02500    1
 SCF_ITER0_2 =   94   4    3    1.0000     0.02500    1
 SCF_ITER1_1 =   40   4    3    1.0000     0.02500    1
 NONLOCAL  =  2
 IN.A_FIELD =  F       0.00000       0.00000       0.00000
 RCUT      =    4.00000000000000     
 IN.PSP_RCUT1 =   4.00000000000000     
 IN.PSP_RCUT2 =   4.00000000000000     
 IN.PSP_RCUT3 =   4.00000000000000     
 IN.PSP_RCUT4 =   4.00000000000000     
 IN.PSP_RCUT5 =   4.00000000000000     
 IN.PSP_RCUT6 =   4.00000000000000     
 IN.PSP_RCUT7 =   4.00000000000000     
 IN.PSP_RCUT8 =   4.00000000000000     
 MD_VV_SCALE =    100
 LDAU_PSP1   =           -1  2.721138638331097E-009  2.721138638331097E-009  eV
 LDAU_PSP2   =           -1  2.721138638331097E-009  2.721138638331097E-009  eV
 LDAU_PSP3   =           -1  2.721138638331097E-009  2.721138638331097E-009  eV
 LDAU_PSP4   =           -1  2.721138638331097E-009  2.721138638331097E-009  eV
 LDAU_PSP5   =           -1  2.721138638331097E-009  2.721138638331097E-009  eV
 LDAU_PSP6   =           -1  2.721138638331097E-009  2.721138638331097E-009  eV
 LDAU_PSP7   =           -1  2.721138638331097E-009  2.721138638331097E-009  eV
 LDAU_PSP8   =           -1  2.721138638331097E-009  2.721138638331097E-009  eV
 NUM_BLOCKED_PSI=  F
 WF_STORE2DISK  =            0
 NUM_DOS_GRID =         4000
 NMAP_MAX =        50000
 KERK_AMIN =   0.300000000000000     
 KERK_AMIX =   0.400000000000000     
 KERK_AMIX_MAG =   0.800000000000000     
 KERK_BMIX =   0.500000000000000     
 LDAU_MIX =   0.700000000000000     
 PULAY_WEIGHT_SPIN =    1.00000000000000     
 PULAY_WEIGHT_NS =    1.00000000000000     
 OUT.MLMD    =  F
 NUM_MPI_PER_GPU =     1
 FLAG_CYLINDER =            0
 SET_OUT_FERMI_POS =  F           0
 E_FINITE =  F   0.00000E+00   0.00000E+00   0.00000E+00
 MLINE_EIGEN =      1
 
 ------------------------------------------------
 total number of K-point:           1
   0.00000     0.00000    0.00000     1.00000            
 ------------------------------------------------
 
 
 *********************************************
 *********** end of etot.input report ********
 minimum n1,n2,n3 from Ecut2
     118.970      119.148      119.089
 minimum n1L,n2L,n3L from Ecut2L
     118.970      119.148      119.089
 *********************************************
 
 
Weighted average num_of_PW for all kpoint=                       312673.000
 ************************************
 E_Hxc(eV)         49851.8508822825     
 E_ion(eV)        -220068.977759623     
 E_Coul(eV)        78093.0658558403     
 E_Hxc+E_ion(eV)  -170217.126877340     
 NONSCF     1          AVE_STATE_ERROR= 0.5918E+01
 NONSCF     2          AVE_STATE_ERROR= 0.1624E+01
 NONSCF     3          AVE_STATE_ERROR= 0.5005E+00
 NONSCF     4          AVE_STATE_ERROR= 0.9268E-01
 NONSCF     5          AVE_STATE_ERROR= 0.1563E-01
 NONSCF     6          AVE_STATE_ERROR= 0.3097E-02
 iter=   7   ave_lin=  4.0  iCGmth=   3
 Ef(eV)               = -.1289070E+01
 err of ug            = 0.1217E-02
 dv_ave, drho_tot     = 0.0000E+00 0.1230E+00
 E_tot(eV)            = -.13305043949709E+06    -.1331E+06
 -------------------------------------------
 iter=   8   ave_lin=  4.0  iCGmth=   3
 Ef(eV)               = 0.2548697E+00
 err of ug            = 0.1093E-01
 dv_ave, drho_tot     = 0.1721E-01 0.7088E-01
 E_tot(eV)            = -.13294386371820E+06    0.1066E+03
 -------------------------------------------
 iter=   9   ave_lin=  4.0  iCGmth=   3
 Ef(eV)               = -.1090068E+01
 err of ug            = 0.6675E-02
 dv_ave, drho_tot     = 0.1360E-01 0.3054E-01
 E_tot(eV)            = -.13291161388836E+06    0.3225E+02
 -------------------------------------------
 iter=  10   ave_lin=  4.0  iCGmth=   3
 Ef(eV)               = 0.7423969E+00
 err of ug            = 0.2030E-02
 dv_ave, drho_tot     = 0.6967E-02 0.1055E-01
 E_tot(eV)            = -.13290626063543E+06    0.5353E+01
 -------------------------------------------
 iter=  11   ave_lin=  4.0  iCGmth=   3
 Ef(eV)               = 0.7388612E+00
 err of ug            = 0.5428E-03
 dv_ave, drho_tot     = 0.2992E-02 0.5922E-02
 E_tot(eV)            = -.13290561134746E+06    0.6493E+00
 -------------------------------------------
 iter=  12   ave_lin=  4.0  iCGmth=   3
 Ef(eV)               = 0.6375682E+00
 err of ug            = 0.3038E-03
 dv_ave, drho_tot     = 0.3484E-02 0.3578E-02
 E_tot(eV)            = -.13290510939083E+06    0.5020E+00
 -------------------------------------------
 iter=  13   ave_lin=  4.0  iCGmth=   3
 Ef(eV)               = 0.5151919E+00
 err of ug            = 0.3474E-03
 dv_ave, drho_tot     = 0.3986E-02 0.2763E-02
 E_tot(eV)            = -.13290463020355E+06    0.4792E+00
 -------------------------------------------
 iter=  14   ave_lin=  4.0  iCGmth=   3
 Ef(eV)               = 0.6265865E+00
 err of ug            = 0.3258E-03
 dv_ave, drho_tot     = 0.5337E-02 0.2157E-02
 E_tot(eV)            = -.13290420945700E+06    0.4207E+00
 -------------------------------------------
 iter=  15   ave_lin=  4.0  iCGmth=   3
 Ef(eV)               = 0.8312268E+00
 err of ug            = 0.3334E-03
 dv_ave, drho_tot     = 0.6055E-02 0.1727E-02
 E_tot(eV)            = -.13290392454068E+06    0.2849E+00
 -------------------------------------------
 iter=  16   ave_lin=  4.0  iCGmth=   3
 Ef(eV)               = 0.9652417E+00
 err of ug            = 0.2440E-03
 dv_ave, drho_tot     = 0.3887E-02 0.1340E-02
 E_tot(eV)            = -.13290385012004E+06    0.7442E-01
 -------------------------------------------
 iter=  17   ave_lin=  4.0  iCGmth=   3
 Ef(eV)               = 0.1162569E+01
 err of ug            = 0.1954E-03
 dv_ave, drho_tot     = 0.3502E-02 0.1059E-02
 E_tot(eV)            = -.13290381902467E+06    0.3110E-01
 -------------------------------------------
 iter=  18   ave_lin=  4.0  iCGmth=   3
 Ef(eV)               = 0.1232965E+01
 err of ug            = 0.1312E-03
 dv_ave, drho_tot     = 0.2814E-02 0.7981E-03
 E_tot(eV)            = -.13290380245682E+06    0.1657E-01
 -------------------------------------------
 iter=  19   ave_lin=  4.0  iCGmth=   3
 Ef(eV)               = 0.1263125E+01
 err of ug            = 0.1137E-03
 dv_ave, drho_tot     = 0.2507E-02 0.6098E-03
 E_tot(eV)            = -.13290378458954E+06    0.1787E-01
 -------------------------------------------
 iter=  20   ave_lin=  4.0  iCGmth=   3
 Ef(eV)               = 0.1249326E+01
 err of ug            = 0.9976E-04
 dv_ave, drho_tot     = 0.2240E-02 0.4453E-03
 E_tot(eV)            = -.13290377251393E+06    0.1208E-01
 -------------------------------------------
 iter=  21   ave_lin=  4.0  iCGmth=   3
 Ef(eV)               = 0.1238463E+01
 err of ug            = 0.6532E-04
 dv_ave, drho_tot     = 0.9981E-03 0.3586E-03
 E_tot(eV)            = -.13290376628677E+06    0.6227E-02
 -------------------------------------------
 iter=  22   ave_lin=  4.0  iCGmth=   3
 Ef(eV)               = 0.1214746E+01
 err of ug            = 0.6002E-04
 dv_ave, drho_tot     = 0.9536E-03 0.2871E-03
 E_tot(eV)            = -.13290376141409E+06    0.4873E-02
 -------------------------------------------
 E_Fermi(eV)=   1.21474587635866     
 ---------------------------------------------------
 Ef(eV)               = 0.1214746E+01
 dvE, dvE(n)-dvE(n-1) = 0.9093E-06 -.8683E-07
 dv_ave, drho_tot     = 0.9536E-03 0.2871E-03
 err of ug            = 0.6002E-04
 ---------------------------------------------------
 ending_scf_reason = tol Etot_err  5.279008887880000E-003
 Ewald        = -.42247570854786E+05
 Alpha        = 0.15207970391171E+04
 E_extV       = 0.00000000000000E+00    0.0000E+00
 E_NSC        = -.21315266614328E+05    0.8661E+00
 E[-rho*V_Hxc]= -.12190136568210E+06    -.8612E+00
 E_Hxc        = 0.51039644697998E+05    0.9093E+00
 -TS          = -.91235879669240E-19    0.6664E-18
 E_tot(eV)    = -.13290376141409E+06    0.4873E-02
 E_tot(Ryd)   = -.97682463742503E+04    0.1791E-03
 ---------------------------------------------------
 ---------------------------------------------------
 occup for:      kpt=1,spin=1,m=(totN/2-2,totN/2+2)
   1.000    1.000    1.000    0.000    0.000
 eigen(eV) for:  kpt=1,spin=1,m=(totN/2-2,totN/2+2)
  -2.131   -2.114   -1.980    2.331    2.480
 ---------------------------------------------------
 ---------------------------------------------------
 E_Hart,E_xc,E_ion =0.79795348415524E+05  -.28755703717527E+05  -.22245689511971E+06
 E_Hxc+E_ion       =-.17141725042171E+06
 E_kin+E_nonloc    =0.79240262823289E+05
 E_rhoVext,E_IVext     =0.00000000000000E+00  0.00000000000000E+00
 E_psiV,E_dDrho =-.10055556645794E+06  0.00000000000000E+00
 ave(vtot):v0 =-.77117404626753E+01
 ave(V_ion_s(or p,d))=ave(V_Hatree)=0; ave(Vtot)=ave(V_xc)=v0
 ---------------------------------------------------
 *********************************
 Eigen energies are values after setting ave(Vtot)=0
 For Vtot=V_ion+V_Hartree+V_xc, and
 ave(V_ion+V_Hatree)=0, ave(V_xc).ne.0:  E=E+v0
 *********************************
iislda,kpt=   1,    1      0.000000     0.000000     0.000000             kpoint in xyz unit 
 err of each states, A.U
  0.140690E-03     0.395519E-03     0.217880E-04     0.472480E-04     0.527344E-04
  0.585414E-04     0.201133E-04     0.501375E-04     0.240337E-04     0.176602E-04
  0.168663E-04     0.146314E-04     0.193929E-04     0.153895E-04     0.243251E-04
  0.159272E-04     0.157912E-04     0.176942E-04     0.338533E-04     0.155737E-04
  0.870492E-04     0.172860E-04     0.182500E-04     0.150500E-04     0.142755E-04
  0.225334E-04     0.187392E-04     0.295810E-04     0.491132E-04     0.310726E-04
  0.138353E-04     0.155430E-04     0.273764E-04     0.355034E-04     0.192294E-04
  0.137851E-04     0.371043E-04     0.221555E-04     0.171299E-04     0.204573E-04
  0.135158E-04     0.377876E-04     0.197806E-04     0.204809E-04     0.394815E-04
  0.155261E-04     0.182062E-04     0.177250E-04     0.164229E-04     0.560301E-04
  0.857043E-04     0.271026E-04     0.220093E-04     0.347146E-04     0.189765E-03
  0.143276E-04     0.436412E-04     0.197227E-04     0.281898E-04     0.164471E-04
  0.553381E-04     0.199405E-04     0.183257E-04     0.183526E-04     0.460926E-04
  0.144850E-04     0.159322E-04     0.325240E-04     0.221528E-04     0.174078E-04
  0.269587E-04     0.235271E-04     0.175644E-04     0.142199E-04     0.148975E-04
  0.115878E-03     0.693180E-04     0.120639E-04     0.213500E-04     0.292711E-04
  0.192575E-04     0.126438E-04     0.151429E-04     0.148824E-04     0.774885E-04
  0.426162E-04     0.229679E-04     0.771022E-04     0.508337E-04     0.134273E-04
  0.216698E-04     0.116143E-04     0.126092E-04     0.172467E-04     0.141579E-04
  0.138932E-04     0.166227E-04     0.114280E-04     0.218656E-04     0.294081E-04
  0.174548E-04     0.122998E-04     0.284719E-04     0.164634E-04     0.125584E-04
  0.308625E-04     0.157692E-04     0.214128E-04     0.197413E-04     0.190729E-04
  0.456902E-04     0.153331E-04     0.301541E-04     0.115204E-04     0.596340E-04
  0.216418E-04     0.281072E-04     0.118747E-04     0.137963E-04     0.467868E-04
  0.114066E-04     0.110536E-04     0.188072E-04     0.174253E-04     0.137032E-04
  0.166294E-04     0.125496E-04     0.143633E-04     0.188752E-04     0.257668E-04
  0.277389E-04     0.241369E-04     0.105817E-03     0.146749E-04     0.168721E-04
  0.137767E-04     0.426360E-04     0.123664E-04     0.143916E-04     0.152114E-04
  0.188134E-04     0.210744E-04     0.162197E-04     0.156876E-04     0.259471E-04
  0.352571E-04     0.546774E-04     0.140841E-03     0.409317E-04     0.178899E-04
  0.353614E-04     0.154707E-04     0.539521E-04     0.170019E-04     0.242805E-04
  0.148156E-04     0.125058E-04     0.848676E-04     0.461775E-04     0.152710E-04
  0.114737E-04     0.269998E-04     0.127160E-04     0.150061E-04     0.144665E-04
  0.146678E-04     0.142770E-04     0.308452E-04     0.275591E-04     0.302644E-04
  0.100292E-04     0.161539E-04     0.128242E-04     0.176930E-04     0.121238E-04
  0.130829E-04     0.108079E-03     0.101352E-04     0.312849E-04     0.366700E-04
  0.134936E-04     0.180817E-04     0.140246E-04     0.147591E-04     0.949347E-05
  0.155139E-04     0.959082E-05     0.183790E-04     0.901996E-05     0.417371E-04
  0.190731E-04     0.123170E-04     0.256983E-04     0.276963E-04     0.115044E-04
  0.237937E-04     0.213970E-04     0.157079E-04     0.166538E-04     0.246040E-04
  0.164858E-04     0.153990E-04     0.148749E-04     0.195267E-04     0.168902E-04
  0.207897E-04     0.147242E-04     0.160197E-04     0.169953E-04     0.148624E-04
  0.219713E-04     0.187934E-04     0.217288E-04     0.188861E-04     0.167950E-04
  0.164355E-04     0.137812E-04     0.220367E-04     0.160014E-04     0.202718E-04
  0.131609E-04     0.188393E-04     0.143953E-04     0.194314E-04     0.296996E-04
  0.167889E-04     0.190189E-04     0.172400E-04     0.206166E-04     0.118868E-04
  0.197801E-04     0.127942E-04     0.210782E-04     0.145201E-04     0.159940E-04
  0.159501E-04     0.266933E-04     0.183154E-04     0.185826E-04     0.246029E-04
  0.196026E-04     0.159915E-04     0.147613E-04     0.161844E-04     0.147107E-04
  0.145297E-04     0.139617E-04     0.172271E-04     0.137724E-04     0.188289E-04
  0.169779E-04     0.138448E-04     0.200516E-04     0.205554E-04     0.189857E-04
  0.178668E-04     0.208632E-04     0.196881E-04     0.157248E-04     0.170640E-04
  0.147964E-04     0.203926E-04     0.236926E-04     0.193894E-04     0.171703E-04
  0.154364E-04     0.244900E-04     0.179745E-04     0.172466E-04     0.196945E-04
  0.178027E-04     0.192952E-04     0.193301E-04     0.183562E-04     0.206176E-04
  0.231568E-04     0.228143E-04     0.181592E-04     0.192017E-04     0.220813E-04
  0.192956E-04     0.199580E-04     0.170300E-04     0.194971E-04     0.213198E-04
  0.199280E-04     0.187087E-04     0.330493E-04     0.161766E-04     0.196970E-04
  0.216492E-04     0.280470E-04     0.248956E-04     0.183021E-04     0.270373E-04
  0.239585E-04     0.244950E-04     0.160496E-04     0.197883E-04     0.147146E-04
  0.190918E-04     0.150948E-04     0.162395E-04     0.188612E-04     0.178700E-04
  0.187825E-04     0.183610E-04     0.139253E-04     0.442960E-04     0.236454E-04
  0.169137E-04     0.257530E-04     0.262284E-04     0.276052E-04     0.226088E-04
  0.183915E-04     0.189257E-04     0.272100E-04     0.267152E-04     0.356631E-04
  0.280364E-04     0.310491E-04     0.179263E-04     0.228277E-04     0.283617E-04
  0.308287E-04     0.252405E-04     0.239481E-04     0.296288E-04     0.270315E-04
  0.327166E-04     0.324722E-04     0.290090E-04     0.205427E-04     0.325784E-04
  0.319467E-04     0.238819E-04     0.259417E-04     0.225098E-04     0.245745E-04
  0.282186E-04     0.318143E-04     0.256952E-04     0.245241E-04     0.253560E-04
  0.243952E-04     0.283622E-04     0.268775E-04     0.255739E-04     0.331907E-04
  0.361343E-04     0.278149E-04     0.280715E-04     0.365896E-04     0.303296E-04
  0.230159E-04     0.329746E-04     0.299444E-04     0.198563E-04     0.257123E-04
  0.292983E-04     0.276186E-04     0.220930E-04     0.215867E-04     0.204321E-04
  0.203668E-04     0.233932E-04     0.281040E-04     0.239896E-04     0.267360E-04
  0.254416E-04     0.240891E-04     0.277425E-04     0.355026E-04     0.214225E-04
  0.401324E-04     0.382537E-04     0.320636E-04     0.338220E-04     0.256185E-04
  0.276363E-04     0.247955E-04     0.335161E-04     0.343575E-04     0.206587E-04
  0.270196E-04     0.243264E-04     0.286653E-04     0.239043E-04     0.196520E-04
  0.263617E-04     0.267430E-04     0.204284E-04     0.242718E-04     0.291758E-04
  0.339516E-04     0.352069E-04     0.396680E-04     0.484872E-04     0.381215E-04
  0.242818E-04     0.215189E-04     0.281955E-04     0.204323E-04     0.244199E-04
  0.250389E-04     0.257707E-04     0.373838E-04     0.297675E-04     0.329342E-04
  0.307181E-04     0.356373E-04     0.316322E-04     0.282693E-04     0.361571E-04
  0.397334E-04     0.246561E-04     0.416476E-04     0.248696E-04     0.368257E-04
  0.370445E-04     0.310097E-04     0.449838E-04     0.306347E-04     0.301954E-04
  0.385710E-04     0.261274E-04     0.297481E-04     0.409979E-04     0.333991E-04
  0.380301E-04     0.372603E-04     0.279196E-04     0.191480E-04     0.288824E-04
  0.362248E-04     0.306227E-04     0.410826E-04     0.298655E-04     0.213308E-04
  0.419668E-04     0.311550E-04     0.319102E-04     0.216228E-04     0.362085E-04
  0.447503E-04     0.366322E-04     0.377946E-04     0.353167E-04     0.322529E-04
  0.337230E-04     0.320652E-04     0.328340E-04     0.256294E-04     0.562005E-04
  0.174286E-04     0.236982E-04     0.583060E-04     0.451519E-04     0.309706E-04
  0.404485E-04     0.297639E-04     0.291655E-04     0.308055E-04     0.285809E-04
  0.207513E-04     0.286676E-04     0.311205E-04     0.341464E-04     0.268406E-04
  0.245023E-04     0.379463E-04     0.301255E-04     0.299364E-04     0.207728E-04
  0.183441E-04     0.317738E-04     0.283004E-04     0.266780E-04     0.290623E-04
  0.325479E-04     0.243327E-04     0.218385E-04     0.436091E-04     0.264982E-04
  0.215204E-04     0.405750E-04     0.182209E-04     0.226336E-04     0.268464E-04
  0.219287E-04     0.448906E-04     0.359935E-04     0.282085E-04     0.256698E-04
  0.227465E-04     0.207266E-04     0.308582E-04     0.269531E-04     0.305795E-04
  0.200324E-04     0.197297E-04     0.228613E-04     0.227370E-04     0.214528E-04
  0.204101E-04     0.280598E-04     0.256356E-04     0.321725E-04     0.366298E-04
  0.310676E-04     0.278432E-04     0.227203E-04     0.200965E-04     0.183913E-04
  0.194082E-04     0.264687E-04     0.246253E-04     0.209144E-04     0.215514E-04
  0.209295E-04     0.264121E-04     0.245747E-04     0.226190E-04     0.188405E-04
  0.255424E-04     0.195249E-04     0.240631E-04     0.320980E-04     0.231783E-04
  0.241697E-04     0.201145E-04     0.195377E-04     0.176323E-04     0.285822E-04
  0.224858E-04     0.251235E-04     0.311238E-04     0.212004E-04     0.312799E-04
  0.338397E-04     0.206201E-04     0.216653E-04     0.358909E-04     0.247203E-04
  0.244545E-04     0.278842E-04     0.247439E-04     0.212686E-04     0.180839E-04
  0.216806E-04     0.250305E-04     0.215971E-04     0.224785E-04     0.307483E-04
  0.209417E-04     0.183196E-04     0.359838E-04     0.387138E-04     0.281100E-04
  0.259927E-04     0.250917E-04     0.313559E-04     0.282405E-04     0.248286E-04
  0.213788E-04     0.262261E-04     0.293328E-04     0.268062E-04     0.262916E-04
  0.244373E-04     0.274089E-04     0.242946E-04     0.231243E-04     0.254844E-04
  0.249362E-04     0.248335E-04     0.282780E-04     0.257828E-04     0.328299E-04
  0.302536E-04     0.232749E-04     0.253577E-04     0.251122E-04     0.204426E-04
  0.238187E-04     0.228534E-04     0.315433E-04     0.286581E-04     0.346922E-04
  0.232087E-04     0.230149E-04     0.377340E-04     0.294298E-04     0.221420E-04
  0.294207E-04     0.314574E-04     0.328829E-04     0.300187E-04     0.288833E-04
  0.246314E-04     0.267105E-04     0.264130E-04     0.243043E-04     0.196331E-04
  0.237218E-04     0.270585E-04     0.359570E-04     0.243879E-04     0.221719E-04
  0.227902E-04     0.235427E-04     0.302913E-04     0.241228E-04     0.349321E-04
  0.245008E-04     0.225428E-04     0.264094E-04     0.339972E-04     0.210486E-04
  0.229117E-04     0.229269E-04     0.208385E-04     0.235489E-04     0.284517E-04
  0.278838E-04     0.319809E-04     0.263095E-04     0.276684E-04     0.242422E-04
  0.275765E-04     0.242150E-04     0.228926E-04     0.263232E-04     0.290018E-04
  0.225048E-04     0.293187E-04     0.243834E-04     0.248305E-04     0.213338E-04
  0.297278E-04     0.254231E-04     0.244271E-04     0.314281E-04     0.414058E-04
  0.265939E-04     0.259869E-04     0.290340E-04     0.277673E-04     0.324698E-04
  0.294156E-04     0.312835E-04     0.320984E-04     0.279244E-04     0.312932E-04
  0.299217E-04     0.335974E-04     0.300579E-04     0.294915E-04     0.227889E-04
  0.241661E-04     0.286667E-04     0.288000E-04     0.270458E-04     0.243294E-04
  0.274710E-04     0.294459E-04     0.253876E-04     0.311509E-04     0.292929E-04
  0.261704E-04     0.237719E-04     0.283783E-04     0.308473E-04     0.276008E-04
  0.335202E-04     0.290008E-04     0.290990E-04     0.254481E-04     0.276394E-04
  0.316537E-04     0.313192E-04     0.370438E-04     0.330932E-04     0.318054E-04
  0.312251E-04     0.356190E-04     0.327103E-04     0.311218E-04     0.323836E-04
  0.322296E-04     0.357039E-04     0.314840E-04     0.425471E-04     0.299496E-04
  0.297029E-04     0.293201E-04     0.330481E-04     0.322969E-04     0.266570E-04
  0.234901E-04     0.253678E-04     0.315165E-04     0.262186E-04     0.297337E-04
  0.313586E-04     0.313722E-04     0.317643E-04     0.359461E-04     0.338246E-04
  0.348114E-04     0.288813E-04     0.365269E-04     0.321380E-04     0.412380E-04
  0.324185E-04     0.307076E-04     0.317233E-04     0.348396E-04     0.354537E-04
  0.375597E-04     0.296941E-04     0.293094E-04     0.307887E-04     0.307395E-04
  0.273387E-04     0.260833E-04     0.265777E-04     0.321335E-04     0.326581E-04
  0.318930E-04     0.343658E-04     0.311985E-04     0.330965E-04     0.316028E-04
  0.343788E-04     0.328693E-04     0.357592E-04     0.376196E-04     0.334345E-04
  0.320452E-04     0.364031E-04     0.363518E-04     0.318769E-04     0.353964E-04
  0.304907E-04     0.300485E-04     0.353226E-04     0.308586E-04     0.350769E-04
  0.335726E-04     0.321178E-04     0.285724E-04     0.358556E-04     0.338672E-04
  0.310468E-04     0.320779E-04     0.334931E-04     0.320098E-04     0.320514E-04
  0.310175E-04     0.282980E-04     0.359693E-04     0.323862E-04     0.323855E-04
  0.283384E-04     0.303368E-04     0.322285E-04     0.371316E-04     0.323831E-04
  0.302923E-04     0.322362E-04     0.316767E-04     0.350899E-04     0.304390E-04
  0.326336E-04     0.315158E-04     0.284313E-04     0.314241E-04     0.359918E-04
  0.319686E-04     0.355634E-04     0.360189E-04     0.339014E-04     0.297463E-04
  0.325442E-04     0.429155E-04     0.404182E-04     0.313596E-04     0.311697E-04
  0.350837E-04     0.323544E-04     0.289422E-04     0.347416E-04     0.350907E-04
  0.346161E-04     0.342233E-04     0.396841E-04     0.290370E-04     0.336193E-04
  0.400903E-04     0.342665E-04     0.345780E-04     0.311910E-04     0.374788E-04
  0.337536E-04     0.412161E-04     0.326213E-04     0.393566E-04     0.323201E-04
  0.323693E-04     0.331584E-04     0.313716E-04     0.312252E-04     0.328663E-04
  0.323606E-04     0.287335E-04     0.371149E-04     0.372559E-04     0.324221E-04
  0.420718E-04     0.336470E-04     0.344397E-04     0.280412E-04     0.340174E-04
  0.347099E-04     0.367452E-04     0.379003E-04     0.415136E-04     0.389896E-04
  0.381927E-04     0.350171E-04     0.425403E-04     0.389764E-04     0.372743E-04
  0.395531E-04     0.413029E-04     0.392967E-04     0.436215E-04     0.432185E-04
  0.385161E-04     0.347691E-04     0.500002E-04     0.530251E-04     0.440820E-04
  0.346776E-04     0.388701E-04     0.377252E-04     0.453124E-04     0.372624E-04
  0.321647E-04     0.327210E-04     0.581198E-04     0.532519E-04     0.343548E-04
  0.431887E-04     0.476357E-04     0.405294E-04     0.313408E-04     0.289385E-04
  0.292865E-04     0.371750E-04     0.467977E-04     0.388911E-04     0.496548E-04
  0.373114E-04     0.496491E-04     0.313492E-04     0.514790E-04     0.293342E-04
  0.522332E-04     0.301301E-04     0.318070E-04     0.418776E-04     0.437619E-04
  0.281767E-04     0.490492E-04     0.109410E-03     0.363495E-04     0.746256E-04
  0.364939E-04     0.416317E-04     0.351699E-04     0.503067E-04     0.360766E-04
  0.368405E-04     0.348180E-04     0.398265E-04     0.393098E-04     0.346315E-04
  0.408773E-04     0.444097E-04     0.541921E-04     0.405444E-04     0.544999E-04
  0.463877E-04     0.280926E-04     0.246556E-04     0.346202E-04     0.413028E-04
  0.441449E-04     0.527552E-04     0.457734E-04     0.405025E-04     0.415057E-04
  0.442291E-04     0.409875E-04     0.323474E-04     0.327190E-04     0.367351E-04
  0.398327E-04     0.350156E-04     0.493718E-04     0.606912E-04     0.399850E-04
  0.222079E-04     0.435675E-04     0.547550E-04     0.337258E-04     0.331251E-04
  0.281423E-04     0.935270E-04     0.720676E-04     0.322155E-04     0.486093E-04
  0.439145E-04     0.314675E-04     0.503501E-04     0.535419E-04     0.546770E-04
  0.351545E-04     0.415819E-04     0.306057E-04     0.256526E-04     0.279453E-04
  0.320989E-04     0.407361E-04     0.458804E-04     0.356246E-04     0.454064E-04
  0.304606E-04     0.385996E-04     0.362502E-04     0.651528E-04     0.338240E-04
  0.586875E-04     0.283917E-04     0.608390E-04     0.279580E-04     0.319670E-04
  0.413291E-04     0.278851E-04     0.383028E-04     0.343130E-04     0.360081E-04
  0.878336E-04     0.389748E-04     0.443421E-04     0.566916E-04     0.521534E-04
  0.483661E-04     0.258028E-04     0.278125E-04     0.391349E-04     0.742461E-04
  0.440559E-04     0.425656E-04     0.248338E-04     0.473048E-04     0.289620E-04
  0.118852E-03     0.983566E-04     0.110722E-03     0.105476E-03     0.112487E-03
  0.137781E-03     0.987313E-04     0.102876E-03     0.998592E-04     0.138930E-03
  0.134037E-03     0.147168E-03     0.270439E-03     0.294246E-03     0.604359E-03
  0.279764E-03     0.618281E-03     0.999413E-03     0.738001E-03     0.921405E-03
  0.101605E-02     0.865255E-03     0.815612E-03     0.788396E-03     0.137121E-02
  0.157718E-02     0.152251E-02     0.114920E-02     0.224943E-02     0.144897E-02
  0.127098E-02     0.139691E-02     0.348835E-02     0.355261E-02     0.352317E-02
  0.275482E-02     0.305677E-02     0.348853E-02     0.270914E-02     0.353945E-02
  0.349254E-02     0.394658E-02     0.342001E-02     0.488884E-02     0.574986E-02
  0.603007E-02     0.498623E-02     0.802493E-02     0.807550E-02     0.440863E-02
  0.840226E-02     0.583628E-02     0.633590E-02     0.869850E-02     0.139502E-01
  0.102517E-01     0.128869E-01     0.793812E-02
 eigen energies, in eV 
    -44.399563       -44.278440       -44.231873       -44.104701       -43.986972
    -28.487563       -28.466210       -28.391047       -28.325297       -28.325278
    -28.178749       -28.137280       -28.133490       -28.075190       -28.073167
    -28.053090       -27.994074       -27.927083       -27.875072       -27.874652
    -27.839597       -27.832882       -27.822769       -27.821810       -27.789470
    -27.767084       -27.762931       -27.734993       -27.663398       -27.652800
    -27.646519       -27.632890       -27.620074       -27.602743       -27.582619
    -27.561068       -27.543650       -27.496328       -27.443196       -27.429079
    -27.413092       -27.372831       -27.333238       -27.308936       -27.272567
    -27.258121       -27.237028       -27.224186       -27.215786       -27.185119
    -27.180586       -27.166587       -27.146247       -27.130218       -27.126299
    -27.121001       -27.078067       -26.999776       -26.932916       -26.906744
    -26.832975       -26.756099       -26.731916       -26.721953       -26.713643
    -26.612597       -26.573086       -26.572797       -26.554836       -26.486655
    -26.472672       -26.398569       -26.375486       -26.350997       -26.324914
    -26.299423       -26.263053       -26.252287       -26.224865       -26.146142
    -26.099789       -26.072306       -26.050602       -26.047679       -26.039555
    -26.038881       -26.015004       -25.994808       -25.972467       -25.969758
    -25.962071       -25.952302       -25.949568       -25.938709       -25.931540
    -25.875212       -25.865214       -25.863551       -25.836002       -25.820453
    -25.779882       -25.777617       -25.764020       -25.754698       -25.724429
    -25.718237       -25.714998       -25.703411       -25.687930       -25.686815
    -25.657722       -25.639453       -25.629480       -25.615487       -25.590485
    -25.545210       -25.544563       -25.540915       -25.531837       -25.521357
    -25.506964       -25.463385       -25.440099       -25.430022       -25.425193
    -25.420616       -25.378567       -25.362101       -25.349544       -25.264983
    -25.093543       -25.081219       -25.053129       -24.943731       -24.438383
    -24.027737       -23.795558       -23.677275       -23.607710       -23.593818
    -23.590140       -23.564143       -23.552922       -23.541698       -23.520427
    -23.493356       -23.464768       -23.444134       -23.440039       -23.439200
    -23.438982       -23.395722       -23.270893       -23.195256       -23.189601
    -23.179607       -23.146969       -23.129430       -23.093918       -23.089910
    -23.053333       -22.925774       -22.860479       -22.853411       -22.677769
    -22.573936       -22.509878       -22.487722       -22.368349       -22.130927
    -21.733741       -21.714241       -21.663519       -21.648274       -21.544539
    -21.522340       -21.514530       -21.467550       -21.465093       -21.348129
    -21.291472       -21.256189       -21.132320       -21.083612       -21.058462
    -21.044562       -20.967772       -20.909918       -20.827369       -20.632811
    -18.957153       -18.626330       -18.578073       -18.512891       -18.316651
    -15.900538       -15.898267       -15.839984       -15.808791       -15.791898
    -15.758693       -15.738313       -15.700947       -15.636302       -15.597276
    -15.590640       -15.502372       -15.390823       -15.351219       -15.258115
    -15.069896       -14.963629       -14.937185       -14.917529       -14.900904
    -14.784102       -14.754913       -14.737210       -14.711783       -14.640105
    -14.627255       -14.561470       -14.517427       -14.504309       -14.501289
    -14.477286       -14.453508       -14.412269       -14.390743       -14.304948
    -14.233064       -14.232160       -14.203452       -14.165453       -14.035466
    -13.889689       -13.610846       -13.590620       -13.550083       -13.519557
    -13.485303       -13.436958       -13.381514       -13.379600       -13.375300
    -13.371521       -13.362890       -13.309150       -13.301154       -13.290368
    -13.284371       -13.274560       -13.247595       -13.242064       -13.237074
    -13.195799       -13.151075       -13.108499       -13.080563       -13.072894
    -13.013265       -12.944097       -12.913246       -12.863712       -12.657295
    -12.188081       -12.163805       -12.143057       -12.140567       -12.115590
    -12.069994       -12.027719       -12.025283       -11.917211       -11.903646
    -11.863561       -11.835659       -11.797504       -11.786295       -11.699104
    -11.686454       -11.618509       -11.610170       -11.580598       -11.513248
    -11.505531       -11.464846       -11.369026       -11.352548       -11.317826
    -11.272783       -11.248006       -11.237315       -11.220683       -11.211359
    -11.200833       -11.189650       -11.170154       -11.086214       -11.055758
    -11.017605       -10.988061       -10.976532       -10.894970       -10.765185
    -10.726372       -10.713579       -10.691031       -10.543144       -10.538186
    -10.528004       -10.496073       -10.493845       -10.482724       -10.470036
    -10.451541       -10.446445       -10.408013       -10.378678       -10.371924
    -10.371434       -10.342678       -10.330369       -10.295900       -10.286445
    -10.280880       -10.253390       -10.245408       -10.237506       -10.218624
    -10.210890       -10.189215       -10.185162       -10.183698       -10.157388
    -10.153511       -10.150904       -10.141437       -10.119115       -10.106076
    -10.096970       -10.092533       -10.076189       -10.049311       -10.046942
    -10.042286       -10.033409       -10.004136       -10.002433        -9.976335
     -9.958904        -9.951536        -9.946921        -9.919954        -9.910632
     -9.906715        -9.892646        -9.888286        -9.877282        -9.874479
     -9.871962        -9.869195        -9.857646        -9.856977        -9.822471
     -9.814052        -9.810278        -9.796478        -9.787582        -9.772502
     -9.761490        -9.747524        -9.727466        -9.698267        -9.672967
     -9.666888        -9.649925        -9.644726        -9.639654        -9.621508
     -9.617309        -9.608606        -9.580280        -9.570723        -9.558856
     -9.533604        -9.520093        -9.512476        -9.496599        -9.484931
     -9.481476        -9.467505        -9.452174        -9.446660        -9.429408
     -9.424320        -9.416713        -9.393639        -9.386203        -9.373486
     -9.372009        -9.359699        -9.346289        -9.339541        -9.330976
     -9.325763        -9.317756        -9.289055        -9.276619        -9.254633
     -9.247532        -9.233623        -9.215581        -9.204496        -9.197254
     -9.149067        -9.141350        -9.111511        -9.106254        -9.104809
     -9.096717        -9.090223        -9.075908        -9.066180        -9.061387
     -9.051970        -9.050084        -9.038811        -9.027533        -9.019999
     -8.979257        -8.969708        -8.959517        -8.946520        -8.933688
     -8.924974        -8.908282        -8.884445        -8.866993        -8.847409
     -8.843337        -8.837111        -8.830201        -8.825674        -8.824639
     -8.799062        -8.791714        -8.775366        -8.751439        -8.729801
     -8.726302        -8.704799        -8.694404        -8.665546        -8.650561
     -8.632402        -8.606641        -8.594206        -8.572497        -8.554163
     -8.546326        -8.516521        -8.510701        -8.494743        -8.485599
     -8.453153        -8.437616        -8.433918        -8.398167        -8.395591
     -8.392747        -8.379732        -8.361179        -8.351344        -8.339837
     -8.272441        -8.270200        -8.238978        -8.237071        -8.217215
     -8.212302        -8.185986        -8.164398        -8.074770        -8.013727
     -8.006021        -7.993738        -7.964140        -7.925857        -7.922190
     -7.916646        -7.875502        -7.871059        -7.868959        -7.860976
     -7.844670        -7.833090        -7.826998        -7.803050        -7.782056
     -7.735872        -7.730327        -7.687825        -7.660106        -7.639753
     -7.633976        -7.606367        -7.578114        -7.541431        -7.535917
     -7.509907        -7.474903        -7.447601        -7.445083        -7.401630
     -7.386409        -7.385646        -7.374548        -7.353120        -7.330843
     -7.318329        -7.287738        -7.251282        -7.236669        -7.226312
     -7.200621        -7.194477        -7.175687        -7.151128        -7.135868
     -7.129150        -7.082542        -7.049685        -7.033741        -6.959095
     -6.954240        -6.947411        -6.936505        -6.928195        -6.915798
     -6.902903        -6.883384        -6.877180        -6.870230        -6.823589
     -6.797381        -6.781952        -6.747923        -6.742755        -6.725530
     -6.702535        -6.683161        -6.664342        -6.660275        -6.625320
     -6.600045        -6.591165        -6.574743        -6.562464        -6.556024
     -6.541637        -6.527685        -6.518475        -6.515074        -6.492043
     -6.489381        -6.465058        -6.461017        -6.436627        -6.435300
     -6.427960        -6.423422        -6.400327        -6.387451        -6.379529
     -6.372286        -6.369010        -6.347523        -6.340377        -6.334222
     -6.315836        -6.307990        -6.300805        -6.289807        -6.288019
     -6.261425        -6.257316        -6.249065        -6.246116        -6.242761
     -6.233486        -6.221724        -6.207060        -6.194045        -6.192309
     -6.183132        -6.176796        -6.168889        -6.156061        -6.152016
     -6.143596        -6.132439        -6.118662        -6.113932        -6.106400
     -6.096926        -6.076825        -6.067534        -6.061343        -6.056916
     -6.038538        -6.035549        -6.027278        -6.017731        -6.011333
     -5.988687        -5.983934        -5.976846        -5.964317        -5.951134
     -5.947943        -5.932505        -5.927944        -5.918894        -5.899970
     -5.896153        -5.885386        -5.879969        -5.874311        -5.866304
     -5.860931        -5.844953        -5.838584        -5.833400        -5.824045
     -5.814213        -5.810523        -5.807135        -5.800235        -5.791279
     -5.781240        -5.775455        -5.764717        -5.760449        -5.749326
     -5.742085        -5.735687        -5.726553        -5.719168        -5.710058
     -5.705662        -5.695791        -5.694397        -5.687785        -5.686922
     -5.669449        -5.666239        -5.658455        -5.649521        -5.646541
     -5.638931        -5.634367        -5.631011        -5.624143        -5.623600
     -5.619472        -5.605658        -5.602561        -5.599429        -5.591973
     -5.586076        -5.574423        -5.570031        -5.562917        -5.560326
     -5.554001        -5.552292        -5.542191        -5.531145        -5.514646
     -5.511378        -5.505174        -5.494777        -5.486901        -5.483041
     -5.473667        -5.464553        -5.460024        -5.457297        -5.435596
     -5.433149        -5.429417        -5.423414        -5.415974        -5.412179
     -5.403719        -5.397018        -5.386816        -5.383925        -5.376701
     -5.369567        -5.364287        -5.360656        -5.351542        -5.348901
     -5.340280        -5.334844        -5.326966        -5.323560        -5.317738
     -5.308791        -5.303961        -5.295545        -5.288401        -5.287485
     -5.278271        -5.274498        -5.268782        -5.261791        -5.258523
     -5.242617        -5.239669        -5.233563        -5.227021        -5.218787
     -5.203569        -5.201183        -5.194677        -5.183120        -5.174395
     -5.172099        -5.168833        -5.161810        -5.156991        -5.150859
     -5.147877        -5.142340        -5.135751        -5.128674        -5.121266
     -5.119776        -5.111427        -5.108230        -5.104737        -5.102869
     -5.099110        -5.095356        -5.088549        -5.084999        -5.077635
     -5.075013        -5.070216        -5.059748        -5.054341        -5.051936
     -5.047371        -5.043016        -5.035116        -5.026494        -5.024371
     -5.018631        -5.012946        -5.004056        -5.002827        -4.993961
     -4.982429        -4.970593        -4.965256        -4.961008        -4.957350
     -4.947305        -4.937564        -4.932404        -4.924688        -4.923186
     -4.913836        -4.909413        -4.900736        -4.895489        -4.892691
     -4.887928        -4.883521        -4.881547        -4.867194        -4.861112
     -4.856950        -4.848590        -4.838215        -4.836965        -4.831539
     -4.830634        -4.810163        -4.805434        -4.799097        -4.785631
     -4.782665        -4.772990        -4.760176        -4.754596        -4.742935
     -4.735923        -4.730908        -4.718098        -4.711761        -4.704910
     -4.692876        -4.690614        -4.683138        -4.679717        -4.675378
     -4.657100        -4.648306        -4.631548        -4.630318        -4.617391
     -4.609329        -4.591197        -4.589351        -4.584119        -4.579684
     -4.573696        -4.565952        -4.555708        -4.542625        -4.526155
     -4.520337        -4.498004        -4.496518        -4.489500        -4.477854
     -4.469215        -4.464395        -4.423774        -4.415073        -4.410034
     -4.399987        -4.395654        -4.378230        -4.367460        -4.365975
     -4.353836        -4.338044        -4.322774        -4.319319        -4.312139
     -4.277483        -4.262335        -4.253398        -4.246250        -4.235246
     -4.216386        -4.212329        -4.188872        -4.177410        -4.146279
     -4.129820        -4.120416        -4.079515        -4.071326        -4.039719
     -4.032874        -4.009106        -4.002658        -3.987431        -3.965589
     -3.962239        -3.942972        -3.923340        -3.916836        -3.906959
     -3.900868        -3.876654        -3.867348        -3.846040        -3.819584
     -3.794558        -3.771857        -3.758725        -3.754693        -3.734714
     -3.725654        -3.707761        -3.699332        -3.696704        -3.685016
     -3.608694        -3.606505        -3.592607        -3.589541        -3.579468
     -3.560649        -3.547257        -3.533930        -3.530982        -3.511956
     -3.506313        -3.487791        -3.476927        -3.447130        -3.431397
     -3.425714        -3.391007        -3.384816        -3.381980        -3.369290
     -3.368656        -3.353191        -3.352102        -3.331592        -3.304997
     -3.300831        -3.295843        -3.286923        -3.261409        -3.242599
     -3.217671        -3.199965        -3.186179        -3.171939        -3.160109
     -3.135418        -3.134478        -3.123475        -3.115482        -3.095686
     -3.079762        -3.073008        -3.041928        -2.995533        -2.976533
     -2.953038        -2.933283        -2.900431        -2.885094        -2.878740
     -2.848765        -2.826804        -2.822421        -2.806203        -2.787669
     -2.774902        -2.716557        -2.670647        -2.664012        -2.655826
     -2.629404        -2.618412        -2.616881        -2.610359        -2.590169
     -2.585291        -2.584210        -2.546864        -2.543721        -2.531329
     -2.512298        -2.466916        -2.447400        -2.439737        -2.353026
     -2.293320        -2.286770        -2.280893        -2.247470        -2.226060
     -2.146650        -2.138769        -2.130912        -2.113757        -1.980341
      2.330924         2.479624         2.540023         2.634359         2.828332
      2.864087         2.900078         2.913581         2.930712         2.954973
      2.994876         3.127728         3.227918         3.297140         3.344688
      3.423107         3.491125         3.513917         3.554315         3.616146
      3.650337         3.670864         3.732198         3.759991         3.781361
      3.786066         3.816154         3.827592         3.858022         3.892070
      3.899657         3.925405         3.959133         3.979400         4.002952
      4.044527         4.054346         4.059573         4.079462         4.113916
      4.137407         4.150537         4.175972         4.197386         4.214815
      4.237342         4.276801         4.281347         4.319984         4.350228
      4.369831         4.414533         4.422863         4.446745         4.491425
      4.523459         4.552458         4.597291
 *********************************
 total computation time (sec)=   1910.28588795662     
