 AEM_Eatom=  8.152688787388587E-003
 AEM_Egroup=  1.376545546225167E-003
 AEM_Etot=  7.319785381387726E-004
 AEM_F=  0.503445270621017     
