 AEM_Eatom=  1.032409489612183E-002
 AEM_Egroup=  1.638071253956220E-003
 AEM_Etot=  4.059323786966699E-003
 AEM_F=  0.510020669113410     
