 AEM_Eatom=  1.405780443090937E-002
 AEM_Egroup=  2.378537559327322E-003
 AEM_Etot=  5.771507306742249E-003
 AEM_F=  0.535705753226444     
