 AEM_Eatom=  2.300194491370951E-002
 AEM_Egroup=  2.784678770920421E-003
 AEM_Etot=  1.485080054976715E-002
 AEM_F=  0.540043436803270     
