 AEM_Eatom=  5.797853384201022E-002
 AEM_Egroup=  4.421785044644301E-003
 AEM_Etot=  2.197426733756046E-003
 AEM_F=  0.526584270069562     
