 AEM_Eatom=  0.234155348044064     
 AEM_Egroup=  2.323712602900615E-002
 AEM_Etot=  1.156246202334055E-002
 AEM_F=  0.678146741974533     
