 AEM_Eatom=  1.628102254980711E-002
 AEM_Egroup=  1.632480364302170E-003
 AEM_Etot=  2.594527576731638E-003
 AEM_F=  0.545348696693081     
