 AEM_Eatom=  0.120057767356990     
 AEM_Egroup=  8.102801388437893E-003
 AEM_Etot=  1.444157260731623E-003
 AEM_F=  0.501709958227838     
