 AEM_Eatom=  5.931598932115000E-003
 AEM_Egroup=  3.881517698715991E-004
 AEM_Etot=  6.793541652136268E-004
 AEM_F=  0.502459219113092     
