           4           1
 PRECISION  = SINGLE     
 JOB       = SCF
 IN.PSP1   = /home/sabs/shenjie/Pseudopotential/Li.nc.pbe.UPF
 IN.PSP2   = /home/sabs/shenjie/Pseudopotential/C.nc.pbe.UPF
 IN.PSP3   = /home/sabs/shenjie/Pseudopotential/O.nc.pbe.UPF
 IN.PSP4   = /home/sabs/shenjie/Pseudopotential/N.nc.pbe.UPF
 IN.PSP5   = /home/sabs/shenjie/Pseudopotential/S.nc.pbe.UPF
 IN.PSP6   = /home/sabs/shenjie/Pseudopotential/F.nc.pbe.UPF
 IN.PSP7   = /home/sabs/shenjie/Pseudopotential/H.nc.pbe.UPF
 IN.PSP8   = /home/sabs/shenjie/Pseudopotential/P.nc.pbe.UPF
 IN.ATOM   = atom.config         
 CONVERGENCE  = EASY
 ACCURACY  = NORM
 VFF_DETAIL =   1   500  0.50000000E-02     30.00000     4.00000     0.00000     1.00000  
 EGG_DETAIL =            3           3           3
 SPIN      =   1
 CONSTRAINT_MAG =           0
 RANDOM_SEED=           0
 QIJ_DETAIL =   0  1
 SCF_MIX = CHARGE
 PWSCF_OUTPUT     =  F
 Ecut      =    60.0000000000000     
 Ecut2     =    120.000000000000     
 Ecut2L    =    120.000000000000     
 EcutP    =    60.0000000000000     
 N123      =   120   120   120
 NS123     =    40    40    40
 N123L     =   120   120   120
 STRESS_CORR =   0.100000E+01  0.000000E+00  0.200000E+01  0.000000E+00
 XCFUNCTIONAL = LDA
 HSE_DETAIL    =      1.00000000    1     0.00000000    6 1 1
 RELAX_HSE    =    20   0.50000E-01     2
 VDW       = NONE
 LONDON_S6      =   0.000000000000000E+000
 LONDON_C6(1)      =   -1.00000000000000     
 LONDON_C6(2)      =   -1.00000000000000     
 LONDON_C6(3)      =   -1.00000000000000     
 LONDON_C6(4)      =   -1.00000000000000     
 LONDON_C6(5)      =   -1.00000000000000     
 LONDON_C6(6)      =   -1.00000000000000     
 LONDON_C6(7)      =   -1.00000000000000     
 LONDON_C6(8)      =   -1.00000000000000     
 LONDON_RCUT      =   0.000000000000000E+000
 DFTD3_S6        =   0.000000000000000E+000
 DFTD3_RS6        =   0.000000000000000E+000
 DFTD3_S18        =   0.000000000000000E+000
 DFTD3_RS18        =   0.000000000000000E+000
 DFTD3_ALPHA6        =   0.000000000000000E+000
 DFTD3_VERSION        =            0
 DFTD3_3BODY        =  F
 COULOMB   =    0
 IN.WG     =  F
 OUT.WG    =  F
 IN.RHO    =  F
 OUT.RHOATOM =  F
 OUT.RHO   =  F
 IN.VR     =  F
 OUT.VR    =  F
 OUT.ELF   =  F
 IN.VEXT   =  F
 OUT.VATOM   =  F
 OUT.FORCE =  T
 OUT.STRESS =  F
 IN.KPT    =  F
 IN.SYMM   =  F
 SYMM_PREC =    0.10000E-04
 MP_N123 =      1      1      1      0      0      0      0
 NUM_KPT =            1
 CHARGE_DECOMP = F
 ENERGY_DECOMP = F 
 IN.SOLVENT =  F
 NUM_ELECTRON =   1940.00000000000     
 FIX_FERMI =   F  0.000000E+00  0.000000E+00  0.000000E+00
 IN.NONSCF    =  F
 NUM_BAND  =  1028
 OUT.REAL.RHOWF_SP= 0
 WG_ERROR  =   1.000000000000000E-004
 E_ERROR   =   5.279008887880000E-003
 RHO_ERROR =   5.000000000000000E-005
 RHO_RELATIVE_ERROR      =   0.000000000000000E+000
 FORCE_RELATIVE_ERROR     =   0.000000000000000E+000
 MIN_SCF_ITER     =            1
 SYS_TYPE   =            1
 PULAY_MIX_OPT =     30  1  0       1.00000       0.00000
 PULAY_METRIC_Q0 =       -1.00000
 IN.OCC    =  F          -1
 IN.CC    =  F
 IN.OCC_ADIA    =  F
 SCF_ITER0_1 =    6   4    3    0.0000     0.02500    1
 SCF_ITER0_2 =   94   4    3    1.0000     0.02500    1
 SCF_ITER1_1 =   40   4    3    1.0000     0.02500    1
 NONLOCAL  =  2
 IN.A_FIELD =  F       0.00000       0.00000       0.00000
 RCUT      =    4.00000000000000     
 IN.PSP_RCUT1 =   4.00000000000000     
 IN.PSP_RCUT2 =   4.00000000000000     
 IN.PSP_RCUT3 =   4.00000000000000     
 IN.PSP_RCUT4 =   4.00000000000000     
 IN.PSP_RCUT5 =   4.00000000000000     
 IN.PSP_RCUT6 =   4.00000000000000     
 IN.PSP_RCUT7 =   4.00000000000000     
 IN.PSP_RCUT8 =   4.00000000000000     
 MD_VV_SCALE =    100
 LDAU_PSP1   =           -1  2.721138638331097E-009  2.721138638331097E-009  eV
 LDAU_PSP2   =           -1  2.721138638331097E-009  2.721138638331097E-009  eV
 LDAU_PSP3   =           -1  2.721138638331097E-009  2.721138638331097E-009  eV
 LDAU_PSP4   =           -1  2.721138638331097E-009  2.721138638331097E-009  eV
 LDAU_PSP5   =           -1  2.721138638331097E-009  2.721138638331097E-009  eV
 LDAU_PSP6   =           -1  2.721138638331097E-009  2.721138638331097E-009  eV
 LDAU_PSP7   =           -1  2.721138638331097E-009  2.721138638331097E-009  eV
 LDAU_PSP8   =           -1  2.721138638331097E-009  2.721138638331097E-009  eV
 NUM_BLOCKED_PSI=  F
 WF_STORE2DISK  =            0
 NUM_DOS_GRID =         4000
 NMAP_MAX =        50000
 KERK_AMIN =   0.300000000000000     
 KERK_AMIX =   0.400000000000000     
 KERK_AMIX_MAG =   0.800000000000000     
 KERK_BMIX =   0.500000000000000     
 LDAU_MIX =   0.700000000000000     
 PULAY_WEIGHT_SPIN =    1.00000000000000     
 PULAY_WEIGHT_NS =    1.00000000000000     
 OUT.MLMD    =  F
 NUM_MPI_PER_GPU =     1
 FLAG_CYLINDER =            0
 SET_OUT_FERMI_POS =  F           0
 E_FINITE =  F   0.00000E+00   0.00000E+00   0.00000E+00
 MLINE_EIGEN =      1
 
 ------------------------------------------------
 total number of K-point:           1
   0.00000     0.00000    0.00000     1.00000            
 ------------------------------------------------
 
 
 *********************************************
 *********** end of etot.input report ********
 minimum n1,n2,n3 from Ecut2
     118.970      119.148      119.089
 minimum n1L,n2L,n3L from Ecut2L
     118.970      119.148      119.089
 *********************************************
 
 
Weighted average num_of_PW for all kpoint=                       312673.000
 ************************************
 E_Hxc(eV)         50172.4163809209     
 E_ion(eV)        -220901.735878989     
 E_Coul(eV)        78438.8277707918     
 E_Hxc+E_ion(eV)  -170729.319498068     
 NONSCF     1          AVE_STATE_ERROR= 0.5919E+01
 NONSCF     2          AVE_STATE_ERROR= 0.1629E+01
 NONSCF     3          AVE_STATE_ERROR= 0.5027E+00
 NONSCF     4          AVE_STATE_ERROR= 0.9265E-01
 NONSCF     5          AVE_STATE_ERROR= 0.1552E-01
 NONSCF     6          AVE_STATE_ERROR= 0.3089E-02
 iter=   7   ave_lin=  4.0  iCGmth=   3
 Ef(eV)               = -.1821667E+01
 err of ug            = 0.1207E-02
 dv_ave, drho_tot     = 0.0000E+00 0.1244E+00
 E_tot(eV)            = -.13306243841642E+06    -.1331E+06
 -------------------------------------------
 iter=   8   ave_lin=  4.0  iCGmth=   3
 Ef(eV)               = -.1621962E+00
 err of ug            = 0.1081E-01
 dv_ave, drho_tot     = 0.1743E-01 0.7190E-01
 E_tot(eV)            = -.13295252938238E+06    0.1099E+03
 -------------------------------------------
 iter=   9   ave_lin=  4.0  iCGmth=   3
 Ef(eV)               = -.1061811E+01
 err of ug            = 0.6828E-02
 dv_ave, drho_tot     = 0.1407E-01 0.3044E-01
 E_tot(eV)            = -.13291803685672E+06    0.3449E+02
 -------------------------------------------
 iter=  10   ave_lin=  4.0  iCGmth=   3
 Ef(eV)               = -.9908082E+00
 err of ug            = 0.2078E-02
 dv_ave, drho_tot     = 0.6931E-02 0.1084E-01
 E_tot(eV)            = -.13291265466194E+06    0.5382E+01
 -------------------------------------------
 iter=  11   ave_lin=  4.0  iCGmth=   3
 Ef(eV)               = -.9961424E+00
 err of ug            = 0.5539E-03
 dv_ave, drho_tot     = 0.3150E-02 0.6018E-02
 E_tot(eV)            = -.13291196001942E+06    0.6946E+00
 -------------------------------------------
 iter=  12   ave_lin=  4.0  iCGmth=   3
 Ef(eV)               = 0.7390084E+00
 err of ug            = 0.3038E-03
 dv_ave, drho_tot     = 0.3571E-02 0.3735E-02
 E_tot(eV)            = -.13291143202343E+06    0.5280E+00
 -------------------------------------------
 iter=  13   ave_lin=  4.0  iCGmth=   3
 Ef(eV)               = 0.6299916E+00
 err of ug            = 0.3582E-03
 dv_ave, drho_tot     = 0.4294E-02 0.2892E-02
 E_tot(eV)            = -.13291089723277E+06    0.5348E+00
 -------------------------------------------
 iter=  14   ave_lin=  4.0  iCGmth=   3
 Ef(eV)               = 0.7303629E+00
 err of ug            = 0.3330E-03
 dv_ave, drho_tot     = 0.5794E-02 0.2290E-02
 E_tot(eV)            = -.13291042122410E+06    0.4760E+00
 -------------------------------------------
 iter=  15   ave_lin=  4.0  iCGmth=   3
 Ef(eV)               = 0.9373859E+00
 err of ug            = 0.3603E-03
 dv_ave, drho_tot     = 0.6583E-02 0.1835E-02
 E_tot(eV)            = -.13291008176861E+06    0.3395E+00
 -------------------------------------------
 iter=  16   ave_lin=  4.0  iCGmth=   3
 Ef(eV)               = 0.1042879E+01
 err of ug            = 0.2650E-03
 dv_ave, drho_tot     = 0.4373E-02 0.1400E-02
 E_tot(eV)            = -.13291000362334E+06    0.7815E-01
 -------------------------------------------
 iter=  17   ave_lin=  4.0  iCGmth=   3
 Ef(eV)               = 0.1224274E+01
 err of ug            = 0.2046E-03
 dv_ave, drho_tot     = 0.3791E-02 0.1086E-02
 E_tot(eV)            = -.13290997726368E+06    0.2636E-01
 -------------------------------------------
 iter=  18   ave_lin=  4.0  iCGmth=   3
 Ef(eV)               = 0.1364559E+01
 err of ug            = 0.1318E-03
 dv_ave, drho_tot     = 0.2928E-02 0.8068E-03
 E_tot(eV)            = -.13290996312872E+06    0.1413E-01
 -------------------------------------------
 iter=  19   ave_lin=  4.0  iCGmth=   3
 Ef(eV)               = 0.1550916E+01
 err of ug            = 0.1107E-03
 dv_ave, drho_tot     = 0.2555E-02 0.6156E-03
 E_tot(eV)            = -.13290994612797E+06    0.1700E-01
 -------------------------------------------
 iter=  20   ave_lin=  4.0  iCGmth=   3
 Ef(eV)               = 0.1734020E+01
 err of ug            = 0.9877E-04
 dv_ave, drho_tot     = 0.2373E-02 0.4622E-03
 E_tot(eV)            = -.13290993248468E+06    0.1364E-01
 -------------------------------------------
 iter=  21   ave_lin=  4.0  iCGmth=   3
 Ef(eV)               = 0.1833497E+01
 err of ug            = 0.6590E-04
 dv_ave, drho_tot     = 0.1013E-02 0.3813E-03
 E_tot(eV)            = -.13290992510453E+06    0.7380E-02
 -------------------------------------------
 iter=  22   ave_lin=  4.0  iCGmth=   3
 Ef(eV)               = 0.1887419E+01
 err of ug            = 0.6519E-04
 dv_ave, drho_tot     = 0.1084E-02 0.3093E-03
 E_tot(eV)            = -.13290991843636E+06    0.6668E-02
 -------------------------------------------
 iter=  23   ave_lin=  4.0  iCGmth=   3
 Ef(eV)               = 0.1938929E+01
 err of ug            = 0.5497E-04
 dv_ave, drho_tot     = 0.8843E-03 0.2478E-03
 E_tot(eV)            = -.13290991492523E+06    0.3511E-02
 -------------------------------------------
 E_Fermi(eV)=   1.93892896812470     
 ---------------------------------------------------
 Ef(eV)               = 0.1938929E+01
 dvE, dvE(n)-dvE(n-1) = 0.7821E-06 -.3929E-06
 dv_ave, drho_tot     = 0.8843E-03 0.2478E-03
 err of ug            = 0.5497E-04
 ---------------------------------------------------
 ending_scf_reason = tol Etot_err  5.279008887880000E-003
 Ewald        = -.41787062638263E+05
 Alpha        = 0.15207970391171E+04
 E_extV       = 0.00000000000000E+00    0.0000E+00
 E_NSC        = -.21396234812946E+05    0.7259E+00
 E[-rho*V_Hxc]= -.12264608136543E+06    -.7224E+00
 E_Hxc        = 0.51398666852298E+05    0.7330E+00
 -TS          = -.24552591910154E-11    -.1983E-11
 E_tot(eV)    = -.13290991492523E+06    0.3511E-02
 E_tot(Ryd)   = -.97686986489804E+04    0.1290E-03
 ---------------------------------------------------
 ---------------------------------------------------
 occup for:      kpt=1,spin=1,m=(totN/2-2,totN/2+2)
   1.000    1.000    1.000    0.000    0.000
 eigen(eV) for:  kpt=1,spin=1,m=(totN/2-2,totN/2+2)
  -1.969   -1.889   -1.886    2.616    2.785
 ---------------------------------------------------
 ---------------------------------------------------
 E_Hart,E_xc,E_ion =0.80193442822307E+05  -.28794775970010E+05  -.22341139603924E+06
 E_Hxc+E_ion       =-.17201272918694E+06
 E_kin+E_nonloc    =0.79369079860861E+05
 E_rhoVext,E_IVext     =0.00000000000000E+00  0.00000000000000E+00
 E_psiV,E_dDrho =-.10076556738113E+06  0.00000000000000E+00
 ave(vtot):v0 =-.76917740714728E+01
 ave(V_ion_s(or p,d))=ave(V_Hatree)=0; ave(Vtot)=ave(V_xc)=v0
 ---------------------------------------------------
 *********************************
 Eigen energies are values after setting ave(Vtot)=0
 For Vtot=V_ion+V_Hartree+V_xc, and
 ave(V_ion+V_Hatree)=0, ave(V_xc).ne.0:  E=E+v0
 *********************************
iislda,kpt=   1,    1      0.000000     0.000000     0.000000             kpoint in xyz unit 
 err of each states, A.U
  0.279317E-04     0.151607E-03     0.262456E-04     0.302397E-04     0.445200E-04
  0.390429E-04     0.168100E-04     0.787995E-04     0.237497E-04     0.170118E-04
  0.150982E-04     0.159918E-04     0.181449E-04     0.124534E-04     0.424012E-04
  0.199164E-04     0.230891E-04     0.121544E-04     0.759417E-04     0.230732E-04
  0.205969E-04     0.305466E-04     0.143940E-04     0.232504E-04     0.162511E-04
  0.255353E-04     0.227300E-04     0.288858E-04     0.132113E-04     0.149854E-04
  0.202900E-04     0.290333E-04     0.723408E-04     0.557254E-04     0.148140E-04
  0.137506E-04     0.161730E-04     0.203049E-04     0.137593E-04     0.177083E-04
  0.432118E-04     0.164629E-04     0.425046E-04     0.179071E-04     0.186380E-04
  0.264694E-04     0.169472E-04     0.324070E-04     0.130108E-04     0.258791E-04
  0.333436E-04     0.131002E-04     0.172636E-04     0.315848E-04     0.365017E-04
  0.914897E-04     0.222044E-04     0.571803E-04     0.292890E-04     0.207806E-04
  0.212978E-04     0.711039E-04     0.192534E-04     0.153117E-04     0.143188E-04
  0.137456E-04     0.153079E-04     0.791051E-04     0.148743E-04     0.173400E-04
  0.186954E-04     0.296181E-04     0.214445E-04     0.161856E-04     0.161193E-04
  0.124538E-03     0.133962E-04     0.175745E-04     0.260995E-04     0.136485E-04
  0.101625E-04     0.133476E-04     0.112481E-04     0.123637E-04     0.365965E-04
  0.147247E-04     0.107380E-04     0.273622E-04     0.118526E-03     0.199329E-04
  0.107603E-04     0.118704E-04     0.184120E-04     0.103170E-04     0.133735E-04
  0.193235E-04     0.133180E-04     0.223203E-04     0.673192E-04     0.134880E-04
  0.136750E-04     0.165412E-04     0.385879E-04     0.143751E-04     0.117017E-04
  0.117477E-04     0.129361E-04     0.226831E-04     0.145830E-04     0.125204E-04
  0.118573E-04     0.123737E-04     0.483761E-04     0.403545E-04     0.141749E-04
  0.626254E-04     0.148917E-04     0.122650E-04     0.132732E-04     0.213558E-04
  0.130050E-04     0.247686E-04     0.142178E-04     0.495832E-04     0.124265E-04
  0.683204E-04     0.188923E-04     0.158962E-04     0.134024E-04     0.267219E-04
  0.172706E-04     0.330060E-04     0.272324E-04     0.123803E-04     0.122630E-04
  0.139676E-04     0.405268E-04     0.397153E-04     0.173608E-04     0.469027E-04
  0.144446E-04     0.494433E-04     0.782549E-04     0.268915E-04     0.796518E-04
  0.197967E-04     0.115321E-04     0.238689E-04     0.223818E-04     0.129746E-04
  0.681719E-04     0.286039E-04     0.214587E-04     0.133912E-04     0.155000E-03
  0.174174E-04     0.165954E-04     0.303770E-04     0.127507E-04     0.141132E-04
  0.174302E-04     0.103654E-04     0.144645E-04     0.214223E-04     0.334862E-04
  0.393695E-04     0.127927E-04     0.299917E-04     0.242326E-04     0.214024E-04
  0.402277E-04     0.129341E-04     0.177585E-04     0.250001E-04     0.195398E-04
  0.228545E-04     0.190235E-04     0.598611E-04     0.174315E-04     0.795374E-04
  0.177228E-04     0.129225E-04     0.112731E-04     0.149734E-04     0.165824E-04
  0.129111E-04     0.159235E-04     0.107602E-04     0.183200E-04     0.983474E-05
  0.139437E-04     0.240721E-04     0.288998E-04     0.962454E-05     0.270630E-04
  0.172151E-04     0.144672E-04     0.149859E-04     0.206530E-04     0.125374E-04
  0.193831E-04     0.164530E-04     0.116184E-04     0.134639E-04     0.214874E-04
  0.143491E-04     0.118620E-04     0.353842E-04     0.139656E-04     0.144112E-04
  0.252972E-04     0.257630E-04     0.225668E-04     0.250519E-04     0.173459E-04
  0.187756E-04     0.147372E-04     0.123447E-04     0.159430E-04     0.213339E-04
  0.184925E-04     0.186361E-04     0.169019E-04     0.137548E-04     0.185535E-04
  0.170487E-04     0.205083E-04     0.121775E-04     0.114645E-04     0.216170E-04
  0.193233E-04     0.134113E-04     0.131037E-04     0.203575E-04     0.136328E-04
  0.129173E-04     0.144560E-04     0.213333E-04     0.159706E-04     0.150391E-04
  0.115858E-04     0.150287E-04     0.180172E-04     0.180652E-04     0.182513E-04
  0.204879E-04     0.117658E-04     0.212742E-04     0.150172E-04     0.195695E-04
  0.152501E-04     0.145835E-04     0.140593E-04     0.146963E-04     0.155402E-04
  0.235255E-04     0.164428E-04     0.162738E-04     0.201586E-04     0.133631E-04
  0.235420E-04     0.148852E-04     0.122322E-04     0.174140E-04     0.153623E-04
  0.208590E-04     0.174343E-04     0.228762E-04     0.135171E-04     0.246535E-04
  0.160897E-04     0.144704E-04     0.172116E-04     0.168469E-04     0.178154E-04
  0.229566E-04     0.254960E-04     0.328037E-04     0.263672E-04     0.184485E-04
  0.229322E-04     0.216243E-04     0.197567E-04     0.217254E-04     0.154828E-04
  0.262205E-04     0.195888E-04     0.292286E-04     0.211917E-04     0.203341E-04
  0.165009E-04     0.141394E-04     0.154338E-04     0.304169E-04     0.225314E-04
  0.199378E-04     0.158099E-04     0.208293E-04     0.251900E-04     0.237140E-04
  0.237530E-04     0.134201E-04     0.207214E-04     0.158379E-04     0.139158E-04
  0.275078E-04     0.216377E-04     0.211369E-04     0.311007E-04     0.244612E-04
  0.226496E-04     0.216539E-04     0.338011E-04     0.214186E-04     0.159233E-04
  0.284369E-04     0.281527E-04     0.261309E-04     0.272748E-04     0.200033E-04
  0.205567E-04     0.232603E-04     0.210731E-04     0.246631E-04     0.218719E-04
  0.253271E-04     0.254100E-04     0.227581E-04     0.225862E-04     0.374416E-04
  0.290977E-04     0.232768E-04     0.211609E-04     0.259409E-04     0.278692E-04
  0.286798E-04     0.230888E-04     0.296687E-04     0.277913E-04     0.186439E-04
  0.206395E-04     0.275597E-04     0.241772E-04     0.288561E-04     0.266634E-04
  0.295206E-04     0.218641E-04     0.202931E-04     0.254877E-04     0.216823E-04
  0.256504E-04     0.198126E-04     0.289816E-04     0.244179E-04     0.259859E-04
  0.249912E-04     0.202567E-04     0.290179E-04     0.228520E-04     0.149491E-04
  0.251973E-04     0.245233E-04     0.234262E-04     0.189645E-04     0.166863E-04
  0.270111E-04     0.274328E-04     0.311229E-04     0.324570E-04     0.151646E-04
  0.230910E-04     0.172356E-04     0.254463E-04     0.262296E-04     0.206207E-04
  0.202348E-04     0.273021E-04     0.254089E-04     0.279076E-04     0.246220E-04
  0.225759E-04     0.215862E-04     0.230434E-04     0.230400E-04     0.283949E-04
  0.223865E-04     0.222149E-04     0.205532E-04     0.260296E-04     0.224172E-04
  0.328039E-04     0.314907E-04     0.344634E-04     0.339914E-04     0.255025E-04
  0.191730E-04     0.307765E-04     0.243018E-04     0.210171E-04     0.316920E-04
  0.270077E-04     0.261321E-04     0.307045E-04     0.247737E-04     0.245240E-04
  0.275217E-04     0.251279E-04     0.279858E-04     0.239015E-04     0.214485E-04
  0.220564E-04     0.255688E-04     0.382176E-04     0.280261E-04     0.305164E-04
  0.438969E-04     0.299785E-04     0.284684E-04     0.216970E-04     0.242306E-04
  0.384589E-04     0.419306E-04     0.383199E-04     0.345602E-04     0.359103E-04
  0.368555E-04     0.341689E-04     0.377461E-04     0.276145E-04     0.274691E-04
  0.266286E-04     0.325044E-04     0.330531E-04     0.281023E-04     0.324869E-04
  0.293022E-04     0.300468E-04     0.349816E-04     0.293793E-04     0.478582E-04
  0.387230E-04     0.276872E-04     0.236477E-04     0.287232E-04     0.311704E-04
  0.311277E-04     0.197923E-04     0.300233E-04     0.288069E-04     0.366215E-04
  0.213690E-04     0.267405E-04     0.531803E-04     0.223639E-04     0.250654E-04
  0.291474E-04     0.288868E-04     0.327238E-04     0.237938E-04     0.293870E-04
  0.316902E-04     0.275816E-04     0.212502E-04     0.256574E-04     0.409128E-04
  0.346650E-04     0.287478E-04     0.366444E-04     0.351945E-04     0.295911E-04
  0.287115E-04     0.266238E-04     0.166093E-04     0.212499E-04     0.222132E-04
  0.226654E-04     0.299238E-04     0.291460E-04     0.294388E-04     0.366101E-04
  0.313429E-04     0.351032E-04     0.244440E-04     0.374844E-04     0.366389E-04
  0.219167E-04     0.284787E-04     0.282396E-04     0.193220E-04     0.200116E-04
  0.176845E-04     0.223887E-04     0.225245E-04     0.201527E-04     0.170856E-04
  0.201696E-04     0.212831E-04     0.204234E-04     0.222471E-04     0.222855E-04
  0.240971E-04     0.179712E-04     0.182839E-04     0.203784E-04     0.179486E-04
  0.234932E-04     0.178090E-04     0.235568E-04     0.209708E-04     0.222919E-04
  0.205931E-04     0.300107E-04     0.202888E-04     0.233202E-04     0.220707E-04
  0.218968E-04     0.299039E-04     0.242523E-04     0.324394E-04     0.280787E-04
  0.276685E-04     0.249189E-04     0.300241E-04     0.159044E-04     0.406359E-04
  0.265235E-04     0.289647E-04     0.330567E-04     0.198394E-04     0.233839E-04
  0.224720E-04     0.163180E-04     0.279154E-04     0.231545E-04     0.292399E-04
  0.271458E-04     0.213875E-04     0.217917E-04     0.161376E-04     0.244801E-04
  0.190467E-04     0.231834E-04     0.221411E-04     0.265576E-04     0.228675E-04
  0.310118E-04     0.290727E-04     0.208442E-04     0.226073E-04     0.274067E-04
  0.167556E-04     0.251381E-04     0.169051E-04     0.264834E-04     0.201419E-04
  0.162761E-04     0.218584E-04     0.227288E-04     0.193240E-04     0.221315E-04
  0.264905E-04     0.272492E-04     0.238133E-04     0.168853E-04     0.198432E-04
  0.209014E-04     0.237741E-04     0.230549E-04     0.241430E-04     0.161368E-04
  0.239557E-04     0.219371E-04     0.208319E-04     0.239155E-04     0.234938E-04
  0.291082E-04     0.232087E-04     0.240984E-04     0.262567E-04     0.226760E-04
  0.199913E-04     0.193099E-04     0.230258E-04     0.229642E-04     0.179259E-04
  0.243745E-04     0.204750E-04     0.233841E-04     0.221169E-04     0.218762E-04
  0.317255E-04     0.301898E-04     0.221471E-04     0.232619E-04     0.207706E-04
  0.245031E-04     0.227089E-04     0.196385E-04     0.211517E-04     0.239127E-04
  0.203037E-04     0.243704E-04     0.226349E-04     0.226170E-04     0.229667E-04
  0.227118E-04     0.224329E-04     0.219108E-04     0.220890E-04     0.171060E-04
  0.265987E-04     0.219577E-04     0.198812E-04     0.274801E-04     0.215368E-04
  0.219789E-04     0.189490E-04     0.200268E-04     0.270080E-04     0.242254E-04
  0.240311E-04     0.258289E-04     0.245434E-04     0.188397E-04     0.350830E-04
  0.253099E-04     0.266725E-04     0.242421E-04     0.217223E-04     0.209409E-04
  0.205768E-04     0.218185E-04     0.210045E-04     0.214362E-04     0.222506E-04
  0.252821E-04     0.222981E-04     0.204131E-04     0.243480E-04     0.250801E-04
  0.247539E-04     0.224922E-04     0.206905E-04     0.233977E-04     0.179048E-04
  0.252111E-04     0.252050E-04     0.221511E-04     0.247912E-04     0.200685E-04
  0.259609E-04     0.308400E-04     0.274989E-04     0.253767E-04     0.276972E-04
  0.218565E-04     0.236516E-04     0.213957E-04     0.235847E-04     0.216425E-04
  0.225036E-04     0.247026E-04     0.187189E-04     0.253139E-04     0.240070E-04
  0.260679E-04     0.251202E-04     0.282472E-04     0.259217E-04     0.264002E-04
  0.259865E-04     0.271928E-04     0.261981E-04     0.262392E-04     0.282481E-04
  0.239955E-04     0.296128E-04     0.266749E-04     0.228175E-04     0.219533E-04
  0.314560E-04     0.334527E-04     0.281347E-04     0.275863E-04     0.299031E-04
  0.277366E-04     0.238026E-04     0.289099E-04     0.261811E-04     0.262061E-04
  0.296386E-04     0.291177E-04     0.287943E-04     0.283472E-04     0.270222E-04
  0.276155E-04     0.220793E-04     0.259756E-04     0.277425E-04     0.280862E-04
  0.315593E-04     0.200264E-04     0.253461E-04     0.286368E-04     0.266686E-04
  0.302546E-04     0.277543E-04     0.280394E-04     0.296054E-04     0.253198E-04
  0.248854E-04     0.335224E-04     0.251762E-04     0.285394E-04     0.271329E-04
  0.318601E-04     0.280373E-04     0.284171E-04     0.318395E-04     0.302253E-04
  0.283459E-04     0.292415E-04     0.266790E-04     0.277294E-04     0.298129E-04
  0.305467E-04     0.302954E-04     0.324691E-04     0.343839E-04     0.294925E-04
  0.288158E-04     0.337238E-04     0.348091E-04     0.311334E-04     0.287377E-04
  0.313341E-04     0.314435E-04     0.311460E-04     0.324888E-04     0.354035E-04
  0.332617E-04     0.310312E-04     0.292655E-04     0.358556E-04     0.291586E-04
  0.369654E-04     0.326665E-04     0.345581E-04     0.321575E-04     0.299916E-04
  0.309936E-04     0.294858E-04     0.321390E-04     0.342569E-04     0.336650E-04
  0.274793E-04     0.288927E-04     0.292147E-04     0.305630E-04     0.341692E-04
  0.371658E-04     0.424078E-04     0.260296E-04     0.290330E-04     0.269598E-04
  0.268111E-04     0.318032E-04     0.318982E-04     0.313189E-04     0.355635E-04
  0.277872E-04     0.298422E-04     0.303588E-04     0.291346E-04     0.264730E-04
  0.301321E-04     0.300694E-04     0.306215E-04     0.332117E-04     0.302918E-04
  0.316124E-04     0.301872E-04     0.271820E-04     0.311900E-04     0.312497E-04
  0.344842E-04     0.320407E-04     0.277540E-04     0.326565E-04     0.312622E-04
  0.342655E-04     0.288340E-04     0.320710E-04     0.355606E-04     0.296456E-04
  0.302061E-04     0.264144E-04     0.275934E-04     0.362366E-04     0.280712E-04
  0.315510E-04     0.344387E-04     0.368229E-04     0.371773E-04     0.283820E-04
  0.383922E-04     0.321543E-04     0.302149E-04     0.395695E-04     0.293133E-04
  0.297017E-04     0.299344E-04     0.379487E-04     0.422917E-04     0.380542E-04
  0.304282E-04     0.314497E-04     0.384948E-04     0.406813E-04     0.383958E-04
  0.305682E-04     0.318507E-04     0.304819E-04     0.304555E-04     0.290021E-04
  0.288924E-04     0.307743E-04     0.310980E-04     0.307810E-04     0.305041E-04
  0.416584E-04     0.315851E-04     0.311939E-04     0.439746E-04     0.342869E-04
  0.384657E-04     0.380144E-04     0.444378E-04     0.435224E-04     0.355604E-04
  0.316659E-04     0.248097E-04     0.282494E-04     0.514852E-04     0.392295E-04
  0.232408E-04     0.284257E-04     0.317901E-04     0.301147E-04     0.266173E-04
  0.256703E-04     0.287262E-04     0.328341E-04     0.232461E-04     0.269066E-04
  0.288454E-04     0.312745E-04     0.350581E-04     0.292628E-04     0.295018E-04
  0.267512E-04     0.364962E-04     0.274096E-04     0.286380E-04     0.323882E-04
  0.431654E-04     0.436207E-04     0.275508E-04     0.428866E-04     0.295929E-04
  0.415269E-04     0.333584E-04     0.363741E-04     0.634423E-04     0.453472E-04
  0.362386E-04     0.435140E-04     0.509590E-04     0.374937E-04     0.461050E-04
  0.362314E-04     0.457813E-04     0.485431E-04     0.566142E-04     0.375578E-04
  0.321758E-04     0.520036E-04     0.518399E-04     0.399840E-04     0.471667E-04
  0.542572E-04     0.511022E-04     0.423398E-04     0.371520E-04     0.341023E-04
  0.353729E-04     0.346941E-04     0.429387E-04     0.357642E-04     0.336899E-04
  0.605113E-04     0.352352E-04     0.311289E-04     0.347603E-04     0.337407E-04
  0.383909E-04     0.381321E-04     0.396904E-04     0.416516E-04     0.448189E-04
  0.412366E-04     0.508627E-04     0.441597E-04     0.597707E-04     0.307047E-04
  0.654073E-04     0.287476E-04     0.485686E-04     0.335477E-04     0.523719E-04
  0.293742E-04     0.606029E-04     0.342891E-04     0.356971E-04     0.323983E-04
  0.434038E-04     0.372936E-04     0.325578E-04     0.372855E-04     0.560233E-04
  0.403437E-04     0.384499E-04     0.302054E-04     0.462411E-04     0.360365E-04
  0.803810E-04     0.250403E-04     0.356006E-04     0.443905E-04     0.301994E-04
  0.256716E-04     0.328223E-04     0.272555E-04     0.393705E-04     0.504174E-04
  0.434907E-04     0.343256E-04     0.274092E-04     0.282119E-04     0.384502E-04
  0.233835E-04     0.306186E-04     0.236482E-04     0.306888E-04     0.373925E-04
  0.382959E-04     0.286857E-04     0.469131E-04     0.433658E-04     0.436979E-04
  0.470137E-04     0.418033E-04     0.418371E-04     0.357742E-04     0.171507E-04
  0.405826E-04     0.349815E-04     0.435064E-04     0.275916E-04     0.293798E-04
  0.736057E-04     0.962815E-04     0.189859E-03     0.132926E-03     0.157787E-03
  0.187829E-03     0.143549E-03     0.173873E-03     0.163054E-03     0.301481E-03
  0.385275E-03     0.322586E-03     0.475779E-03     0.678898E-03     0.553745E-03
  0.553555E-03     0.300792E-03     0.826744E-03     0.785742E-03     0.101056E-02
  0.119932E-02     0.108136E-02     0.891959E-03     0.118420E-02     0.196659E-02
  0.144439E-02     0.142884E-02     0.120340E-02     0.124170E-02     0.191775E-02
  0.157453E-02     0.150165E-02     0.298196E-02     0.192562E-02     0.208460E-02
  0.332428E-02     0.173039E-02     0.361798E-02     0.317026E-02     0.460556E-02
  0.361461E-02     0.326874E-02     0.459214E-02     0.461669E-02     0.474851E-02
  0.601941E-02     0.409652E-02     0.361884E-02     0.725170E-02     0.598957E-02
  0.579068E-02     0.607336E-02     0.615122E-02     0.100829E-01     0.110319E-01
  0.903071E-02     0.957337E-02     0.181235E-01
 eigen energies, in eV 
    -44.477969       -44.450680       -44.383210       -44.182173       -43.920905
    -28.413113       -28.379639       -28.326274       -28.300617       -28.204452
    -28.151846       -28.137840       -28.118332       -28.057991       -27.950814
    -27.893693       -27.888645       -27.876965       -27.872706       -27.872036
    -27.856535       -27.844338       -27.843486       -27.824435       -27.785870
    -27.780228       -27.778795       -27.757678       -27.732422       -27.723916
    -27.669125       -27.641095       -27.632928       -27.575151       -27.572722
    -27.535149       -27.529792       -27.492208       -27.481035       -27.436228
    -27.427631       -27.413363       -27.402046       -27.367634       -27.272297
    -27.265002       -27.260064       -27.246304       -27.241977       -27.228524
    -27.227164       -27.191108       -27.177256       -27.172236       -27.144609
    -27.124554       -27.109164       -27.048261       -27.046608       -27.042246
    -27.028966       -26.997471       -26.989625       -26.887120       -26.851500
    -26.833137       -26.813997       -26.733435       -26.730042       -26.711746
    -26.673242       -26.642130       -26.571408       -26.526564       -26.494126
    -26.458683       -26.418385       -26.363769       -26.318466       -26.312286
    -26.305344       -26.269186       -26.266506       -26.224485       -26.209378
    -26.190293       -26.166642       -26.116557       -26.114503       -26.092146
    -26.061122       -26.010117       -25.999319       -25.981243       -25.974414
    -25.949222       -25.940006       -25.906676       -25.885672       -25.863175
    -25.862805       -25.822539       -25.807837       -25.807188       -25.762745
    -25.760671       -25.756486       -25.746150       -25.740958       -25.737448
    -25.735761       -25.680857       -25.668744       -25.655169       -25.654052
    -25.637535       -25.625273       -25.605780       -25.604258       -25.598035
    -25.597556       -25.564069       -25.558677       -25.508630       -25.484275
    -25.462978       -25.442754       -25.437722       -25.432425       -25.397034
    -25.392506       -25.279553       -25.266771       -25.130573       -25.129541
    -23.951013       -23.845480       -23.834059       -23.748345       -23.555100
    -23.499910       -23.425484       -23.398482       -23.377056       -23.373058
    -23.319745       -23.284720       -23.170828       -23.162876       -23.161132
    -23.143362       -23.103867       -23.091618       -23.081827       -23.076260
    -23.056287       -23.048821       -23.019161       -23.000529       -22.993240
    -22.944360       -22.874974       -22.838749       -22.819129       -22.813384
    -22.799452       -22.699980       -22.432772       -22.283153       -22.096683
    -22.049001       -21.552150       -21.521368       -21.352519       -21.316695
    -21.315740       -21.297043       -21.203440       -21.177063       -21.148590
    -21.081290       -21.067607       -21.049982       -21.047632       -20.893926
    -20.826216       -20.806357       -20.773580       -20.745417       -20.690749
    -18.433795       -18.430511       -18.189415       -18.138178       -18.055223
    -16.535523       -16.227055       -16.218432       -16.112914       -16.107106
    -16.019193       -15.996183       -15.994232       -15.940737       -15.829860
    -15.778086       -15.745967       -15.670949       -15.614455       -15.538295
    -15.329353       -15.285116       -15.029887       -14.981640       -14.976614
    -14.935385       -14.902990       -14.864642       -14.831544       -14.801278
    -14.744380       -14.743469       -14.654000       -14.612373       -14.608723
    -14.599576       -14.531808       -14.483622       -14.463888       -14.396537
    -14.363005       -14.359993       -14.353526       -14.343610       -14.303379
    -13.945510       -13.783098       -13.737724       -13.724096       -13.709842
    -13.609686       -13.569229       -13.563799       -13.563133       -13.559312
    -13.543392       -13.507676       -13.495644       -13.468822       -13.459617
    -13.451471       -13.420348       -13.417624       -13.400124       -13.365982
    -13.349051       -13.342907       -13.327503       -13.288038       -13.249382
    -13.208210       -13.187991       -13.184034       -12.966548       -12.933900
    -12.227099       -12.179412       -12.164273       -12.141027       -12.128903
    -12.015250       -11.971348       -11.949289       -11.928295       -11.919730
    -11.904636       -11.834749       -11.820429       -11.803495       -11.794809
    -11.672505       -11.645291       -11.618993       -11.583068       -11.540752
    -11.513110       -11.512406       -11.491701       -11.481370       -11.462458
    -11.427093       -11.416890       -11.414498       -11.382492       -11.336454
    -11.313667       -11.297038       -11.278400       -11.249296       -11.205904
    -11.183007       -11.020494       -11.007827       -10.925332       -10.919763
    -10.856188       -10.756657       -10.746952       -10.721496       -10.696859
    -10.690324       -10.624377       -10.601787       -10.580064       -10.559113
    -10.501734       -10.499043       -10.474177       -10.452945       -10.436989
    -10.428832       -10.405722       -10.392119       -10.378078       -10.374276
    -10.365674       -10.360535       -10.329240       -10.323496       -10.309213
    -10.305325       -10.279831       -10.274838       -10.269243       -10.246405
    -10.227422       -10.214821       -10.209678       -10.205405       -10.192440
    -10.190412       -10.140020       -10.130768       -10.104350       -10.078260
    -10.060597       -10.045017       -10.035354       -10.007602        -9.996748
     -9.992781        -9.985818        -9.968464        -9.965544        -9.963379
     -9.946801        -9.940298        -9.915900        -9.914748        -9.902639
     -9.895485        -9.883736        -9.869430        -9.851256        -9.835218
     -9.825596        -9.818111        -9.810928        -9.804898        -9.779303
     -9.746461        -9.743886        -9.731649        -9.708425        -9.701928
     -9.696297        -9.695124        -9.683344        -9.663111        -9.636530
     -9.628548        -9.624898        -9.611188        -9.603218        -9.595515
     -9.586640        -9.551991        -9.548275        -9.537535        -9.534815
     -9.517960        -9.515133        -9.497747        -9.492518        -9.478326
     -9.469773        -9.463650        -9.457781        -9.423862        -9.410397
     -9.369099        -9.346268        -9.318036        -9.304632        -9.291156
     -9.286582        -9.278503        -9.274230        -9.267497        -9.256463
     -9.249715        -9.245775        -9.226873        -9.209930        -9.199357
     -9.182682        -9.121399        -9.113587        -9.107605        -9.098209
     -9.082280        -9.076689        -9.064657        -9.056672        -9.056447
     -9.050961        -9.047181        -9.026846        -9.007872        -9.006320
     -8.993986        -8.972582        -8.947304        -8.919400        -8.912224
     -8.901869        -8.887123        -8.884857        -8.874827        -8.859956
     -8.855936        -8.849778        -8.833534        -8.820942        -8.810413
     -8.787345        -8.778664        -8.771552        -8.750601        -8.729176
     -8.713954        -8.692397        -8.687618        -8.671070        -8.649192
     -8.647137        -8.612240        -8.600561        -8.590054        -8.582325
     -8.573218        -8.538479        -8.530097        -8.501346        -8.481847
     -8.454474        -8.441640        -8.436895        -8.434240        -8.404226
     -8.386606        -8.376166        -8.341818        -8.297977        -8.290278
     -8.287629        -8.274528        -8.262672        -8.244552        -8.210883
     -8.203046        -8.180083        -8.157840        -8.145339        -8.125580
     -8.073273        -8.012044        -8.009767        -7.985347        -7.970621
     -7.948564        -7.937463        -7.900053        -7.883322        -7.869118
     -7.861361        -7.825267        -7.783277        -7.775029        -7.768905
     -7.758569        -7.707410        -7.698231        -7.687324        -7.675253
     -7.640329        -7.629856        -7.611124        -7.600388        -7.560176
     -7.549462        -7.533949        -7.520837        -7.492805        -7.483567
     -7.417431        -7.408099        -7.395194        -7.351217        -7.320094
     -7.301371        -7.247141        -7.239811        -7.230361        -7.215698
     -7.211821        -7.203907        -7.188273        -7.162730        -7.134272
     -7.115247        -7.107875        -7.101090        -7.087014        -7.085234
     -7.062880        -7.045665        -7.039602        -6.993411        -6.987724
     -6.978889        -6.971898        -6.934825        -6.917582        -6.904985
     -6.902756        -6.851908        -6.841296        -6.826821        -6.814288
     -6.805501        -6.796860        -6.755936        -6.749447        -6.722728
     -6.707918        -6.698963        -6.680907        -6.660902        -6.651609
     -6.625365        -6.621153        -6.610446        -6.598648        -6.575110
     -6.570323        -6.555962        -6.549881        -6.539811        -6.520539
     -6.515119        -6.509685        -6.500980        -6.481544        -6.460267
     -6.453549        -6.438320        -6.425427        -6.420281        -6.402682
     -6.397098        -6.384087        -6.367363        -6.355170        -6.346337
     -6.342140        -6.336949        -6.331913        -6.330950        -6.318151
     -6.315431        -6.309837        -6.292726        -6.276893        -6.269814
     -6.268916        -6.263568        -6.256523        -6.239774        -6.222139
     -6.216397        -6.210092        -6.195828        -6.185406        -6.169910
     -6.168918        -6.157750        -6.150322        -6.142838        -6.112253
     -6.106135        -6.093537        -6.082307        -6.068549        -6.065236
     -6.061622        -6.058281        -6.048265        -6.040798        -6.033014
     -6.027225        -6.023914        -6.009358        -5.998885        -5.991817
     -5.986175        -5.979827        -5.962056        -5.955581        -5.951438
     -5.943831        -5.935120        -5.933577        -5.926475        -5.913721
     -5.908117        -5.902130        -5.894370        -5.878184        -5.861596
     -5.858620        -5.848632        -5.842855        -5.834372        -5.827026
     -5.820038        -5.817295        -5.796393        -5.775875        -5.770140
     -5.767126        -5.760844        -5.752630        -5.745141        -5.738939
     -5.733045        -5.720735        -5.709861        -5.709141        -5.703538
     -5.699719        -5.687694        -5.678367        -5.669132        -5.662314
     -5.660648        -5.659417        -5.647358        -5.639243        -5.628029
     -5.625170        -5.616578        -5.607551        -5.603406        -5.596959
     -5.590141        -5.583765        -5.578847        -5.573477        -5.567924
     -5.561557        -5.554164        -5.548323        -5.542090        -5.535703
     -5.535291        -5.525769        -5.514640        -5.510109        -5.507912
     -5.503475        -5.501832        -5.491762        -5.486990        -5.482268
     -5.473606        -5.462108        -5.461415        -5.444246        -5.433991
     -5.427296        -5.422427        -5.416038        -5.415726        -5.412127
     -5.404553        -5.396683        -5.389209        -5.383489        -5.380271
     -5.369546        -5.365882        -5.355883        -5.345177        -5.341592
     -5.341103        -5.333019        -5.325421        -5.306421        -5.300459
     -5.294388        -5.286864        -5.284453        -5.275949        -5.271607
     -5.263175        -5.252737        -5.249345        -5.245317        -5.238478
     -5.229906        -5.224351        -5.220119        -5.214617        -5.207303
     -5.204168        -5.199851        -5.195157        -5.194103        -5.181938
     -5.170993        -5.167469        -5.165251        -5.154601        -5.149661
     -5.137874        -5.120534        -5.114410        -5.111202        -5.110869
     -5.100923        -5.095683        -5.091618        -5.081739        -5.078141
     -5.064025        -5.059475        -5.057090        -5.046811        -5.045187
     -5.040527        -5.032180        -5.028370        -5.021298        -5.015345
     -5.013000        -5.006243        -4.993625        -4.989280        -4.985229
     -4.969676        -4.963194        -4.959240        -4.956994        -4.947278
     -4.936070        -4.930506        -4.925540        -4.918586        -4.911535
     -4.904370        -4.900871        -4.899074        -4.895981        -4.887754
     -4.883824        -4.879131        -4.869985        -4.863749        -4.863485
     -4.859787        -4.858494        -4.851427        -4.847999        -4.839064
     -4.832905        -4.831108        -4.826688        -4.824138        -4.811927
     -4.799827        -4.793747        -4.780253        -4.777099        -4.767964
     -4.762427        -4.750575        -4.748887        -4.728697        -4.722476
     -4.715878        -4.701777        -4.695934        -4.685132        -4.682973
     -4.677114        -4.667089        -4.650254        -4.640869        -4.632424
     -4.625638        -4.624762        -4.600475        -4.597170        -4.584153
     -4.582466        -4.570913        -4.556288        -4.546481        -4.542214
     -4.529794        -4.527996        -4.516712        -4.505859        -4.493997
     -4.477550        -4.474294        -4.454942        -4.449890        -4.430847
     -4.428051        -4.396980        -4.372480        -4.332322        -4.317200
     -4.304338        -4.295451        -4.274584        -4.264036        -4.248715
     -4.240679        -4.199282        -4.185010        -4.169033        -4.154642
     -4.121537        -4.115198        -4.087815        -4.075099        -4.063453
     -4.052516        -4.038748        -3.985192        -3.957530        -3.947617
     -3.934158        -3.899846        -3.884869        -3.879848        -3.857703
     -3.855667        -3.828550        -3.820731        -3.800184        -3.779876
     -3.768703        -3.731896        -3.717996        -3.702248        -3.685881
     -3.667052        -3.650631        -3.628463        -3.611921        -3.608728
     -3.584082        -3.574069        -3.568255        -3.553834        -3.544161
     -3.533826        -3.524364        -3.512799        -3.510636        -3.478428
     -3.465624        -3.451192        -3.433258        -3.432707        -3.424729
     -3.413427        -3.402892        -3.395677        -3.392689        -3.377425
     -3.374963        -3.365322        -3.355432        -3.348671        -3.323822
     -3.315647        -3.293386        -3.287216        -3.281955        -3.274349
     -3.267103        -3.238869        -3.236740        -3.219820        -3.169381
     -3.152363        -3.146352        -3.136810        -3.108646        -3.104117
     -3.097338        -3.067154        -3.062826        -3.037022        -3.028918
     -2.990001        -2.980281        -2.961234        -2.954081        -2.920401
     -2.897910        -2.865449        -2.776766        -2.765258        -2.753450
     -2.733209        -2.731234        -2.707711        -2.672779        -2.649306
     -2.629275        -2.623508        -2.618810        -2.599310        -2.593185
     -2.543114        -2.512406        -2.449194        -2.436534        -2.403283
     -2.378760        -2.337720        -2.318609        -2.275893        -2.262553
     -2.244154        -2.235688        -2.225501        -2.203854        -2.116657
     -2.111737        -1.992195        -1.969443        -1.888735        -1.886229
      2.615763         2.785174         2.863730         3.044224         3.052699
      3.069389         3.112093         3.155058         3.168837         3.182827
      3.326520         3.371655         3.428570         3.450098         3.478667
      3.505373         3.569631         3.624160         3.635462         3.681315
      3.731950         3.758314         3.770109         3.824510         3.836655
      3.850476         3.881527         3.901425         3.933394         3.964640
      3.997164         4.024081         4.034420         4.058248         4.063031
      4.073772         4.115318         4.120247         4.138952         4.161575
      4.180161         4.208136         4.213997         4.238653         4.250585
      4.280220         4.299572         4.336020         4.368052         4.397496
      4.415449         4.424269         4.450871         4.468407         4.483193
      4.513465         4.538942         4.567925
 *********************************
 total computation time (sec)=   1996.28616309166     
