           4           1
 PRECISION  = SINGLE     
 JOB       = SCF
 IN.PSP1   = /home/sabs/shenjie/Pseudopotential/Li.nc.pbe.UPF
 IN.PSP2   = /home/sabs/shenjie/Pseudopotential/C.nc.pbe.UPF
 IN.PSP3   = /home/sabs/shenjie/Pseudopotential/O.nc.pbe.UPF
 IN.PSP4   = /home/sabs/shenjie/Pseudopotential/N.nc.pbe.UPF
 IN.PSP5   = /home/sabs/shenjie/Pseudopotential/S.nc.pbe.UPF
 IN.PSP6   = /home/sabs/shenjie/Pseudopotential/F.nc.pbe.UPF
 IN.PSP7   = /home/sabs/shenjie/Pseudopotential/H.nc.pbe.UPF
 IN.PSP8   = /home/sabs/shenjie/Pseudopotential/P.nc.pbe.UPF
 IN.ATOM   = atom.config         
 CONVERGENCE  = EASY
 ACCURACY  = NORM
 VFF_DETAIL =   1   500  0.50000000E-02     30.00000     4.00000     0.00000     1.00000  
 EGG_DETAIL =            3           3           3
 SPIN      =   1
 CONSTRAINT_MAG =           0
 RANDOM_SEED=           0
 QIJ_DETAIL =   0  1
 SCF_MIX = CHARGE
 PWSCF_OUTPUT     =  F
 Ecut      =    60.0000000000000     
 Ecut2     =    120.000000000000     
 Ecut2L    =    120.000000000000     
 EcutP    =    60.0000000000000     
 N123      =   120   120   120
 NS123     =    40    40    40
 N123L     =   120   120   120
 STRESS_CORR =   0.100000E+01  0.000000E+00  0.200000E+01  0.000000E+00
 XCFUNCTIONAL = LDA
 HSE_DETAIL    =      1.00000000    1     0.00000000    6 1 1
 RELAX_HSE    =    20   0.50000E-01     2
 VDW       = NONE
 LONDON_S6      =   0.000000000000000E+000
 LONDON_C6(1)      =   -1.00000000000000     
 LONDON_C6(2)      =   -1.00000000000000     
 LONDON_C6(3)      =   -1.00000000000000     
 LONDON_C6(4)      =   -1.00000000000000     
 LONDON_C6(5)      =   -1.00000000000000     
 LONDON_C6(6)      =   -1.00000000000000     
 LONDON_C6(7)      =   -1.00000000000000     
 LONDON_C6(8)      =   -1.00000000000000     
 LONDON_RCUT      =   0.000000000000000E+000
 DFTD3_S6        =   0.000000000000000E+000
 DFTD3_RS6        =   0.000000000000000E+000
 DFTD3_S18        =   0.000000000000000E+000
 DFTD3_RS18        =   0.000000000000000E+000
 DFTD3_ALPHA6        =   0.000000000000000E+000
 DFTD3_VERSION        =            0
 DFTD3_3BODY        =  F
 COULOMB   =    0
 IN.WG     =  F
 OUT.WG    =  F
 IN.RHO    =  F
 OUT.RHOATOM =  F
 OUT.RHO   =  F
 IN.VR     =  F
 OUT.VR    =  F
 OUT.ELF   =  F
 IN.VEXT   =  F
 OUT.VATOM   =  F
 OUT.FORCE =  T
 OUT.STRESS =  F
 IN.KPT    =  F
 IN.SYMM   =  F
 SYMM_PREC =    0.10000E-04
 MP_N123 =      1      1      1      0      0      0      0
 NUM_KPT =            1
 CHARGE_DECOMP = F
 ENERGY_DECOMP = F 
 IN.SOLVENT =  F
 NUM_ELECTRON =   1940.00000000000     
 FIX_FERMI =   F  0.000000E+00  0.000000E+00  0.000000E+00
 IN.NONSCF    =  F
 NUM_BAND  =  1028
 OUT.REAL.RHOWF_SP= 0
 WG_ERROR  =   1.000000000000000E-004
 E_ERROR   =   5.279008887880000E-003
 RHO_ERROR =   5.000000000000000E-005
 RHO_RELATIVE_ERROR      =   0.000000000000000E+000
 FORCE_RELATIVE_ERROR     =   0.000000000000000E+000
 MIN_SCF_ITER     =            1
 SYS_TYPE   =            1
 PULAY_MIX_OPT =     30  1  0       1.00000       0.00000
 PULAY_METRIC_Q0 =       -1.00000
 IN.OCC    =  F          -1
 IN.CC    =  F
 IN.OCC_ADIA    =  F
 SCF_ITER0_1 =    6   4    3    0.0000     0.02500    1
 SCF_ITER0_2 =   94   4    3    1.0000     0.02500    1
 SCF_ITER1_1 =   40   4    3    1.0000     0.02500    1
 NONLOCAL  =  2
 IN.A_FIELD =  F       0.00000       0.00000       0.00000
 RCUT      =    4.00000000000000     
 IN.PSP_RCUT1 =   4.00000000000000     
 IN.PSP_RCUT2 =   4.00000000000000     
 IN.PSP_RCUT3 =   4.00000000000000     
 IN.PSP_RCUT4 =   4.00000000000000     
 IN.PSP_RCUT5 =   4.00000000000000     
 IN.PSP_RCUT6 =   4.00000000000000     
 IN.PSP_RCUT7 =   4.00000000000000     
 IN.PSP_RCUT8 =   4.00000000000000     
 MD_VV_SCALE =    100
 LDAU_PSP1   =           -1  2.721138638331097E-009  2.721138638331097E-009  eV
 LDAU_PSP2   =           -1  2.721138638331097E-009  2.721138638331097E-009  eV
 LDAU_PSP3   =           -1  2.721138638331097E-009  2.721138638331097E-009  eV
 LDAU_PSP4   =           -1  2.721138638331097E-009  2.721138638331097E-009  eV
 LDAU_PSP5   =           -1  2.721138638331097E-009  2.721138638331097E-009  eV
 LDAU_PSP6   =           -1  2.721138638331097E-009  2.721138638331097E-009  eV
 LDAU_PSP7   =           -1  2.721138638331097E-009  2.721138638331097E-009  eV
 LDAU_PSP8   =           -1  2.721138638331097E-009  2.721138638331097E-009  eV
 NUM_BLOCKED_PSI=  F
 WF_STORE2DISK  =            0
 NUM_DOS_GRID =         4000
 NMAP_MAX =        50000
 KERK_AMIN =   0.300000000000000     
 KERK_AMIX =   0.400000000000000     
 KERK_AMIX_MAG =   0.800000000000000     
 KERK_BMIX =   0.500000000000000     
 LDAU_MIX =   0.700000000000000     
 PULAY_WEIGHT_SPIN =    1.00000000000000     
 PULAY_WEIGHT_NS =    1.00000000000000     
 OUT.MLMD    =  F
 NUM_MPI_PER_GPU =     1
 FLAG_CYLINDER =            0
 SET_OUT_FERMI_POS =  F           0
 E_FINITE =  F   0.00000E+00   0.00000E+00   0.00000E+00
 MLINE_EIGEN =      1
 
 ------------------------------------------------
 total number of K-point:           1
   0.00000     0.00000    0.00000     1.00000            
 ------------------------------------------------
 
 
 *********************************************
 *********** end of etot.input report ********
 minimum n1,n2,n3 from Ecut2
     118.970      119.148      119.089
 minimum n1L,n2L,n3L from Ecut2L
     118.970      119.148      119.089
 *********************************************
 
 
Weighted average num_of_PW for all kpoint=                       312673.000
 ************************************
 E_Hxc(eV)         49485.5103529498     
 E_ion(eV)        -219203.724592346     
 E_Coul(eV)        77711.4207893282     
 E_Hxc+E_ion(eV)  -169718.214239396     
 NONSCF     1          AVE_STATE_ERROR= 0.5918E+01
 NONSCF     2          AVE_STATE_ERROR= 0.1621E+01
 NONSCF     3          AVE_STATE_ERROR= 0.4978E+00
 NONSCF     4          AVE_STATE_ERROR= 0.9191E-01
 NONSCF     5          AVE_STATE_ERROR= 0.1557E-01
 NONSCF     6          AVE_STATE_ERROR= 0.3139E-02
 iter=   7   ave_lin=  4.0  iCGmth=   3
 Ef(eV)               = -.1627296E+01
 err of ug            = 0.1239E-02
 dv_ave, drho_tot     = 0.0000E+00 0.1229E+00
 E_tot(eV)            = -.13305078083947E+06    -.1331E+06
 -------------------------------------------
 iter=   8   ave_lin=  4.0  iCGmth=   3
 Ef(eV)               = 0.1110275E+00
 err of ug            = 0.1082E-01
 dv_ave, drho_tot     = 0.1704E-01 0.7101E-01
 E_tot(eV)            = -.13294579750390E+06    0.1050E+03
 -------------------------------------------
 iter=   9   ave_lin=  4.0  iCGmth=   3
 Ef(eV)               = -.1142195E+01
 err of ug            = 0.6623E-02
 dv_ave, drho_tot     = 0.1349E-01 0.3051E-01
 E_tot(eV)            = -.13291393985396E+06    0.3186E+02
 -------------------------------------------
 iter=  10   ave_lin=  4.0  iCGmth=   3
 Ef(eV)               = 0.7269434E+00
 err of ug            = 0.2025E-02
 dv_ave, drho_tot     = 0.6932E-02 0.1051E-01
 E_tot(eV)            = -.13290867273441E+06    0.5267E+01
 -------------------------------------------
 iter=  11   ave_lin=  4.0  iCGmth=   3
 Ef(eV)               = 0.6710973E+00
 err of ug            = 0.5408E-03
 dv_ave, drho_tot     = 0.3024E-02 0.5907E-02
 E_tot(eV)            = -.13290800945329E+06    0.6633E+00
 -------------------------------------------
 iter=  12   ave_lin=  4.0  iCGmth=   3
 Ef(eV)               = 0.5506332E+00
 err of ug            = 0.3070E-03
 dv_ave, drho_tot     = 0.3538E-02 0.3675E-02
 E_tot(eV)            = -.13290747723545E+06    0.5322E+00
 -------------------------------------------
 iter=  13   ave_lin=  4.0  iCGmth=   3
 Ef(eV)               = 0.4649436E+00
 err of ug            = 0.3597E-03
 dv_ave, drho_tot     = 0.4232E-02 0.2858E-02
 E_tot(eV)            = -.13290694594973E+06    0.5313E+00
 -------------------------------------------
 iter=  14   ave_lin=  4.0  iCGmth=   3
 Ef(eV)               = 0.8008705E+00
 err of ug            = 0.3420E-03
 dv_ave, drho_tot     = 0.5741E-02 0.2246E-02
 E_tot(eV)            = -.13290647763896E+06    0.4683E+00
 -------------------------------------------
 iter=  15   ave_lin=  4.0  iCGmth=   3
 Ef(eV)               = 0.1135067E+01
 err of ug            = 0.3558E-03
 dv_ave, drho_tot     = 0.6300E-02 0.1797E-02
 E_tot(eV)            = -.13290616620661E+06    0.3114E+00
 -------------------------------------------
 iter=  16   ave_lin=  4.0  iCGmth=   3
 Ef(eV)               = 0.1310877E+01
 err of ug            = 0.2557E-03
 dv_ave, drho_tot     = 0.4007E-02 0.1382E-02
 E_tot(eV)            = -.13290609336711E+06    0.7284E-01
 -------------------------------------------
 iter=  17   ave_lin=  4.0  iCGmth=   3
 Ef(eV)               = 0.1428970E+01
 err of ug            = 0.2011E-03
 dv_ave, drho_tot     = 0.3573E-02 0.1083E-02
 E_tot(eV)            = -.13290606477645E+06    0.2859E-01
 -------------------------------------------
 iter=  18   ave_lin=  4.0  iCGmth=   3
 Ef(eV)               = 0.1535234E+01
 err of ug            = 0.1326E-03
 dv_ave, drho_tot     = 0.2883E-02 0.8148E-03
 E_tot(eV)            = -.13290604954770E+06    0.1523E-01
 -------------------------------------------
 iter=  19   ave_lin=  4.0  iCGmth=   3
 Ef(eV)               = 0.1650045E+01
 err of ug            = 0.1160E-03
 dv_ave, drho_tot     = 0.2568E-02 0.6226E-03
 E_tot(eV)            = -.13290603159691E+06    0.1795E-01
 -------------------------------------------
 iter=  20   ave_lin=  4.0  iCGmth=   3
 Ef(eV)               = 0.1748526E+01
 err of ug            = 0.1025E-03
 dv_ave, drho_tot     = 0.2266E-02 0.4615E-03
 E_tot(eV)            = -.13290601824501E+06    0.1335E-01
 -------------------------------------------
 iter=  21   ave_lin=  4.0  iCGmth=   3
 Ef(eV)               = 0.1840357E+01
 err of ug            = 0.6509E-04
 dv_ave, drho_tot     = 0.9739E-03 0.3743E-03
 E_tot(eV)            = -.13290601137719E+06    0.6868E-02
 -------------------------------------------
 iter=  22   ave_lin=  4.0  iCGmth=   3
 Ef(eV)               = 0.1932836E+01
 err of ug            = 0.6240E-04
 dv_ave, drho_tot     = 0.1008E-02 0.2993E-03
 E_tot(eV)            = -.13290600560004E+06    0.5777E-02
 -------------------------------------------
 iter=  23   ave_lin=  4.0  iCGmth=   3
 Ef(eV)               = 0.2004968E+01
 err of ug            = 0.5471E-04
 dv_ave, drho_tot     = 0.8176E-03 0.2445E-03
 E_tot(eV)            = -.13290600239536E+06    0.3205E-02
 -------------------------------------------
 E_Fermi(eV)=   2.00496837149905     
 ---------------------------------------------------
 Ef(eV)               = 0.2004968E+01
 dvE, dvE(n)-dvE(n-1) = 0.6686E-06 -.3466E-06
 dv_ave, drho_tot     = 0.8176E-03 0.2445E-03
 err of ug            = 0.5471E-04
 ---------------------------------------------------
 ending_scf_reason = tol Etot_err  5.279008887880000E-003
 Ewald        = -.42716155442192E+05
 Alpha        = 0.15207970391171E+04
 E_extV       = 0.00000000000000E+00    0.0000E+00
 E_NSC        = -.21261961811763E+05    0.7574E+00
 E[-rho*V_Hxc]= -.12109120149073E+06    -.7542E+00
 E_Hxc        = 0.50642519310205E+05    0.7381E+00
 -TS          = -.28323604379280E-11    -.2645E-11
 E_tot(eV)    = -.13290600239536E+06    0.3205E-02
 E_tot(Ryd)   = -.97684110833366E+04    0.1178E-03
 ---------------------------------------------------
 ---------------------------------------------------
 occup for:      kpt=1,spin=1,m=(totN/2-2,totN/2+2)
   1.000    1.000    1.000    0.000    0.000
 eigen(eV) for:  kpt=1,spin=1,m=(totN/2-2,totN/2+2)
  -2.119   -2.098   -1.835    2.680    2.744
 ---------------------------------------------------
 ---------------------------------------------------
 E_Hart,E_xc,E_ion =0.79374825549964E+05  -.28732306239759E+05  -.22151715774599E+06
 E_Hxc+E_ion       =-.17087463843579E+06
 E_kin+E_nonloc    =0.79163994443501E+05
 E_rhoVext,E_IVext     =0.00000000000000E+00  0.00000000000000E+00
 E_psiV,E_dDrho =-.10042589500400E+06  0.00000000000000E+00
 ave(vtot):v0 =-.77227992863151E+01
 ave(V_ion_s(or p,d))=ave(V_Hatree)=0; ave(Vtot)=ave(V_xc)=v0
 ---------------------------------------------------
 *********************************
 Eigen energies are values after setting ave(Vtot)=0
 For Vtot=V_ion+V_Hartree+V_xc, and
 ave(V_ion+V_Hatree)=0, ave(V_xc).ne.0:  E=E+v0
 *********************************
iislda,kpt=   1,    1      0.000000     0.000000     0.000000             kpoint in xyz unit 
 err of each states, A.U
  0.210590E-04     0.211433E-04     0.574714E-03     0.926772E-03     0.243885E-04
  0.153703E-04     0.171801E-04     0.496052E-04     0.144004E-04     0.159870E-04
  0.187303E-04     0.130772E-04     0.241949E-04     0.137672E-04     0.224419E-04
  0.122726E-04     0.222690E-04     0.131243E-04     0.152322E-04     0.165580E-04
  0.278806E-04     0.154127E-04     0.324852E-04     0.138821E-04     0.186080E-04
  0.431991E-04     0.129677E-04     0.140513E-04     0.144024E-04     0.148397E-04
  0.190714E-04     0.386612E-04     0.176896E-04     0.131414E-04     0.346433E-04
  0.169851E-04     0.164810E-04     0.693416E-04     0.171564E-04     0.150349E-04
  0.129240E-04     0.133547E-04     0.186269E-04     0.142125E-04     0.297439E-04
  0.214553E-04     0.172489E-04     0.128538E-04     0.258488E-04     0.165037E-04
  0.164442E-04     0.552229E-04     0.141206E-04     0.192006E-04     0.147037E-04
  0.164978E-04     0.715158E-04     0.163718E-04     0.154087E-04     0.362358E-04
  0.259302E-04     0.122489E-04     0.124705E-04     0.180644E-04     0.795610E-04
  0.148113E-04     0.188488E-04     0.306037E-04     0.149000E-04     0.130067E-04
  0.111240E-04     0.127503E-04     0.134429E-04     0.386214E-04     0.207942E-04
  0.126729E-04     0.144564E-04     0.132943E-04     0.128526E-04     0.159988E-04
  0.133843E-04     0.108993E-04     0.341992E-04     0.163594E-04     0.698914E-04
  0.128706E-04     0.144227E-04     0.162918E-04     0.140771E-04     0.227167E-04
  0.142295E-03     0.970224E-05     0.133879E-04     0.151130E-04     0.243983E-04
  0.185276E-04     0.673584E-04     0.425227E-04     0.162796E-04     0.188247E-04
  0.143758E-04     0.132424E-04     0.127865E-04     0.387819E-04     0.120740E-04
  0.143345E-04     0.132509E-04     0.125640E-04     0.125404E-04     0.112088E-04
  0.262135E-04     0.216482E-04     0.114560E-04     0.967548E-04     0.141881E-04
  0.111857E-04     0.181420E-04     0.251677E-04     0.114449E-04     0.185342E-04
  0.972109E-05     0.176646E-04     0.145973E-04     0.112138E-04     0.115373E-04
  0.340103E-04     0.153946E-04     0.156325E-04     0.561411E-04     0.266957E-04
  0.148404E-04     0.264715E-04     0.235464E-04     0.138131E-04     0.101280E-03
  0.170095E-04     0.213497E-04     0.125063E-04     0.293445E-04     0.140878E-04
  0.135047E-04     0.233874E-04     0.137758E-04     0.201561E-04     0.208835E-04
  0.408431E-04     0.314092E-04     0.124604E-04     0.478619E-04     0.123303E-03
  0.285898E-04     0.212334E-04     0.132801E-04     0.112771E-03     0.110310E-04
  0.263864E-04     0.684344E-04     0.128587E-04     0.133156E-04     0.154722E-04
  0.176490E-04     0.121125E-04     0.811037E-04     0.436536E-04     0.227076E-04
  0.213311E-04     0.220228E-04     0.110587E-04     0.561662E-04     0.201539E-04
  0.597524E-04     0.190023E-04     0.127503E-04     0.210960E-04     0.116003E-04
  0.142510E-04     0.253942E-04     0.220695E-04     0.118006E-04     0.211362E-04
  0.171750E-04     0.112108E-04     0.101381E-04     0.239593E-04     0.148687E-04
  0.129890E-04     0.697808E-04     0.171192E-04     0.120472E-04     0.127431E-04
  0.122180E-04     0.277255E-04     0.139973E-04     0.105454E-04     0.187680E-04
  0.174583E-04     0.138246E-04     0.139127E-04     0.145438E-04     0.139785E-04
  0.146638E-04     0.175715E-04     0.398718E-04     0.168243E-04     0.246270E-04
  0.124240E-04     0.130453E-04     0.157625E-04     0.150801E-04     0.211784E-04
  0.162159E-04     0.173780E-04     0.115901E-04     0.176116E-04     0.275275E-04
  0.202400E-04     0.224473E-04     0.238810E-04     0.202184E-04     0.110750E-04
  0.162473E-04     0.160656E-04     0.148534E-04     0.215879E-04     0.193269E-04
  0.297135E-04     0.124102E-04     0.122153E-04     0.217079E-04     0.170575E-04
  0.180806E-04     0.152400E-04     0.163311E-04     0.118188E-04     0.173940E-04
  0.111899E-04     0.148284E-04     0.142116E-04     0.195615E-04     0.151236E-04
  0.258689E-04     0.150840E-04     0.144548E-04     0.154390E-04     0.148000E-04
  0.118867E-04     0.113771E-04     0.160218E-04     0.148813E-04     0.142492E-04
  0.131251E-04     0.148800E-04     0.170076E-04     0.188045E-04     0.142237E-04
  0.173748E-04     0.133930E-04     0.210961E-04     0.231576E-04     0.107413E-04
  0.191389E-04     0.258122E-04     0.131844E-04     0.239630E-04     0.144913E-04
  0.132580E-04     0.247297E-04     0.160624E-04     0.180038E-04     0.167862E-04
  0.266613E-04     0.164781E-04     0.139049E-04     0.199462E-04     0.221736E-04
  0.167374E-04     0.189597E-04     0.201017E-04     0.244593E-04     0.226093E-04
  0.163617E-04     0.158196E-04     0.174345E-04     0.174123E-04     0.187943E-04
  0.152883E-04     0.161478E-04     0.146821E-04     0.185883E-04     0.194066E-04
  0.122359E-04     0.313850E-04     0.198221E-04     0.256893E-04     0.157811E-04
  0.249292E-04     0.175906E-04     0.163552E-04     0.156080E-04     0.295827E-04
  0.141491E-04     0.206685E-04     0.264400E-04     0.233185E-04     0.193074E-04
  0.314858E-04     0.307370E-04     0.249178E-04     0.188521E-04     0.211874E-04
  0.185723E-04     0.137732E-04     0.293564E-04     0.273214E-04     0.281715E-04
  0.220107E-04     0.224549E-04     0.229876E-04     0.228435E-04     0.228368E-04
  0.328920E-04     0.241228E-04     0.171504E-04     0.257378E-04     0.273323E-04
  0.216143E-04     0.249659E-04     0.285889E-04     0.175467E-04     0.219241E-04
  0.194606E-04     0.152308E-04     0.217996E-04     0.226929E-04     0.263213E-04
  0.247273E-04     0.246766E-04     0.239638E-04     0.238836E-04     0.255723E-04
  0.222670E-04     0.233473E-04     0.225002E-04     0.287786E-04     0.248973E-04
  0.223505E-04     0.245680E-04     0.268316E-04     0.194402E-04     0.211671E-04
  0.225279E-04     0.238136E-04     0.227087E-04     0.208621E-04     0.213155E-04
  0.211567E-04     0.221076E-04     0.184671E-04     0.253189E-04     0.219446E-04
  0.201676E-04     0.175753E-04     0.222306E-04     0.243579E-04     0.211674E-04
  0.196913E-04     0.227409E-04     0.240786E-04     0.292357E-04     0.213171E-04
  0.241231E-04     0.259828E-04     0.258053E-04     0.224812E-04     0.226394E-04
  0.190398E-04     0.218007E-04     0.223137E-04     0.244877E-04     0.228285E-04
  0.384937E-04     0.185804E-04     0.221399E-04     0.230530E-04     0.179366E-04
  0.245276E-04     0.226869E-04     0.279517E-04     0.149489E-04     0.237656E-04
  0.221409E-04     0.228581E-04     0.271336E-04     0.259186E-04     0.284342E-04
  0.213614E-04     0.226664E-04     0.215059E-04     0.254187E-04     0.261469E-04
  0.227103E-04     0.233632E-04     0.329709E-04     0.346527E-04     0.271653E-04
  0.419594E-04     0.246606E-04     0.231017E-04     0.237609E-04     0.287804E-04
  0.268879E-04     0.269184E-04     0.224330E-04     0.263528E-04     0.285951E-04
  0.282547E-04     0.277348E-04     0.278646E-04     0.243970E-04     0.389558E-04
  0.233310E-04     0.394958E-04     0.204412E-04     0.245082E-04     0.218676E-04
  0.257374E-04     0.293376E-04     0.256924E-04     0.235017E-04     0.313405E-04
  0.261657E-04     0.276353E-04     0.314273E-04     0.264138E-04     0.295188E-04
  0.211519E-04     0.349461E-04     0.276533E-04     0.351657E-04     0.290819E-04
  0.337391E-04     0.238135E-04     0.356068E-04     0.308789E-04     0.361760E-04
  0.312437E-04     0.283544E-04     0.247985E-04     0.236866E-04     0.230065E-04
  0.242408E-04     0.242987E-04     0.281306E-04     0.239458E-04     0.276273E-04
  0.367100E-04     0.292673E-04     0.306011E-04     0.255936E-04     0.244422E-04
  0.266264E-04     0.266022E-04     0.262527E-04     0.271059E-04     0.215280E-04
  0.385564E-04     0.281151E-04     0.395672E-04     0.270318E-04     0.320816E-04
  0.302304E-04     0.287951E-04     0.233875E-04     0.195553E-04     0.314891E-04
  0.178125E-04     0.175528E-04     0.312607E-04     0.306488E-04     0.377405E-04
  0.225110E-04     0.290335E-04     0.429190E-04     0.283210E-04     0.275807E-04
  0.199432E-04     0.255285E-04     0.201041E-04     0.229411E-04     0.357914E-04
  0.199884E-04     0.193434E-04     0.183311E-04     0.192890E-04     0.226343E-04
  0.207553E-04     0.204647E-04     0.212437E-04     0.223830E-04     0.200192E-04
  0.270656E-04     0.210216E-04     0.251627E-04     0.177342E-04     0.244795E-04
  0.249541E-04     0.169326E-04     0.204320E-04     0.197984E-04     0.201276E-04
  0.256697E-04     0.263855E-04     0.299391E-04     0.235554E-04     0.168347E-04
  0.204996E-04     0.208246E-04     0.263688E-04     0.229609E-04     0.223969E-04
  0.207265E-04     0.280769E-04     0.277312E-04     0.254949E-04     0.333492E-04
  0.231230E-04     0.238720E-04     0.165210E-04     0.193562E-04     0.236706E-04
  0.232158E-04     0.271574E-04     0.193928E-04     0.226795E-04     0.209266E-04
  0.327327E-04     0.419130E-04     0.268985E-04     0.139982E-04     0.293199E-04
  0.152420E-04     0.354592E-04     0.189135E-04     0.192744E-04     0.231413E-04
  0.169579E-04     0.253180E-04     0.202893E-04     0.196467E-04     0.218102E-04
  0.168180E-04     0.141762E-04     0.233548E-04     0.161596E-04     0.181585E-04
  0.296191E-04     0.168332E-04     0.240227E-04     0.181233E-04     0.241822E-04
  0.172007E-04     0.251208E-04     0.221570E-04     0.195121E-04     0.216361E-04
  0.223556E-04     0.269730E-04     0.244591E-04     0.209165E-04     0.218428E-04
  0.171641E-04     0.229259E-04     0.204129E-04     0.196032E-04     0.219118E-04
  0.231605E-04     0.254682E-04     0.240243E-04     0.238751E-04     0.182184E-04
  0.177752E-04     0.195500E-04     0.191836E-04     0.199804E-04     0.190031E-04
  0.185810E-04     0.229727E-04     0.242037E-04     0.235693E-04     0.235079E-04
  0.235439E-04     0.175726E-04     0.193002E-04     0.228798E-04     0.214884E-04
  0.226390E-04     0.203499E-04     0.214130E-04     0.192538E-04     0.247456E-04
  0.278626E-04     0.225151E-04     0.191341E-04     0.221829E-04     0.228353E-04
  0.224330E-04     0.225925E-04     0.239969E-04     0.217310E-04     0.242544E-04
  0.223467E-04     0.199917E-04     0.193621E-04     0.217849E-04     0.263046E-04
  0.188186E-04     0.287527E-04     0.277232E-04     0.228234E-04     0.225352E-04
  0.207595E-04     0.220021E-04     0.203117E-04     0.220589E-04     0.194860E-04
  0.290469E-04     0.197557E-04     0.196953E-04     0.248976E-04     0.243133E-04
  0.205622E-04     0.204607E-04     0.258145E-04     0.236928E-04     0.260090E-04
  0.200164E-04     0.252542E-04     0.225471E-04     0.241857E-04     0.235218E-04
  0.185031E-04     0.220529E-04     0.191554E-04     0.228651E-04     0.205620E-04
  0.247610E-04     0.295448E-04     0.241854E-04     0.225759E-04     0.229798E-04
  0.228351E-04     0.222518E-04     0.251277E-04     0.266581E-04     0.245573E-04
  0.238221E-04     0.209505E-04     0.237973E-04     0.269234E-04     0.250397E-04
  0.242605E-04     0.255357E-04     0.246686E-04     0.233222E-04     0.249116E-04
  0.241118E-04     0.252761E-04     0.237887E-04     0.231008E-04     0.208676E-04
  0.261407E-04     0.286061E-04     0.235304E-04     0.235310E-04     0.213335E-04
  0.229394E-04     0.267649E-04     0.301481E-04     0.261040E-04     0.235945E-04
  0.254604E-04     0.272160E-04     0.252999E-04     0.290399E-04     0.254415E-04
  0.287769E-04     0.286759E-04     0.240543E-04     0.250157E-04     0.270664E-04
  0.253846E-04     0.254980E-04     0.282607E-04     0.364557E-04     0.274679E-04
  0.264275E-04     0.277417E-04     0.246371E-04     0.279524E-04     0.268133E-04
  0.278105E-04     0.281497E-04     0.238715E-04     0.277709E-04     0.250671E-04
  0.304089E-04     0.240480E-04     0.247562E-04     0.277715E-04     0.258406E-04
  0.257003E-04     0.278621E-04     0.250220E-04     0.228110E-04     0.251491E-04
  0.246843E-04     0.270621E-04     0.228535E-04     0.261423E-04     0.290265E-04
  0.311640E-04     0.267736E-04     0.260074E-04     0.236007E-04     0.281902E-04
  0.258129E-04     0.292809E-04     0.288237E-04     0.282545E-04     0.315945E-04
  0.227355E-04     0.275903E-04     0.238251E-04     0.267532E-04     0.252779E-04
  0.244689E-04     0.286787E-04     0.252657E-04     0.296661E-04     0.263384E-04
  0.288096E-04     0.267742E-04     0.263232E-04     0.262284E-04     0.267866E-04
  0.241531E-04     0.269611E-04     0.248072E-04     0.308449E-04     0.250871E-04
  0.243542E-04     0.246625E-04     0.272943E-04     0.256379E-04     0.260729E-04
  0.228834E-04     0.283755E-04     0.246691E-04     0.309632E-04     0.257679E-04
  0.348562E-04     0.272363E-04     0.278665E-04     0.312956E-04     0.257071E-04
  0.311592E-04     0.261040E-04     0.345238E-04     0.271398E-04     0.290490E-04
  0.321851E-04     0.251630E-04     0.334112E-04     0.254743E-04     0.324829E-04
  0.272389E-04     0.322687E-04     0.275577E-04     0.314039E-04     0.309027E-04
  0.328916E-04     0.344017E-04     0.255557E-04     0.258580E-04     0.284810E-04
  0.325235E-04     0.316516E-04     0.258615E-04     0.319923E-04     0.287835E-04
  0.359888E-04     0.316129E-04     0.278408E-04     0.287465E-04     0.276408E-04
  0.254737E-04     0.292497E-04     0.319416E-04     0.301208E-04     0.355177E-04
  0.298073E-04     0.299103E-04     0.281656E-04     0.287375E-04     0.309197E-04
  0.312934E-04     0.356159E-04     0.285425E-04     0.271753E-04     0.300560E-04
  0.279965E-04     0.298840E-04     0.342255E-04     0.339900E-04     0.276360E-04
  0.338884E-04     0.283357E-04     0.264836E-04     0.202170E-04     0.284932E-04
  0.300882E-04     0.313266E-04     0.307581E-04     0.329599E-04     0.317897E-04
  0.329820E-04     0.300595E-04     0.287831E-04     0.305406E-04     0.332009E-04
  0.291878E-04     0.277338E-04     0.296898E-04     0.420924E-04     0.350104E-04
  0.399896E-04     0.290399E-04     0.346916E-04     0.315451E-04     0.292010E-04
  0.414774E-04     0.338509E-04     0.379382E-04     0.367373E-04     0.339597E-04
  0.298204E-04     0.297848E-04     0.236249E-04     0.300588E-04     0.263337E-04
  0.299109E-04     0.369892E-04     0.345385E-04     0.338045E-04     0.562161E-04
  0.338857E-04     0.578077E-04     0.386745E-04     0.432031E-04     0.323819E-04
  0.437039E-04     0.259210E-04     0.542189E-04     0.297397E-04     0.334071E-04
  0.312615E-04     0.376533E-04     0.254338E-04     0.387933E-04     0.406012E-04
  0.623048E-04     0.472879E-04     0.360911E-04     0.482545E-04     0.346959E-04
  0.436557E-04     0.468772E-04     0.375802E-04     0.449359E-04     0.416020E-04
  0.356003E-04     0.431746E-04     0.426038E-04     0.414019E-04     0.409492E-04
  0.449312E-04     0.303798E-04     0.514288E-04     0.670493E-04     0.383821E-04
  0.446249E-04     0.343267E-04     0.345005E-04     0.299203E-04     0.277284E-04
  0.353558E-04     0.409577E-04     0.276265E-04     0.364142E-04     0.436436E-04
  0.354083E-04     0.368875E-04     0.340216E-04     0.373676E-04     0.362669E-04
  0.388194E-04     0.338730E-04     0.360630E-04     0.359560E-04     0.475467E-04
  0.400180E-04     0.429137E-04     0.265141E-04     0.335404E-04     0.439725E-04
  0.322678E-04     0.456452E-04     0.309172E-04     0.301866E-04     0.353270E-04
  0.412263E-04     0.251153E-04     0.455691E-04     0.536619E-04     0.298478E-04
  0.297279E-04     0.439075E-04     0.787178E-04     0.222751E-04     0.203787E-04
  0.262157E-04     0.235676E-04     0.318297E-04     0.290911E-04     0.365859E-04
  0.313431E-04     0.376037E-04     0.554106E-04     0.247202E-04     0.269907E-04
  0.279676E-04     0.280185E-04     0.515936E-04     0.329670E-04     0.323141E-04
  0.353955E-04     0.205954E-04     0.390906E-04     0.373426E-04     0.411399E-04
  0.896407E-04     0.519788E-04     0.295154E-04     0.599892E-04     0.314167E-04
  0.237410E-04     0.319069E-04     0.276522E-04     0.356549E-04     0.396884E-04
  0.243962E-04     0.539330E-04     0.389449E-04     0.222842E-04     0.365591E-04
  0.459640E-04     0.263885E-04     0.315588E-04     0.410549E-04     0.269654E-04
  0.107738E-03     0.183668E-03     0.845000E-04     0.107270E-03     0.110978E-03
  0.164179E-03     0.163600E-03     0.144124E-03     0.141560E-03     0.276516E-03
  0.184223E-03     0.211078E-03     0.546862E-03     0.553219E-03     0.759801E-03
  0.801564E-03     0.838711E-03     0.898709E-03     0.995243E-03     0.100188E-02
  0.100060E-02     0.774572E-03     0.615593E-03     0.114359E-02     0.125578E-02
  0.703146E-03     0.162598E-02     0.861961E-03     0.214650E-02     0.247748E-02
  0.166614E-02     0.218259E-02     0.337959E-02     0.366698E-02     0.322941E-02
  0.400882E-02     0.294547E-02     0.609368E-02     0.346217E-02     0.408099E-02
  0.387929E-02     0.419130E-02     0.430886E-02     0.642050E-02     0.555065E-02
  0.463337E-02     0.526508E-02     0.667405E-02     0.554486E-02     0.942856E-02
  0.621704E-02     0.922400E-02     0.841518E-02     0.622179E-02     0.905811E-02
  0.116566E-01     0.125122E-01     0.163638E-01
 eigen energies, in eV 
    -44.431017       -44.269185       -44.172568       -44.143548       -43.933911
    -28.295364       -28.227956       -28.210868       -28.134649       -28.053981
    -28.045493       -28.032330       -27.990264       -27.967148       -27.910110
    -27.896976       -27.856300       -27.829782       -27.801761       -27.749665
    -27.727617       -27.724018       -27.710198       -27.704902       -27.704005
    -27.696066       -27.645777       -27.640317       -27.602399       -27.595285
    -27.543013       -27.496446       -27.444423       -27.406798       -27.381755
    -27.354125       -27.325498       -27.291563       -27.279400       -27.269044
    -27.246516       -27.244755       -27.231639       -27.223582       -27.220079
    -27.214014       -27.156139       -27.152132       -27.057005       -27.034914
    -27.013331       -26.994220       -26.959525       -26.943751       -26.809789
    -26.799339       -26.775236       -26.758060       -26.750161       -26.745790
    -26.723311       -26.723294       -26.700664       -26.665120       -26.577043
    -26.537072       -26.527978       -26.513264       -26.441888       -26.427101
    -26.362612       -26.327810       -26.324366       -26.294418       -26.288331
    -26.284471       -26.245983       -26.244564       -26.237010       -26.231916
    -26.227681       -26.196446       -26.163799       -26.104892       -26.039594
    -25.991056       -25.939646       -25.924879       -25.903625       -25.878984
    -25.848359       -25.839750       -25.801341       -25.799479       -25.793009
    -25.784193       -25.765197       -25.744481       -25.733369       -25.709005
    -25.683559       -25.671214       -25.666608       -25.650585       -25.645633
    -25.637592       -25.631248       -25.600225       -25.592634       -25.576712
    -25.534311       -25.513290       -25.502184       -25.445598       -25.428228
    -25.411594       -25.407593       -25.390087       -25.368449       -25.333546
    -25.291751       -25.278089       -25.277129       -25.264973       -25.227190
    -25.194380       -25.187399       -25.184023       -25.161362       -25.155050
    -25.150354       -25.017867       -25.011161       -25.007066       -24.731619
    -24.056574       -23.978639       -23.712199       -23.710311       -23.681024
    -23.618370       -23.593536       -23.510049       -23.498619       -23.430004
    -23.387085       -23.378670       -23.351103       -23.323973       -23.288668
    -23.260826       -23.251048       -23.244593       -23.204408       -23.194545
    -23.070819       -23.063564       -23.057279       -23.040830       -23.034017
    -23.029863       -22.965422       -22.902459       -22.899788       -22.896191
    -22.894819       -22.891676       -22.886372       -22.726862       -22.518522
    -21.831160       -21.486312       -21.460816       -21.415323       -21.391068
    -21.318566       -21.285654       -21.279475       -21.243469       -21.241662
    -21.166987       -21.149174       -21.125535       -21.099311       -21.009075
    -20.961085       -20.907213       -20.853255       -20.824515       -20.610721
    -18.585184       -18.511241       -18.429012       -18.259492       -18.226294
    -16.160669       -16.152374       -16.128557       -16.090049       -16.061384
    -16.054126       -16.040492       -16.029588       -15.960849       -15.927026
    -15.825903       -15.751651       -15.548019       -15.513909       -15.440962
    -15.016440       -14.951570       -14.937451       -14.890543       -14.885680
    -14.832111       -14.823419       -14.809869       -14.755726       -14.722775
    -14.584907       -14.574429       -14.563355       -14.540184       -14.537776
    -14.522876       -14.486051       -14.472359       -14.443448       -14.432440
    -14.424688       -14.412581       -14.349280       -13.992975       -13.949809
    -13.857309       -13.849925       -13.667022       -13.575415       -13.539418
    -13.504620       -13.459511       -13.438250       -13.430975       -13.412047
    -13.376382       -13.368721       -13.352150       -13.338144       -13.301253
    -13.290831       -13.287756       -13.260748       -13.256960       -13.244143
    -13.241531       -13.213832       -13.199929       -13.172250       -13.126912
    -13.023467       -13.004927       -12.979404       -12.930976       -12.825574
    -12.206235       -12.139269       -12.093769       -12.045861       -12.005226
    -11.981779       -11.979561       -11.953624       -11.942613       -11.878109
    -11.836122       -11.825170       -11.803541       -11.714907       -11.656389
    -11.642426       -11.589984       -11.568562       -11.553193       -11.477607
    -11.436590       -11.423086       -11.392150       -11.358129       -11.274265
    -11.242493       -11.226934       -11.219471       -11.195238       -11.150078
    -11.147637       -11.119079       -11.101111       -11.038195       -10.960431
    -10.948432       -10.927607       -10.845945       -10.812548       -10.762342
    -10.675207       -10.672879       -10.645055       -10.595169       -10.550346
    -10.492794       -10.469089       -10.464880       -10.442506       -10.437207
    -10.411743       -10.395730       -10.383152       -10.379677       -10.352558
    -10.330767       -10.316596       -10.308162       -10.300579       -10.285584
    -10.275889       -10.273449       -10.266706       -10.237414       -10.232205
    -10.214060       -10.185060       -10.182699       -10.161353       -10.148215
    -10.138278       -10.122987       -10.102020       -10.091861       -10.079155
    -10.065298       -10.061567       -10.057579       -10.045487       -10.028131
    -10.016107        -9.997296        -9.982924        -9.975462        -9.968302
     -9.964094        -9.956641        -9.931229        -9.925224        -9.892711
     -9.888589        -9.879080        -9.868448        -9.857103        -9.841305
     -9.827311        -9.807545        -9.792189        -9.777139        -9.772951
     -9.754859        -9.740999        -9.718613        -9.690159        -9.677669
     -9.657815        -9.643783        -9.642438        -9.624845        -9.617363
     -9.614944        -9.601225        -9.595395        -9.568105        -9.561820
     -9.542717        -9.539957        -9.534291        -9.523082        -9.511826
     -9.490740        -9.469478        -9.459185        -9.454409        -9.438330
     -9.432770        -9.427517        -9.411954        -9.383757        -9.379456
     -9.363542        -9.343808        -9.334580        -9.309336        -9.298703
     -9.294150        -9.280283        -9.272080        -9.259938        -9.251729
     -9.235165        -9.222140        -9.184299        -9.156537        -9.135799
     -9.127101        -9.119400        -9.098422        -9.095197        -9.075606
     -9.064943        -9.057490        -9.053413        -9.046926        -9.039409
     -9.005659        -9.000884        -8.992494        -8.975566        -8.969264
     -8.954208        -8.921524        -8.916926        -8.908466        -8.904024
     -8.902843        -8.886712        -8.875830        -8.864298        -8.861611
     -8.849543        -8.830719        -8.818202        -8.802875        -8.781777
     -8.759066        -8.745774        -8.733400        -8.731870        -8.704008
     -8.689115        -8.677983        -8.661775        -8.657603        -8.628395
     -8.605611        -8.580326        -8.573954        -8.572701        -8.564990
     -8.540482        -8.525771        -8.523794        -8.503801        -8.477858
     -8.462239        -8.452851        -8.432383        -8.416171        -8.401219
     -8.389469        -8.387709        -8.379607        -8.360043        -8.331796
     -8.323279        -8.304948        -8.272328        -8.261479        -8.255177
     -8.218633        -8.169003        -8.135337        -8.131006        -8.115795
     -8.092228        -8.078092        -8.060591        -8.042012        -8.024742
     -8.002873        -7.977827        -7.972205        -7.969166        -7.933659
     -7.908688        -7.887766        -7.864857        -7.803926        -7.794661
     -7.793646        -7.774298        -7.772655        -7.750901        -7.718574
     -7.687541        -7.671239        -7.644829        -7.617070        -7.594398
     -7.583065        -7.547183        -7.536074        -7.503650        -7.484842
     -7.463228        -7.440469        -7.416435        -7.405092        -7.358239
     -7.334311        -7.316156        -7.299711        -7.282793        -7.275263
     -7.254701        -7.236495        -7.225136        -7.217623        -7.197193
     -7.190164        -7.171670        -7.147549        -7.127814        -7.089417
     -7.084979        -7.032896        -7.009055        -7.002593        -6.982686
     -6.975102        -6.968023        -6.946125        -6.873903        -6.848472
     -6.832622        -6.811822        -6.806685        -6.791361        -6.782755
     -6.776235        -6.769069        -6.734683        -6.729019        -6.712417
     -6.697309        -6.694502        -6.673076        -6.650164        -6.615450
     -6.590064        -6.581381        -6.574029        -6.568487        -6.550293
     -6.534619        -6.523219        -6.511150        -6.508429        -6.499963
     -6.482702        -6.477794        -6.471933        -6.425766        -6.419825
     -6.414977        -6.410500        -6.403428        -6.392057        -6.383898
     -6.375115        -6.368323        -6.357249        -6.343512        -6.325456
     -6.303353        -6.282885        -6.280008        -6.266782        -6.263556
     -6.247796        -6.243272        -6.239272        -6.214045        -6.196748
     -6.190256        -6.171384        -6.166496        -6.156942        -6.151639
     -6.145039        -6.140245        -6.134699        -6.124636        -6.114158
     -6.112161        -6.100596        -6.093988        -6.088240        -6.083833
     -6.074636        -6.069294        -6.055184        -6.046458        -6.041578
     -6.037918        -6.023721        -6.019030        -6.014314        -6.006636
     -6.001709        -5.989732        -5.978228        -5.971560        -5.964010
     -5.955318        -5.940597        -5.933168        -5.912901        -5.908185
     -5.894794        -5.887794        -5.877636        -5.874097        -5.859539
     -5.857498        -5.848410        -5.840247        -5.821975        -5.810863
     -5.804060        -5.796154        -5.789469        -5.780738        -5.768589
     -5.766991        -5.759236        -5.747982        -5.741586        -5.734494
     -5.728690        -5.719137        -5.710324        -5.708957        -5.702969
     -5.690675        -5.682403        -5.675501        -5.671496        -5.656392
     -5.652534        -5.647500        -5.643974        -5.638251        -5.636428
     -5.631059        -5.626320        -5.619239        -5.614899        -5.604536
     -5.602595        -5.597818        -5.587998        -5.581829        -5.573255
     -5.571175        -5.568949        -5.551558        -5.537564        -5.534486
     -5.525687        -5.518682        -5.509231        -5.502811        -5.500897
     -5.487093        -5.479824        -5.473166        -5.468223        -5.460051
     -5.451964        -5.446596        -5.442790        -5.435186        -5.430778
     -5.411102        -5.409187        -5.402214        -5.390297        -5.387196
     -5.382608        -5.375254        -5.370743        -5.367051        -5.360448
     -5.348294        -5.340745        -5.339386        -5.336572        -5.331277
     -5.324861        -5.322606        -5.305901        -5.303822        -5.299506
     -5.292002        -5.287996        -5.282725        -5.271302        -5.268102
     -5.265066        -5.257520        -5.253582        -5.244715        -5.232667
     -5.228142        -5.223560        -5.214738        -5.211164        -5.205267
     -5.196473        -5.188427        -5.181768        -5.177622        -5.170894
     -5.163695        -5.154125        -5.152231        -5.150068        -5.136943
     -5.131316        -5.127034        -5.123870        -5.117369        -5.110559
     -5.104079        -5.100128        -5.090426        -5.085624        -5.078860
     -5.071044        -5.061748        -5.052737        -5.047165        -5.042286
     -5.035522        -5.034984        -5.024167        -5.020947        -5.009261
     -5.002265        -4.995593        -4.986098        -4.981515        -4.969977
     -4.967925        -4.960907        -4.955954        -4.953318        -4.946161
     -4.943852        -4.937793        -4.931555        -4.923445        -4.917237
     -4.914460        -4.910485        -4.907396        -4.904603        -4.893689
     -4.889935        -4.882085        -4.876461        -4.875723        -4.868285
     -4.863819        -4.858844        -4.856414        -4.846701        -4.843596
     -4.830174        -4.813809        -4.806518        -4.791199        -4.789910
     -4.784673        -4.780029        -4.776997        -4.753790        -4.752588
     -4.747682        -4.736332        -4.733366        -4.722705        -4.719400
     -4.716566        -4.711159        -4.704284        -4.696506        -4.684282
     -4.679873        -4.673403        -4.670611        -4.664351        -4.650555
     -4.649565        -4.641632        -4.637223        -4.635143        -4.631571
     -4.623955        -4.611848        -4.606456        -4.599327        -4.596014
     -4.573217        -4.566880        -4.564801        -4.542587        -4.539135
     -4.532322        -4.530766        -4.519541        -4.503949        -4.502885
     -4.482904        -4.479104        -4.467318        -4.458668        -4.447598
     -4.445354        -4.434935        -4.411458        -4.406111        -4.399342
     -4.390538        -4.383849        -4.379440        -4.359701        -4.338368
     -4.306540        -4.295385        -4.279585        -4.259631        -4.250242
     -4.232831        -4.195471        -4.167407        -4.154388        -4.151803
     -4.104786        -4.088578        -4.078515        -4.074052        -4.037095
     -4.031586        -3.988873        -3.964592        -3.963251        -3.952134
     -3.931272        -3.924764        -3.897115        -3.891136        -3.885534
     -3.870001        -3.831667        -3.823720        -3.807419        -3.792485
     -3.780069        -3.770134        -3.765164        -3.753049        -3.736927
     -3.704076        -3.696886        -3.682923        -3.677143        -3.664776
     -3.646703        -3.634804        -3.630779        -3.621608        -3.614895
     -3.605632        -3.602273        -3.586674        -3.582226        -3.567548
     -3.553376        -3.534216        -3.527097        -3.484205        -3.474027
     -3.458026        -3.432586        -3.427084        -3.422676        -3.413982
     -3.404530        -3.397947        -3.391802        -3.376799        -3.374473
     -3.368229        -3.362861        -3.343369        -3.318349        -3.312893
     -3.307628        -3.305219        -3.292105        -3.283551        -3.273220
     -3.243791        -3.233317        -3.227576        -3.206078        -3.203001
     -3.186747        -3.170233        -3.151206        -3.119360        -3.101343
     -3.094721        -3.044519        -3.023353        -3.003229        -2.977066
     -2.960183        -2.948019        -2.892307        -2.827318        -2.792644
     -2.743559        -2.685435        -2.679299        -2.668587        -2.658471
     -2.647578        -2.645700        -2.632741        -2.617533        -2.597459
     -2.592976        -2.563443        -2.471091        -2.463144        -2.450128
     -2.441660        -2.422510        -2.348483        -2.337866        -2.326786
     -2.313070        -2.227059        -2.214148        -2.189588        -2.162489
     -2.144279        -2.120596        -2.119397        -2.097546        -1.834855
      2.680301         2.743710         2.825165         2.902249         2.936039
      2.943548         2.966531         2.999724         3.113342         3.160792
      3.189771         3.213561         3.275183         3.318079         3.359257
      3.398596         3.414224         3.447251         3.465042         3.521774
      3.531160         3.579230         3.603670         3.632532         3.663469
      3.678713         3.722447         3.730491         3.767381         3.778924
      3.800432         3.818372         3.840216         3.852151         3.885463
      3.898335         3.937320         3.964436         3.999554         4.007313
      4.019064         4.030138         4.055420         4.059954         4.088605
      4.103701         4.137411         4.151125         4.194788         4.202915
      4.240139         4.244581         4.258769         4.278731         4.349743
      4.362699         4.377381         4.426097
 *********************************
 total computation time (sec)=   1996.87783908844     
