 AEM_Eatom=  0.123577295549902     
 AEM_Egroup=  5.879445804712453E-003
 AEM_Etot=  8.318307344896407E-004
 AEM_F=  0.503565361056431     
