 AEM_Eatom=  2.265880180825062E-002
 AEM_Egroup=  3.604482008477577E-003
 AEM_Etot=  1.547052936405773E-002
 AEM_F=  0.565815114241484     
