 AEM_Eatom=  9.091318929927457E-002
 AEM_Egroup=  7.498921309526541E-003
 AEM_Etot=  1.697354631576843E-002
 AEM_F=  0.648470096169637     
