 AEM_Eatom=  0.101414694066973     
 AEM_Egroup=  1.241258633679243E-002
 AEM_Etot=  1.033637434274829E-002
 AEM_F=  0.662788035556703     
