           4           1
 PRECISION  = SINGLE     
 JOB       = SCF
 IN.PSP1   = /home/sabs/shenjie/Pseudopotential/Li.nc.pbe.UPF
 IN.PSP2   = /home/sabs/shenjie/Pseudopotential/C.nc.pbe.UPF
 IN.PSP3   = /home/sabs/shenjie/Pseudopotential/O.nc.pbe.UPF
 IN.PSP4   = /home/sabs/shenjie/Pseudopotential/N.nc.pbe.UPF
 IN.PSP5   = /home/sabs/shenjie/Pseudopotential/S.nc.pbe.UPF
 IN.PSP6   = /home/sabs/shenjie/Pseudopotential/F.nc.pbe.UPF
 IN.PSP7   = /home/sabs/shenjie/Pseudopotential/H.nc.pbe.UPF
 IN.PSP8   = /home/sabs/shenjie/Pseudopotential/P.nc.pbe.UPF
 IN.ATOM   = atom.config         
 CONVERGENCE  = EASY
 ACCURACY  = NORM
 VFF_DETAIL =   1   500  0.50000000E-02     30.00000     4.00000     0.00000     1.00000  
 EGG_DETAIL =            3           3           3
 SPIN      =   1
 CONSTRAINT_MAG =           0
 RANDOM_SEED=           0
 QIJ_DETAIL =   0  1
 SCF_MIX = CHARGE
 PWSCF_OUTPUT     =  F
 Ecut      =    60.0000000000000     
 Ecut2     =    120.000000000000     
 Ecut2L    =    120.000000000000     
 EcutP    =    60.0000000000000     
 N123      =   120   120   120
 NS123     =    40    40    40
 N123L     =   120   120   120
 STRESS_CORR =   0.100000E+01  0.000000E+00  0.200000E+01  0.000000E+00
 XCFUNCTIONAL = LDA
 HSE_DETAIL    =      1.00000000    1     0.00000000    6 1 1
 RELAX_HSE    =    20   0.50000E-01     2
 VDW       = NONE
 LONDON_S6      =   0.000000000000000E+000
 LONDON_C6(1)      =   -1.00000000000000     
 LONDON_C6(2)      =   -1.00000000000000     
 LONDON_C6(3)      =   -1.00000000000000     
 LONDON_C6(4)      =   -1.00000000000000     
 LONDON_C6(5)      =   -1.00000000000000     
 LONDON_C6(6)      =   -1.00000000000000     
 LONDON_C6(7)      =   -1.00000000000000     
 LONDON_C6(8)      =   -1.00000000000000     
 LONDON_RCUT      =   0.000000000000000E+000
 DFTD3_S6        =   0.000000000000000E+000
 DFTD3_RS6        =   0.000000000000000E+000
 DFTD3_S18        =   0.000000000000000E+000
 DFTD3_RS18        =   0.000000000000000E+000
 DFTD3_ALPHA6        =   0.000000000000000E+000
 DFTD3_VERSION        =            0
 DFTD3_3BODY        =  F
 COULOMB   =    0
 IN.WG     =  F
 OUT.WG    =  F
 IN.RHO    =  F
 OUT.RHOATOM =  F
 OUT.RHO   =  F
 IN.VR     =  F
 OUT.VR    =  F
 OUT.ELF   =  F
 IN.VEXT   =  F
 OUT.VATOM   =  F
 OUT.FORCE =  T
 OUT.STRESS =  F
 IN.KPT    =  F
 IN.SYMM   =  F
 SYMM_PREC =    0.10000E-04
 MP_N123 =      1      1      1      0      0      0      0
 NUM_KPT =            1
 CHARGE_DECOMP = F
 ENERGY_DECOMP = F 
 IN.SOLVENT =  F
 NUM_ELECTRON =   1940.00000000000     
 FIX_FERMI =   F  0.000000E+00  0.000000E+00  0.000000E+00
 IN.NONSCF    =  F
 NUM_BAND  =  1028
 OUT.REAL.RHOWF_SP= 0
 WG_ERROR  =   1.000000000000000E-004
 E_ERROR   =   5.279008887880000E-003
 RHO_ERROR =   5.000000000000000E-005
 RHO_RELATIVE_ERROR      =   0.000000000000000E+000
 FORCE_RELATIVE_ERROR     =   0.000000000000000E+000
 MIN_SCF_ITER     =            1
 SYS_TYPE   =            1
 PULAY_MIX_OPT =     30  1  0       1.00000       0.00000
 PULAY_METRIC_Q0 =       -1.00000
 IN.OCC    =  F          -1
 IN.CC    =  F
 IN.OCC_ADIA    =  F
 SCF_ITER0_1 =    6   4    3    0.0000     0.02500    1
 SCF_ITER0_2 =   94   4    3    1.0000     0.02500    1
 SCF_ITER1_1 =   40   4    3    1.0000     0.02500    1
 NONLOCAL  =  2
 IN.A_FIELD =  F       0.00000       0.00000       0.00000
 RCUT      =    4.00000000000000     
 IN.PSP_RCUT1 =   4.00000000000000     
 IN.PSP_RCUT2 =   4.00000000000000     
 IN.PSP_RCUT3 =   4.00000000000000     
 IN.PSP_RCUT4 =   4.00000000000000     
 IN.PSP_RCUT5 =   4.00000000000000     
 IN.PSP_RCUT6 =   4.00000000000000     
 IN.PSP_RCUT7 =   4.00000000000000     
 IN.PSP_RCUT8 =   4.00000000000000     
 MD_VV_SCALE =    100
 LDAU_PSP1   =           -1  2.721138638331097E-009  2.721138638331097E-009  eV
 LDAU_PSP2   =           -1  2.721138638331097E-009  2.721138638331097E-009  eV
 LDAU_PSP3   =           -1  2.721138638331097E-009  2.721138638331097E-009  eV
 LDAU_PSP4   =           -1  2.721138638331097E-009  2.721138638331097E-009  eV
 LDAU_PSP5   =           -1  2.721138638331097E-009  2.721138638331097E-009  eV
 LDAU_PSP6   =           -1  2.721138638331097E-009  2.721138638331097E-009  eV
 LDAU_PSP7   =           -1  2.721138638331097E-009  2.721138638331097E-009  eV
 LDAU_PSP8   =           -1  2.721138638331097E-009  2.721138638331097E-009  eV
 NUM_BLOCKED_PSI=  F
 WF_STORE2DISK  =            0
 NUM_DOS_GRID =         4000
 NMAP_MAX =        50000
 KERK_AMIN =   0.300000000000000     
 KERK_AMIX =   0.400000000000000     
 KERK_AMIX_MAG =   0.800000000000000     
 KERK_BMIX =   0.500000000000000     
 LDAU_MIX =   0.700000000000000     
 PULAY_WEIGHT_SPIN =    1.00000000000000     
 PULAY_WEIGHT_NS =    1.00000000000000     
 OUT.MLMD    =  F
 NUM_MPI_PER_GPU =     1
 FLAG_CYLINDER =            0
 SET_OUT_FERMI_POS =  F           0
 E_FINITE =  F   0.00000E+00   0.00000E+00   0.00000E+00
 MLINE_EIGEN =      1
 
 ------------------------------------------------
 total number of K-point:           1
   0.00000     0.00000    0.00000     1.00000            
 ------------------------------------------------
 
 
 *********************************************
 *********** end of etot.input report ********
 minimum n1,n2,n3 from Ecut2
     118.970      119.148      119.089
 minimum n1L,n2L,n3L from Ecut2L
     118.970      119.148      119.089
 *********************************************
 
 
Weighted average num_of_PW for all kpoint=                       312673.000
 ************************************
 E_Hxc(eV)         50788.2703791845     
 E_ion(eV)        -222243.825545307     
 E_Coul(eV)        79068.0140323596     
 E_Hxc+E_ion(eV)  -171455.555166123     
 NONSCF     1          AVE_STATE_ERROR= 0.5919E+01
 NONSCF     2          AVE_STATE_ERROR= 0.1629E+01
 NONSCF     3          AVE_STATE_ERROR= 0.5068E+00
 NONSCF     4          AVE_STATE_ERROR= 0.9452E-01
 NONSCF     5          AVE_STATE_ERROR= 0.1570E-01
 NONSCF     6          AVE_STATE_ERROR= 0.3030E-02
 iter=   7   ave_lin=  4.0  iCGmth=   3
 Ef(eV)               = -.1169456E+01
 err of ug            = 0.1190E-02
 dv_ave, drho_tot     = 0.0000E+00 0.1220E+00
 E_tot(eV)            = -.13304498829632E+06    -.1330E+06
 -------------------------------------------
 iter=   8   ave_lin=  4.0  iCGmth=   3
 Ef(eV)               = -.1261538E+01
 err of ug            = 0.1069E-01
 dv_ave, drho_tot     = 0.1710E-01 0.7043E-01
 E_tot(eV)            = -.13294125126532E+06    0.1037E+03
 -------------------------------------------
 iter=   9   ave_lin=  4.0  iCGmth=   3
 Ef(eV)               = -.8742534E+00
 err of ug            = 0.6545E-02
 dv_ave, drho_tot     = 0.1359E-01 0.3039E-01
 E_tot(eV)            = -.13290947322059E+06    0.3178E+02
 -------------------------------------------
 iter=  10   ave_lin=  4.0  iCGmth=   3
 Ef(eV)               = -.8015334E+00
 err of ug            = 0.2088E-02
 dv_ave, drho_tot     = 0.6936E-02 0.1057E-01
 E_tot(eV)            = -.13290412502125E+06    0.5348E+01
 -------------------------------------------
 iter=  11   ave_lin=  4.0  iCGmth=   3
 Ef(eV)               = -.7665592E+00
 err of ug            = 0.5488E-03
 dv_ave, drho_tot     = 0.3015E-02 0.5998E-02
 E_tot(eV)            = -.13290346185011E+06    0.6632E+00
 -------------------------------------------
 iter=  12   ave_lin=  4.0  iCGmth=   3
 Ef(eV)               = -.7430369E+00
 err of ug            = 0.3130E-03
 dv_ave, drho_tot     = 0.3525E-02 0.3654E-02
 E_tot(eV)            = -.13290293930224E+06    0.5225E+00
 -------------------------------------------
 iter=  13   ave_lin=  4.0  iCGmth=   3
 Ef(eV)               = -.6964241E+00
 err of ug            = 0.3569E-03
 dv_ave, drho_tot     = 0.3995E-02 0.2837E-02
 E_tot(eV)            = -.13290244528068E+06    0.4940E+00
 -------------------------------------------
 iter=  14   ave_lin=  4.0  iCGmth=   3
 Ef(eV)               = -.6503452E+00
 err of ug            = 0.3364E-03
 dv_ave, drho_tot     = 0.5463E-02 0.2246E-02
 E_tot(eV)            = -.13290199406728E+06    0.4512E+00
 -------------------------------------------
 iter=  15   ave_lin=  4.0  iCGmth=   3
 Ef(eV)               = -.5165875E+00
 err of ug            = 0.3481E-03
 dv_ave, drho_tot     = 0.6216E-02 0.1796E-02
 E_tot(eV)            = -.13290167826965E+06    0.3158E+00
 -------------------------------------------
 iter=  16   ave_lin=  4.0  iCGmth=   3
 Ef(eV)               = -.4462384E+00
 err of ug            = 0.2580E-03
 dv_ave, drho_tot     = 0.4272E-02 0.1368E-02
 E_tot(eV)            = -.13290159454735E+06    0.8372E-01
 -------------------------------------------
 iter=  17   ave_lin=  4.0  iCGmth=   3
 Ef(eV)               = -.3873365E+00
 err of ug            = 0.1963E-03
 dv_ave, drho_tot     = 0.3633E-02 0.1057E-02
 E_tot(eV)            = -.13290156286513E+06    0.3168E-01
 -------------------------------------------
 iter=  18   ave_lin=  4.0  iCGmth=   3
 Ef(eV)               = -.3622898E+00
 err of ug            = 0.1276E-03
 dv_ave, drho_tot     = 0.2828E-02 0.7857E-03
 E_tot(eV)            = -.13290154627008E+06    0.1660E-01
 -------------------------------------------
 iter=  19   ave_lin=  4.0  iCGmth=   3
 Ef(eV)               = -.3300080E+00
 err of ug            = 0.1079E-03
 dv_ave, drho_tot     = 0.2402E-02 0.5972E-03
 E_tot(eV)            = -.13290152895910E+06    0.1731E-01
 -------------------------------------------
 iter=  20   ave_lin=  4.0  iCGmth=   3
 Ef(eV)               = -.2974829E+00
 err of ug            = 0.9413E-04
 dv_ave, drho_tot     = 0.2320E-02 0.4511E-03
 E_tot(eV)            = -.13290151666547E+06    0.1229E-01
 -------------------------------------------
 iter=  21   ave_lin=  4.0  iCGmth=   3
 Ef(eV)               = -.2808717E+00
 err of ug            = 0.6444E-04
 dv_ave, drho_tot     = 0.1060E-02 0.3744E-03
 E_tot(eV)            = -.13290150932110E+06    0.7344E-02
 -------------------------------------------
 iter=  22   ave_lin=  4.0  iCGmth=   3
 Ef(eV)               = -.2877196E+00
 err of ug            = 0.6409E-04
 dv_ave, drho_tot     = 0.1080E-02 0.3049E-03
 E_tot(eV)            = -.13290150266486E+06    0.6656E-02
 -------------------------------------------
 iter=  23   ave_lin=  4.0  iCGmth=   3
 Ef(eV)               = -.3063572E+00
 err of ug            = 0.5502E-04
 dv_ave, drho_tot     = 0.8895E-03 0.2453E-03
 E_tot(eV)            = -.13290149906757E+06    0.3597E-02
 -------------------------------------------
 E_Fermi(eV)= -0.306357248394328     
 ---------------------------------------------------
 Ef(eV)               = -.3063572E+00
 dvE, dvE(n)-dvE(n-1) = 0.7912E-06 -.3741E-06
 dv_ave, drho_tot     = 0.8895E-03 0.2453E-03
 err of ug            = 0.5502E-04
 ---------------------------------------------------
 ending_scf_reason = tol Etot_err  5.279008887880000E-003
 Ewald        = -.41116881944013E+05
 Alpha        = 0.15207970391171E+04
 E_extV       = 0.00000000000000E+00    0.0000E+00
 E_NSC        = -.21456343081919E+05    0.7242E+00
 E[-rho*V_Hxc]= -.12384729490070E+06    -.7206E+00
 E_Hxc        = 0.51998223819946E+05    0.7313E+00
 -TS          = -.35505862133968E-26    0.0000E+00
 E_tot(eV)    = -.13290149906757E+06    0.3597E-02
 E_tot(Ryd)   = -.97680800948460E+04    0.1322E-03
 ---------------------------------------------------
 ---------------------------------------------------
 occup for:      kpt=1,spin=1,m=(totN/2-2,totN/2+2)
   1.000    1.000    1.000    0.000    0.000
 eigen(eV) for:  kpt=1,spin=1,m=(totN/2-2,totN/2+2)
  -1.933   -1.834   -1.725    2.384    2.567
 ---------------------------------------------------
 ---------------------------------------------------
 E_Hart,E_xc,E_ion =0.80796265578637E+05  -.28798041758691E+05  -.22469017929881E+06
 E_Hxc+E_ion       =-.17269195547886E+06
 E_kin+E_nonloc    =0.79386541316193E+05
 E_rhoVext,E_IVext     =0.00000000000000E+00  0.00000000000000E+00
 E_psiV,E_dDrho =-.10084301849196E+06  0.00000000000000E+00
 ave(vtot):v0 =-.77019156434760E+01
 ave(V_ion_s(or p,d))=ave(V_Hatree)=0; ave(Vtot)=ave(V_xc)=v0
 ---------------------------------------------------
 *********************************
 Eigen energies are values after setting ave(Vtot)=0
 For Vtot=V_ion+V_Hartree+V_xc, and
 ave(V_ion+V_Hatree)=0, ave(V_xc).ne.0:  E=E+v0
 *********************************
iislda,kpt=   1,    1      0.000000     0.000000     0.000000             kpoint in xyz unit 
 err of each states, A.U
  0.108347E-03     0.250529E-03     0.798128E-04     0.204057E-04     0.228051E-04
  0.431557E-04     0.492081E-04     0.154396E-04     0.170563E-04     0.170880E-04
  0.169445E-04     0.280351E-04     0.334796E-04     0.166944E-04     0.150452E-04
  0.155210E-04     0.205696E-04     0.219499E-04     0.139310E-04     0.232756E-04
  0.133988E-04     0.159288E-04     0.186574E-04     0.288811E-04     0.160402E-04
  0.188834E-04     0.155021E-04     0.154750E-04     0.683574E-04     0.196413E-04
  0.369667E-04     0.300598E-04     0.178972E-04     0.411258E-04     0.144146E-04
  0.191660E-04     0.262966E-04     0.127092E-04     0.195875E-04     0.195563E-04
  0.341445E-04     0.219296E-04     0.227355E-04     0.280531E-04     0.158827E-04
  0.129621E-04     0.117460E-04     0.819820E-04     0.745749E-04     0.153622E-04
  0.136923E-04     0.154733E-04     0.291167E-04     0.188439E-04     0.179155E-04
  0.334472E-04     0.982074E-04     0.131338E-04     0.205610E-04     0.136855E-04
  0.560052E-04     0.169319E-04     0.150622E-04     0.280419E-04     0.213066E-04
  0.172682E-04     0.173247E-04     0.212629E-04     0.201034E-04     0.145303E-04
  0.237008E-04     0.309314E-04     0.351566E-04     0.165588E-04     0.195837E-04
  0.163798E-04     0.157358E-04     0.113972E-04     0.144185E-04     0.214338E-04
  0.175615E-04     0.208576E-04     0.169586E-04     0.184423E-04     0.186099E-04
  0.128766E-04     0.148639E-04     0.123812E-04     0.154484E-04     0.125200E-04
  0.110231E-04     0.153447E-04     0.465527E-04     0.657056E-04     0.542569E-04
  0.332282E-04     0.141986E-04     0.126620E-04     0.125738E-04     0.125304E-04
  0.475553E-04     0.328580E-04     0.233273E-04     0.130422E-04     0.115323E-04
  0.106085E-04     0.136057E-04     0.133825E-04     0.165143E-04     0.126986E-04
  0.670902E-04     0.115214E-04     0.159264E-04     0.331519E-04     0.226478E-04
  0.487893E-04     0.218709E-04     0.144608E-04     0.105990E-04     0.978940E-04
  0.159118E-04     0.597771E-04     0.150843E-04     0.190226E-04     0.763837E-04
  0.576422E-04     0.115119E-04     0.128310E-04     0.433274E-04     0.169734E-04
  0.178038E-04     0.202115E-04     0.153153E-04     0.115584E-04     0.159434E-04
  0.661271E-04     0.160336E-04     0.464181E-04     0.321224E-04     0.264915E-04
  0.709872E-04     0.248883E-04     0.122709E-04     0.133802E-04     0.134194E-04
  0.142854E-04     0.148121E-04     0.225810E-04     0.131329E-04     0.204311E-04
  0.227497E-04     0.298776E-04     0.112754E-04     0.428777E-04     0.147931E-04
  0.226732E-04     0.634251E-04     0.906995E-04     0.124140E-04     0.966002E-04
  0.194497E-04     0.109570E-04     0.251218E-04     0.217246E-04     0.118293E-04
  0.232818E-04     0.141028E-04     0.165272E-04     0.323014E-04     0.628791E-04
  0.332244E-04     0.284125E-04     0.110362E-04     0.173321E-04     0.110128E-03
  0.178885E-04     0.248201E-04     0.122345E-04     0.148875E-04     0.116606E-04
  0.212058E-04     0.124096E-04     0.127551E-04     0.142950E-04     0.150656E-04
  0.147209E-04     0.248668E-04     0.126056E-04     0.149034E-04     0.110825E-04
  0.126851E-04     0.202948E-04     0.199564E-04     0.318688E-04     0.107085E-04
  0.187552E-04     0.132100E-04     0.204494E-04     0.126198E-04     0.206391E-04
  0.162569E-04     0.117934E-04     0.108588E-04     0.117600E-04     0.194514E-04
  0.279594E-04     0.171125E-04     0.343029E-04     0.299426E-04     0.134205E-04
  0.134863E-04     0.135905E-04     0.143999E-04     0.124865E-04     0.202736E-04
  0.222423E-04     0.273690E-04     0.234974E-04     0.184784E-04     0.166244E-04
  0.163549E-04     0.174670E-04     0.129799E-04     0.225224E-04     0.172727E-04
  0.183466E-04     0.130752E-04     0.211383E-04     0.101392E-04     0.129094E-04
  0.149744E-04     0.199369E-04     0.133213E-04     0.187136E-04     0.138790E-04
  0.124937E-04     0.126093E-04     0.180375E-04     0.149592E-04     0.116314E-04
  0.210115E-04     0.185023E-04     0.190973E-04     0.116645E-04     0.149525E-04
  0.168576E-04     0.223792E-04     0.197175E-04     0.168213E-04     0.258635E-04
  0.146518E-04     0.218886E-04     0.159838E-04     0.129487E-04     0.181027E-04
  0.127576E-04     0.173116E-04     0.255280E-04     0.201672E-04     0.125116E-04
  0.217692E-04     0.169348E-04     0.143697E-04     0.142493E-04     0.181489E-04
  0.183403E-04     0.125898E-04     0.156749E-04     0.293101E-04     0.252642E-04
  0.171643E-04     0.246498E-04     0.151715E-04     0.181055E-04     0.158715E-04
  0.223296E-04     0.157924E-04     0.179527E-04     0.191750E-04     0.346896E-04
  0.232085E-04     0.244890E-04     0.224709E-04     0.229275E-04     0.181918E-04
  0.156445E-04     0.216236E-04     0.186158E-04     0.291116E-04     0.265285E-04
  0.219068E-04     0.247429E-04     0.352995E-04     0.197624E-04     0.201487E-04
  0.192636E-04     0.241225E-04     0.156432E-04     0.183049E-04     0.212358E-04
  0.264788E-04     0.246060E-04     0.178179E-04     0.175281E-04     0.323110E-04
  0.198645E-04     0.185443E-04     0.181384E-04     0.235678E-04     0.161318E-04
  0.384007E-04     0.395826E-04     0.182888E-04     0.186713E-04     0.164482E-04
  0.284907E-04     0.231149E-04     0.253177E-04     0.227772E-04     0.210601E-04
  0.261530E-04     0.211939E-04     0.275737E-04     0.312704E-04     0.391966E-04
  0.238675E-04     0.219005E-04     0.289759E-04     0.251425E-04     0.266192E-04
  0.226417E-04     0.204098E-04     0.288246E-04     0.325867E-04     0.279089E-04
  0.185107E-04     0.198462E-04     0.212656E-04     0.222173E-04     0.230702E-04
  0.259727E-04     0.272707E-04     0.121911E-04     0.295467E-04     0.203851E-04
  0.186261E-04     0.234557E-04     0.215019E-04     0.207855E-04     0.257343E-04
  0.211455E-04     0.136927E-04     0.311415E-04     0.289809E-04     0.278245E-04
  0.268591E-04     0.251630E-04     0.195329E-04     0.239828E-04     0.245843E-04
  0.235489E-04     0.256349E-04     0.259656E-04     0.286715E-04     0.278263E-04
  0.251381E-04     0.176978E-04     0.201519E-04     0.258907E-04     0.254044E-04
  0.264755E-04     0.246691E-04     0.223334E-04     0.261893E-04     0.208981E-04
  0.296450E-04     0.232956E-04     0.311516E-04     0.263175E-04     0.164391E-04
  0.152393E-04     0.205740E-04     0.420494E-04     0.191547E-04     0.201219E-04
  0.245442E-04     0.287261E-04     0.243057E-04     0.269739E-04     0.313217E-04
  0.287578E-04     0.276876E-04     0.292828E-04     0.230701E-04     0.278204E-04
  0.202663E-04     0.233727E-04     0.244386E-04     0.315480E-04     0.287437E-04
  0.320081E-04     0.259838E-04     0.232116E-04     0.285638E-04     0.255018E-04
  0.365417E-04     0.182771E-04     0.327210E-04     0.234231E-04     0.258514E-04
  0.243416E-04     0.197115E-04     0.247727E-04     0.374255E-04     0.265669E-04
  0.258959E-04     0.261661E-04     0.220701E-04     0.234864E-04     0.274121E-04
  0.419620E-04     0.241187E-04     0.261483E-04     0.285507E-04     0.273290E-04
  0.267231E-04     0.278770E-04     0.409217E-04     0.340979E-04     0.252062E-04
  0.351417E-04     0.284590E-04     0.292921E-04     0.334498E-04     0.241782E-04
  0.234949E-04     0.254025E-04     0.273234E-04     0.244595E-04     0.409495E-04
  0.386007E-04     0.313409E-04     0.266183E-04     0.317848E-04     0.372003E-04
  0.287707E-04     0.462632E-04     0.233204E-04     0.248528E-04     0.212319E-04
  0.174636E-04     0.394033E-04     0.341089E-04     0.263984E-04     0.345065E-04
  0.321300E-04     0.323062E-04     0.199520E-04     0.242912E-04     0.316745E-04
  0.191132E-04     0.282763E-04     0.310569E-04     0.224662E-04     0.236493E-04
  0.350902E-04     0.420091E-04     0.179283E-04     0.268153E-04     0.246310E-04
  0.226685E-04     0.229645E-04     0.178950E-04     0.183597E-04     0.323895E-04
  0.274871E-04     0.289467E-04     0.343556E-04     0.304529E-04     0.289149E-04
  0.326349E-04     0.225890E-04     0.227763E-04     0.233868E-04     0.416959E-04
  0.264198E-04     0.284820E-04     0.199028E-04     0.236704E-04     0.180200E-04
  0.228711E-04     0.184739E-04     0.174142E-04     0.212190E-04     0.169796E-04
  0.130454E-04     0.183138E-04     0.204358E-04     0.180272E-04     0.215876E-04
  0.226095E-04     0.160967E-04     0.175776E-04     0.207227E-04     0.216724E-04
  0.208673E-04     0.204536E-04     0.170591E-04     0.222329E-04     0.193177E-04
  0.193441E-04     0.186627E-04     0.213750E-04     0.233200E-04     0.195006E-04
  0.295437E-04     0.331281E-04     0.318104E-04     0.214084E-04     0.215820E-04
  0.167099E-04     0.264698E-04     0.232118E-04     0.226791E-04     0.295151E-04
  0.243932E-04     0.230612E-04     0.148818E-04     0.256007E-04     0.194212E-04
  0.142227E-04     0.189387E-04     0.281561E-04     0.254471E-04     0.315758E-04
  0.243785E-04     0.167274E-04     0.295621E-04     0.264139E-04     0.301994E-04
  0.231456E-04     0.259603E-04     0.290274E-04     0.200991E-04     0.179025E-04
  0.266859E-04     0.206381E-04     0.243408E-04     0.247846E-04     0.223095E-04
  0.227630E-04     0.228562E-04     0.256803E-04     0.243689E-04     0.218258E-04
  0.232435E-04     0.208784E-04     0.269559E-04     0.199901E-04     0.380962E-04
  0.261687E-04     0.252979E-04     0.241963E-04     0.237449E-04     0.181608E-04
  0.206422E-04     0.297188E-04     0.267943E-04     0.218363E-04     0.244614E-04
  0.182354E-04     0.243916E-04     0.281399E-04     0.230885E-04     0.254359E-04
  0.261057E-04     0.254560E-04     0.233148E-04     0.275934E-04     0.238586E-04
  0.247362E-04     0.208743E-04     0.219510E-04     0.188489E-04     0.184960E-04
  0.240488E-04     0.164086E-04     0.220066E-04     0.159367E-04     0.206357E-04
  0.214962E-04     0.227307E-04     0.213272E-04     0.236341E-04     0.198190E-04
  0.245282E-04     0.216941E-04     0.249256E-04     0.274450E-04     0.239794E-04
  0.229495E-04     0.264604E-04     0.211572E-04     0.200324E-04     0.231842E-04
  0.229127E-04     0.281281E-04     0.248143E-04     0.227376E-04     0.220812E-04
  0.219113E-04     0.225167E-04     0.227808E-04     0.228869E-04     0.208138E-04
  0.235604E-04     0.184659E-04     0.209941E-04     0.230703E-04     0.331041E-04
  0.216941E-04     0.275950E-04     0.261891E-04     0.219791E-04     0.217112E-04
  0.276871E-04     0.257925E-04     0.260703E-04     0.188831E-04     0.182037E-04
  0.270535E-04     0.217813E-04     0.221871E-04     0.223854E-04     0.207587E-04
  0.218586E-04     0.222123E-04     0.193889E-04     0.216913E-04     0.217527E-04
  0.207478E-04     0.216072E-04     0.209404E-04     0.216639E-04     0.246659E-04
  0.226692E-04     0.249716E-04     0.245432E-04     0.242350E-04     0.275717E-04
  0.262185E-04     0.258363E-04     0.328411E-04     0.273715E-04     0.256118E-04
  0.255586E-04     0.252822E-04     0.263692E-04     0.266586E-04     0.227058E-04
  0.224213E-04     0.223568E-04     0.220140E-04     0.225763E-04     0.257356E-04
  0.260453E-04     0.328138E-04     0.262859E-04     0.321610E-04     0.251256E-04
  0.215461E-04     0.263392E-04     0.340776E-04     0.263578E-04     0.252999E-04
  0.257682E-04     0.254260E-04     0.278922E-04     0.284759E-04     0.286011E-04
  0.286898E-04     0.264128E-04     0.310238E-04     0.286256E-04     0.280999E-04
  0.243236E-04     0.271667E-04     0.250446E-04     0.297455E-04     0.290702E-04
  0.239473E-04     0.288229E-04     0.277672E-04     0.265048E-04     0.318522E-04
  0.228366E-04     0.246922E-04     0.253285E-04     0.291770E-04     0.259950E-04
  0.279724E-04     0.277764E-04     0.287367E-04     0.285876E-04     0.281717E-04
  0.291712E-04     0.290544E-04     0.290614E-04     0.242601E-04     0.272531E-04
  0.336099E-04     0.325298E-04     0.341434E-04     0.269943E-04     0.303459E-04
  0.337145E-04     0.318533E-04     0.302151E-04     0.312311E-04     0.316374E-04
  0.312508E-04     0.310269E-04     0.335269E-04     0.362605E-04     0.347784E-04
  0.326977E-04     0.311446E-04     0.297111E-04     0.286013E-04     0.272738E-04
  0.271179E-04     0.300193E-04     0.284480E-04     0.297914E-04     0.297695E-04
  0.272594E-04     0.292535E-04     0.340581E-04     0.294182E-04     0.309681E-04
  0.274643E-04     0.306597E-04     0.281872E-04     0.343181E-04     0.349442E-04
  0.338240E-04     0.272829E-04     0.373668E-04     0.410285E-04     0.320480E-04
  0.393808E-04     0.332844E-04     0.346190E-04     0.402601E-04     0.346377E-04
  0.298120E-04     0.308793E-04     0.381294E-04     0.325179E-04     0.282115E-04
  0.284418E-04     0.319692E-04     0.309186E-04     0.413086E-04     0.318911E-04
  0.333846E-04     0.357755E-04     0.374569E-04     0.358655E-04     0.290619E-04
  0.293407E-04     0.428651E-04     0.418234E-04     0.363831E-04     0.290043E-04
  0.379435E-04     0.304648E-04     0.391089E-04     0.292272E-04     0.247038E-04
  0.350952E-04     0.324403E-04     0.359554E-04     0.314865E-04     0.320719E-04
  0.320012E-04     0.330133E-04     0.286720E-04     0.254049E-04     0.308744E-04
  0.402840E-04     0.323125E-04     0.288487E-04     0.263879E-04     0.300436E-04
  0.296944E-04     0.254930E-04     0.333350E-04     0.282790E-04     0.390646E-04
  0.323385E-04     0.301370E-04     0.243038E-04     0.265057E-04     0.376453E-04
  0.257515E-04     0.237518E-04     0.261254E-04     0.283235E-04     0.217923E-04
  0.288584E-04     0.236692E-04     0.261367E-04     0.192168E-04     0.289180E-04
  0.426734E-04     0.338807E-04     0.354285E-04     0.293325E-04     0.326014E-04
  0.326093E-04     0.416387E-04     0.345510E-04     0.295086E-04     0.313560E-04
  0.382299E-04     0.318608E-04     0.329659E-04     0.320617E-04     0.411422E-04
  0.324433E-04     0.364817E-04     0.324541E-04     0.257563E-04     0.370709E-04
  0.539859E-04     0.509976E-04     0.359099E-04     0.413368E-04     0.418727E-04
  0.389752E-04     0.358979E-04     0.295907E-04     0.227167E-04     0.295537E-04
  0.291455E-04     0.271457E-04     0.225214E-04     0.277900E-04     0.316425E-04
  0.307715E-04     0.342384E-04     0.381647E-04     0.421345E-04     0.416885E-04
  0.304069E-04     0.283245E-04     0.287574E-04     0.301792E-04     0.292348E-04
  0.387707E-04     0.282441E-04     0.315320E-04     0.259690E-04     0.494494E-04
  0.560527E-04     0.357925E-04     0.280770E-04     0.303739E-04     0.366483E-04
  0.457334E-04     0.303518E-04     0.360181E-04     0.338279E-04     0.299235E-04
  0.357196E-04     0.367831E-04     0.591355E-04     0.567843E-04     0.413044E-04
  0.366998E-04     0.610366E-04     0.552803E-04     0.555790E-04     0.383474E-04
  0.408129E-04     0.464896E-04     0.428309E-04     0.315749E-04     0.482736E-04
  0.360997E-04     0.392099E-04     0.332704E-04     0.301970E-04     0.447893E-04
  0.380339E-04     0.332054E-04     0.363708E-04     0.372800E-04     0.512244E-04
  0.547159E-04     0.405362E-04     0.427116E-04     0.361543E-04     0.756592E-04
  0.296055E-04     0.488681E-04     0.255901E-04     0.627025E-04     0.307279E-04
  0.337484E-04     0.323904E-04     0.396110E-04     0.317402E-04     0.326313E-04
  0.246770E-04     0.233272E-04     0.478017E-04     0.565924E-04     0.561401E-04
  0.444799E-04     0.284174E-04     0.422841E-04     0.303563E-04     0.287819E-04
  0.373247E-04     0.335649E-04     0.373975E-04     0.378947E-04     0.257157E-04
  0.325269E-04     0.713518E-04     0.473267E-04     0.416557E-04     0.450173E-04
  0.337235E-04     0.584388E-04     0.387483E-04     0.418159E-04     0.389666E-04
  0.299654E-04     0.409382E-04     0.359428E-04     0.355151E-04     0.358251E-04
  0.436569E-04     0.308107E-04     0.329865E-04     0.265713E-04     0.462524E-04
  0.348799E-04     0.339165E-04     0.357996E-04     0.382515E-04     0.392909E-04
  0.264351E-04     0.420212E-04     0.281302E-04     0.475209E-04     0.415662E-04
  0.462854E-04     0.412560E-04     0.559242E-04     0.457371E-04     0.168752E-04
  0.315457E-04     0.315935E-04     0.374731E-04     0.442231E-04     0.240136E-04
  0.623941E-04     0.115740E-03     0.993235E-04     0.147762E-03     0.231915E-03
  0.110196E-03     0.177467E-03     0.151832E-03     0.346140E-03     0.117600E-03
  0.150823E-03     0.400256E-03     0.385647E-03     0.396273E-03     0.423815E-03
  0.627145E-03     0.665824E-03     0.690695E-03     0.118802E-02     0.850260E-03
  0.829932E-03     0.816358E-03     0.108794E-02     0.934737E-03     0.110334E-02
  0.124154E-02     0.119580E-02     0.120149E-02     0.114697E-02     0.178894E-02
  0.167516E-02     0.251222E-02     0.150346E-02     0.136440E-02     0.185122E-02
  0.199939E-02     0.164765E-02     0.389719E-02     0.220938E-02     0.162702E-02
  0.206530E-02     0.491475E-02     0.409727E-02     0.315142E-02     0.444080E-02
  0.288613E-02     0.401140E-02     0.563256E-02     0.424320E-02     0.631887E-02
  0.458127E-02     0.671039E-02     0.766973E-02     0.754777E-02     0.889757E-02
  0.878442E-02     0.835290E-02     0.207362E-01
 eigen energies, in eV 
    -44.619932       -44.511814       -44.406099       -44.062637       -44.054241
    -28.896231       -28.858296       -28.696605       -28.678121       -28.622254
    -28.604638       -28.552099       -28.542613       -28.539378       -28.510008
    -28.491261       -28.481996       -28.436108       -28.326457       -28.213552
    -28.203093       -28.181026       -28.174158       -28.169119       -28.160402
    -28.158936       -28.151285       -28.137631       -28.115334       -28.082280
    -28.047471       -28.011077       -28.003333       -27.959321       -27.933630
    -27.919537       -27.810543       -27.788887       -27.753205       -27.693592
    -27.640765       -27.638812       -27.628504       -27.623121       -27.615143
    -27.595664       -27.549457       -27.548255       -27.532841       -27.519008
    -27.515477       -27.462256       -27.421946       -27.404930       -27.377271
    -27.371756       -27.336732       -27.324057       -27.317652       -27.282733
    -27.226613       -27.199095       -27.196951       -27.127162       -27.121633
    -27.114527       -27.096450       -27.086329       -27.084398       -27.050176
    -27.023834       -26.837610       -26.726267       -26.689486       -26.656183
    -26.653961       -26.609180       -26.590470       -26.569429       -26.559928
    -26.552408       -26.528700       -26.518434       -26.465387       -26.461147
    -26.459501       -26.449523       -26.406086       -26.374307       -26.369865
    -26.348879       -26.277038       -26.264135       -26.174760       -26.170274
    -26.144422       -26.133354       -26.094673       -26.082734       -26.067455
    -26.030951       -26.028422       -26.023461       -26.008254       -26.000094
    -25.978909       -25.974593       -25.963214       -25.943232       -25.929239
    -25.913707       -25.900593       -25.878806       -25.872029       -25.861947
    -25.856394       -25.851481       -25.840823       -25.830546       -25.786008
    -25.740086       -25.716363       -25.664859       -25.605967       -25.543125
    -25.484463       -25.458629       -25.440353       -25.415979       -25.312488
    -25.194919       -25.135677       -25.104739       -24.998860       -24.989876
    -24.323906       -24.100418       -23.969275       -23.757609       -23.725462
    -23.704639       -23.619884       -23.591068       -23.380945       -23.376899
    -23.354610       -23.347495       -23.321230       -23.294359       -23.193255
    -23.189427       -23.119737       -23.111503       -23.034934       -23.026908
    -23.003091       -22.998986       -22.986926       -22.980881       -22.892129
    -22.872065       -22.737108       -22.480265       -22.425100       -22.410595
    -22.380901       -22.364796       -22.275029       -22.041340       -21.873906
    -21.690026       -21.681202       -21.639309       -21.497419       -21.481277
    -21.403163       -21.298591       -21.184671       -21.088892       -21.056852
    -21.053018       -21.046857       -21.027911       -21.017188       -20.994668
    -20.940634       -20.867960       -20.741847       -20.644309       -20.429122
    -18.623918       -18.314847       -18.188944       -18.150139       -18.078564
    -16.414652       -16.103625       -15.940837       -15.930950       -15.910900
    -15.866235       -15.799669       -15.794415       -15.734512       -15.615505
    -15.591942       -15.558812       -15.426485       -15.404830       -15.390221
    -15.319671       -15.229630       -15.153418       -15.134955       -15.073238
    -15.030355       -14.973878       -14.843764       -14.815087       -14.768912
    -14.699902       -14.672783       -14.620612       -14.601660       -14.553943
    -14.500580       -14.462581       -14.433840       -14.422162       -14.347497
    -14.346958       -14.306339       -14.259148       -14.221105       -14.180851
    -13.873951       -13.763703       -13.743301       -13.688259       -13.595415
    -13.569171       -13.560871       -13.556450       -13.462781       -13.427760
    -13.425919       -13.417781       -13.388868       -13.371516       -13.355203
    -13.332394       -13.314096       -13.280196       -13.234697       -13.229872
    -13.200703       -13.185644       -13.177714       -13.155422       -13.145905
    -13.080328       -13.073488       -12.888172       -12.884265       -12.664032
    -12.449496       -12.262845       -12.250644       -12.231236       -12.164064
    -12.063194       -11.996383       -11.949462       -11.939680       -11.910341
    -11.904422       -11.899764       -11.884264       -11.860249       -11.797262
    -11.717826       -11.710102       -11.680966       -11.620973       -11.605010
    -11.601410       -11.518212       -11.499271       -11.495376       -11.493959
    -11.475850       -11.468200       -11.445836       -11.427915       -11.413886
    -11.361962       -11.337294       -11.309652       -11.278515       -11.252013
    -11.246369       -11.227375       -10.958097       -10.941514       -10.912918
    -10.892321       -10.880730       -10.865666       -10.837678       -10.809174
    -10.780673       -10.777480       -10.718655       -10.700297       -10.644439
    -10.618909       -10.605555       -10.596192       -10.554243       -10.538669
    -10.523318       -10.512834       -10.501724       -10.488342       -10.480045
    -10.465714       -10.456657       -10.449443       -10.431742       -10.422267
    -10.393243       -10.377924       -10.372375       -10.316227       -10.303627
    -10.291045       -10.288028       -10.278754       -10.259100       -10.255863
    -10.250822       -10.245763       -10.240740       -10.228322       -10.205924
    -10.191417       -10.165372       -10.142279       -10.134863       -10.131851
    -10.124503       -10.113349       -10.096129       -10.092160       -10.084733
    -10.062899       -10.057436       -10.043656       -10.033716        -9.997720
     -9.993223        -9.986308        -9.976343        -9.971808        -9.959485
     -9.950362        -9.944451        -9.928024        -9.926753        -9.917510
     -9.912120        -9.893623        -9.880317        -9.872275        -9.858730
     -9.843178        -9.828210        -9.809992        -9.799562        -9.788959
     -9.774872        -9.768608        -9.726763        -9.677438        -9.651751
     -9.645111        -9.640080        -9.611652        -9.602892        -9.600557
     -9.586850        -9.576980        -9.569182        -9.557740        -9.541349
     -9.533163        -9.520414        -9.468542        -9.449690        -9.446589
     -9.433933        -9.429622        -9.421196        -9.420267        -9.386514
     -9.385025        -9.371806        -9.347890        -9.329663        -9.329547
     -9.314321        -9.307214        -9.302215        -9.273046        -9.265496
     -9.256340        -9.249340        -9.228892        -9.168587        -9.167143
     -9.151961        -9.141264        -9.129327        -9.120149        -9.089090
     -9.069912        -9.065384        -9.056360        -9.046782        -9.039116
     -9.028760        -9.012213        -9.000414        -8.991828        -8.982654
     -8.968507        -8.963108        -8.938243        -8.920633        -8.910282
     -8.893919        -8.876020        -8.855862        -8.847672        -8.836250
     -8.823790        -8.813721        -8.802057        -8.796332        -8.787665
     -8.765956        -8.760399        -8.742560        -8.736384        -8.725691
     -8.722180        -8.706040        -8.682901        -8.657943        -8.650322
     -8.644640        -8.633541        -8.627945        -8.606435        -8.593125
     -8.555196        -8.509516        -8.460066        -8.452398        -8.425782
     -8.396094        -8.387233        -8.346224        -8.331088        -8.313751
     -8.310713        -8.295998        -8.287034        -8.280011        -8.277507
     -8.265977        -8.255938        -8.247604        -8.191726        -8.168559
     -8.084133        -8.074458        -8.043481        -8.031420        -7.991002
     -7.986729        -7.948328        -7.933484        -7.917370        -7.863686
     -7.813808        -7.804719        -7.791785        -7.776616        -7.751250
     -7.743460        -7.737775        -7.728687        -7.714174        -7.679801
     -7.666030        -7.648273        -7.630053        -7.597285        -7.584479
     -7.522998        -7.518260        -7.515370        -7.460815        -7.412358
     -7.399680        -7.380010        -7.373887        -7.360077        -7.334866
     -7.331256        -7.317573        -7.292883        -7.258950        -7.248496
     -7.240015        -7.204033        -7.186351        -7.166932        -7.166249
     -7.151030        -7.147427        -7.130261        -7.122000        -7.108527
     -7.095884        -7.092625        -7.051885        -7.044584        -7.033983
     -7.013274        -7.002419        -6.989781        -6.949330        -6.936809
     -6.877288        -6.876351        -6.866561        -6.863421        -6.845425
     -6.843760        -6.826394        -6.810657        -6.804005        -6.791244
     -6.780514        -6.773955        -6.765651        -6.757008        -6.747157
     -6.739940        -6.730892        -6.722213        -6.694887        -6.688342
     -6.683284        -6.672131        -6.666073        -6.650996        -6.631529
     -6.618762        -6.604204        -6.592311        -6.567950        -6.560801
     -6.549004        -6.543797        -6.536233        -6.509149        -6.494985
     -6.484735        -6.479215        -6.474803        -6.451673        -6.449575
     -6.431809        -6.418795        -6.412914        -6.407723        -6.398314
     -6.396910        -6.391936        -6.371286        -6.369229        -6.355398
     -6.339539        -6.312636        -6.300039        -6.289950        -6.287108
     -6.276560        -6.265021        -6.253273        -6.252080        -6.227824
     -6.226846        -6.217418        -6.208075        -6.203932        -6.185765
     -6.174428        -6.169738        -6.153978        -6.148298        -6.123424
     -6.116152        -6.092753        -6.067726        -6.066001        -6.056588
     -6.054327        -6.048812        -6.039180        -6.035016        -6.027305
     -6.019712        -6.018409        -6.004812        -5.994647        -5.985521
     -5.980724        -5.970128        -5.964256        -5.961989        -5.958551
     -5.948096        -5.938085        -5.916712        -5.906539        -5.899577
     -5.898605        -5.886857        -5.884335        -5.869800        -5.867347
     -5.858063        -5.848307        -5.839608        -5.829767        -5.825873
     -5.813001        -5.809680        -5.792808        -5.784571        -5.781904
     -5.780394        -5.776758        -5.770823        -5.765475        -5.761512
     -5.749622        -5.742993        -5.737315        -5.734787        -5.729920
     -5.712802        -5.697511        -5.690632        -5.689349        -5.678619
     -5.675099        -5.662229        -5.656027        -5.644891        -5.642948
     -5.637594        -5.627366        -5.621963        -5.610793        -5.608372
     -5.605636        -5.590024        -5.588958        -5.585097        -5.580107
     -5.569772        -5.567534        -5.558199        -5.543979        -5.533223
     -5.532032        -5.526318        -5.516058        -5.513428        -5.507459
     -5.505545        -5.500810        -5.489475        -5.481735        -5.473309
     -5.465286        -5.458763        -5.452805        -5.443258        -5.437898
     -5.428285        -5.414728        -5.404763        -5.400489        -5.394784
     -5.384600        -5.373064        -5.366216        -5.358234        -5.354703
     -5.350684        -5.338616        -5.332657        -5.325287        -5.317838
     -5.310312        -5.300992        -5.290932        -5.284386        -5.275619
     -5.269054        -5.252871        -5.251296        -5.243825        -5.236997
     -5.235808        -5.228401        -5.220791        -5.212726        -5.207112
     -5.203136        -5.195687        -5.189721        -5.187288        -5.184714
     -5.180104        -5.174657        -5.166762        -5.165131        -5.158686
     -5.155009        -5.142118        -5.131786        -5.126261        -5.120224
     -5.116842        -5.107643        -5.102468        -5.094045        -5.090852
     -5.087624        -5.084656        -5.081505        -5.070533        -5.064435
     -5.060417        -5.049288        -5.042453        -5.015167        -5.009884
     -5.005352        -4.995938        -4.993155        -4.982946        -4.978145
     -4.961342        -4.960141        -4.958361        -4.949728        -4.941899
     -4.931627        -4.924235        -4.918310        -4.910775        -4.896019
     -4.890626        -4.888256        -4.881413        -4.872639        -4.867776
     -4.865711        -4.849689        -4.843609        -4.836450        -4.826455
     -4.824215        -4.818817        -4.812650        -4.807811        -4.801988
     -4.796706        -4.796050        -4.786960        -4.784837        -4.775931
     -4.761287        -4.755586        -4.744681        -4.732881        -4.727360
     -4.705321        -4.691806        -4.677599        -4.668716        -4.655993
     -4.651761        -4.638959        -4.631385        -4.615200        -4.601673
     -4.595590        -4.580389        -4.553378        -4.546140        -4.542488
     -4.532395        -4.527260        -4.511288        -4.510574        -4.506968
     -4.495994        -4.476874        -4.458295        -4.439628        -4.435793
     -4.412704        -4.402811        -4.388944        -4.353788        -4.352262
     -4.334606        -4.320793        -4.314963        -4.280018        -4.278794
     -4.258069        -4.244164        -4.224389        -4.210519        -4.187238
     -4.176711        -4.167345        -4.157701        -4.155835        -4.134070
     -4.125329        -4.114594        -4.091585        -4.075020        -4.069849
     -4.058145        -4.043483        -4.031004        -4.000976        -3.975989
     -3.959256        -3.875835        -3.859341        -3.845881        -3.828646
     -3.801349        -3.784773        -3.771263        -3.759238        -3.727444
     -3.718493        -3.701314        -3.693946        -3.663025        -3.640507
     -3.631331        -3.608298        -3.594634        -3.582714        -3.579117
     -3.564761        -3.522646        -3.506326        -3.501458        -3.485543
     -3.468317        -3.453084        -3.440363        -3.409642        -3.396650
     -3.393045        -3.388071        -3.383177        -3.354573        -3.341381
     -3.306909        -3.298900        -3.289463        -3.277814        -3.262120
     -3.257429        -3.249629        -3.237280        -3.228458        -3.218325
     -3.179465        -3.174527        -3.161870        -3.150690        -3.134453
     -3.126414        -3.107739        -3.090574        -3.084119        -3.075085
     -3.066942        -3.039708        -3.034816        -3.008087        -2.992727
     -2.967117        -2.944878        -2.930078        -2.913665        -2.907352
     -2.874123        -2.869856        -2.862300        -2.832046        -2.807865
     -2.784655        -2.782061        -2.761977        -2.723885        -2.703973
     -2.699338        -2.688838        -2.633565        -2.632257        -2.622489
     -2.612568        -2.600182        -2.581126        -2.571326        -2.501414
     -2.481476        -2.462789        -2.457447        -2.451221        -2.429081
     -2.415625        -2.401626        -2.399595        -2.335383        -2.303068
     -2.295800        -2.288890        -2.254591        -2.244433        -2.169027
     -2.164031        -2.138637        -2.077282        -2.020700        -2.000466
     -1.979504        -1.971864        -1.932704        -1.833618        -1.724695
      2.383612         2.566776         2.715496         2.775873         2.820625
      2.920767         3.133254         3.147488         3.229534         3.291505
      3.342791         3.397137         3.432251         3.511427         3.545559
      3.582973         3.628285         3.693120         3.747556         3.769482
      3.785759         3.823144         3.857634         3.865622         3.898900
      3.939148         3.953234         3.974026         3.996187         4.038002
      4.078738         4.098692         4.104475         4.153864         4.164719
      4.182288         4.195858         4.214772         4.224229         4.230404
      4.279058         4.295874         4.319713         4.342405         4.350489
      4.372163         4.409246         4.448198         4.459177         4.491463
      4.504890         4.534429         4.558869         4.568432         4.604292
      4.643195         4.662355         4.676961
 *********************************
 total computation time (sec)=   1997.04650998116     
