 AEM_Eatom=  0.196185806555890     
 AEM_Egroup=  2.860277674612123E-002
 AEM_Etot=  3.787147170265330E-003
 AEM_F=  0.719770639193778     
