           4           1
 PRECISION  = SINGLE     
 JOB       = SCF
 IN.PSP1   = /home/sabs/shenjie/Pseudopotential/Li.nc.pbe.UPF
 IN.PSP2   = /home/sabs/shenjie/Pseudopotential/C.nc.pbe.UPF
 IN.PSP3   = /home/sabs/shenjie/Pseudopotential/O.nc.pbe.UPF
 IN.PSP4   = /home/sabs/shenjie/Pseudopotential/N.nc.pbe.UPF
 IN.PSP5   = /home/sabs/shenjie/Pseudopotential/S.nc.pbe.UPF
 IN.PSP6   = /home/sabs/shenjie/Pseudopotential/F.nc.pbe.UPF
 IN.PSP7   = /home/sabs/shenjie/Pseudopotential/H.nc.pbe.UPF
 IN.PSP8   = /home/sabs/shenjie/Pseudopotential/P.nc.pbe.UPF
 IN.ATOM   = atom.config         
 CONVERGENCE  = EASY
 ACCURACY  = NORM
 VFF_DETAIL =   1   500  0.50000000E-02     30.00000     4.00000     0.00000     1.00000  
 EGG_DETAIL =            3           3           3
 SPIN      =   1
 CONSTRAINT_MAG =           0
 RANDOM_SEED=           0
 QIJ_DETAIL =   0  1
 SCF_MIX = CHARGE
 PWSCF_OUTPUT     =  F
 Ecut      =    60.0000000000000     
 Ecut2     =    120.000000000000     
 Ecut2L    =    120.000000000000     
 EcutP    =    60.0000000000000     
 N123      =   120   120   120
 NS123     =    40    40    40
 N123L     =   120   120   120
 STRESS_CORR =   0.100000E+01  0.000000E+00  0.200000E+01  0.000000E+00
 XCFUNCTIONAL = LDA
 HSE_DETAIL    =      1.00000000    1     0.00000000    6 1 1
 RELAX_HSE    =    20   0.50000E-01     2
 VDW       = NONE
 LONDON_S6      =   0.000000000000000E+000
 LONDON_C6(1)      =   -1.00000000000000     
 LONDON_C6(2)      =   -1.00000000000000     
 LONDON_C6(3)      =   -1.00000000000000     
 LONDON_C6(4)      =   -1.00000000000000     
 LONDON_C6(5)      =   -1.00000000000000     
 LONDON_C6(6)      =   -1.00000000000000     
 LONDON_C6(7)      =   -1.00000000000000     
 LONDON_C6(8)      =   -1.00000000000000     
 LONDON_RCUT      =   0.000000000000000E+000
 DFTD3_S6        =   0.000000000000000E+000
 DFTD3_RS6        =   0.000000000000000E+000
 DFTD3_S18        =   0.000000000000000E+000
 DFTD3_RS18        =   0.000000000000000E+000
 DFTD3_ALPHA6        =   0.000000000000000E+000
 DFTD3_VERSION        =            0
 DFTD3_3BODY        =  F
 COULOMB   =    0
 IN.WG     =  F
 OUT.WG    =  F
 IN.RHO    =  F
 OUT.RHOATOM =  F
 OUT.RHO   =  F
 IN.VR     =  F
 OUT.VR    =  F
 OUT.ELF   =  F
 IN.VEXT   =  F
 OUT.VATOM   =  F
 OUT.FORCE =  T
 OUT.STRESS =  F
 IN.KPT    =  F
 IN.SYMM   =  F
 SYMM_PREC =    0.10000E-04
 MP_N123 =      1      1      1      0      0      0      0
 NUM_KPT =            1
 CHARGE_DECOMP = F
 ENERGY_DECOMP = F 
 IN.SOLVENT =  F
 NUM_ELECTRON =   1940.00000000000     
 FIX_FERMI =   F  0.000000E+00  0.000000E+00  0.000000E+00
 IN.NONSCF    =  F
 NUM_BAND  =  1028
 OUT.REAL.RHOWF_SP= 0
 WG_ERROR  =   1.000000000000000E-004
 E_ERROR   =   5.279008887880000E-003
 RHO_ERROR =   5.000000000000000E-005
 RHO_RELATIVE_ERROR      =   0.000000000000000E+000
 FORCE_RELATIVE_ERROR     =   0.000000000000000E+000
 MIN_SCF_ITER     =            1
 SYS_TYPE   =            1
 PULAY_MIX_OPT =     30  1  0       1.00000       0.00000
 PULAY_METRIC_Q0 =       -1.00000
 IN.OCC    =  F          -1
 IN.CC    =  F
 IN.OCC_ADIA    =  F
 SCF_ITER0_1 =    6   4    3    0.0000     0.02500    1
 SCF_ITER0_2 =   94   4    3    1.0000     0.02500    1
 SCF_ITER1_1 =   40   4    3    1.0000     0.02500    1
 NONLOCAL  =  2
 IN.A_FIELD =  F       0.00000       0.00000       0.00000
 RCUT      =    4.00000000000000     
 IN.PSP_RCUT1 =   4.00000000000000     
 IN.PSP_RCUT2 =   4.00000000000000     
 IN.PSP_RCUT3 =   4.00000000000000     
 IN.PSP_RCUT4 =   4.00000000000000     
 IN.PSP_RCUT5 =   4.00000000000000     
 IN.PSP_RCUT6 =   4.00000000000000     
 IN.PSP_RCUT7 =   4.00000000000000     
 IN.PSP_RCUT8 =   4.00000000000000     
 MD_VV_SCALE =    100
 LDAU_PSP1   =           -1  2.721138638331097E-009  2.721138638331097E-009  eV
 LDAU_PSP2   =           -1  2.721138638331097E-009  2.721138638331097E-009  eV
 LDAU_PSP3   =           -1  2.721138638331097E-009  2.721138638331097E-009  eV
 LDAU_PSP4   =           -1  2.721138638331097E-009  2.721138638331097E-009  eV
 LDAU_PSP5   =           -1  2.721138638331097E-009  2.721138638331097E-009  eV
 LDAU_PSP6   =           -1  2.721138638331097E-009  2.721138638331097E-009  eV
 LDAU_PSP7   =           -1  2.721138638331097E-009  2.721138638331097E-009  eV
 LDAU_PSP8   =           -1  2.721138638331097E-009  2.721138638331097E-009  eV
 NUM_BLOCKED_PSI=  F
 WF_STORE2DISK  =            0
 NUM_DOS_GRID =         4000
 NMAP_MAX =        50000
 KERK_AMIN =   0.300000000000000     
 KERK_AMIX =   0.400000000000000     
 KERK_AMIX_MAG =   0.800000000000000     
 KERK_BMIX =   0.500000000000000     
 LDAU_MIX =   0.700000000000000     
 PULAY_WEIGHT_SPIN =    1.00000000000000     
 PULAY_WEIGHT_NS =    1.00000000000000     
 OUT.MLMD    =  F
 NUM_MPI_PER_GPU =     1
 FLAG_CYLINDER =            0
 SET_OUT_FERMI_POS =  F           0
 E_FINITE =  F   0.00000E+00   0.00000E+00   0.00000E+00
 MLINE_EIGEN =      1
 
 ------------------------------------------------
 total number of K-point:           1
   0.00000     0.00000    0.00000     1.00000            
 ------------------------------------------------
 
 
 *********************************************
 *********** end of etot.input report ********
 minimum n1,n2,n3 from Ecut2
     118.970      119.148      119.089
 minimum n1L,n2L,n3L from Ecut2L
     118.970      119.148      119.089
 *********************************************
 
 
Weighted average num_of_PW for all kpoint=                       312673.000
 ************************************
 E_Hxc(eV)         51295.9135142292     
 E_ion(eV)        -223521.423484266     
 E_Coul(eV)        79605.8795811283     
 E_Hxc+E_ion(eV)  -172225.509970036     
 NONSCF     1          AVE_STATE_ERROR= 0.5919E+01
 NONSCF     2          AVE_STATE_ERROR= 0.1635E+01
 NONSCF     3          AVE_STATE_ERROR= 0.5109E+00
 NONSCF     4          AVE_STATE_ERROR= 0.9534E-01
 NONSCF     5          AVE_STATE_ERROR= 0.1573E-01
 NONSCF     6          AVE_STATE_ERROR= 0.3011E-02
 iter=   7   ave_lin=  4.0  iCGmth=   3
 Ef(eV)               = -.1043766E+01
 err of ug            = 0.1181E-02
 dv_ave, drho_tot     = 0.0000E+00 0.1232E+00
 E_tot(eV)            = -.13304779767524E+06    -.1330E+06
 -------------------------------------------
 iter=   8   ave_lin=  4.0  iCGmth=   3
 Ef(eV)               = -.1241447E+01
 err of ug            = 0.1080E-01
 dv_ave, drho_tot     = 0.1747E-01 0.7110E-01
 E_tot(eV)            = -.13293934838845E+06    0.1084E+03
 -------------------------------------------
 iter=   9   ave_lin=  4.0  iCGmth=   3
 Ef(eV)               = -.8670794E+00
 err of ug            = 0.6740E-02
 dv_ave, drho_tot     = 0.1403E-01 0.3049E-01
 E_tot(eV)            = -.13290547651511E+06    0.3387E+02
 -------------------------------------------
 iter=  10   ave_lin=  4.0  iCGmth=   3
 Ef(eV)               = -.7793170E+00
 err of ug            = 0.2121E-02
 dv_ave, drho_tot     = 0.6982E-02 0.1083E-01
 E_tot(eV)            = -.13289995788909E+06    0.5519E+01
 -------------------------------------------
 iter=  11   ave_lin=  4.0  iCGmth=   3
 Ef(eV)               = -.7424075E+00
 err of ug            = 0.5635E-03
 dv_ave, drho_tot     = 0.3076E-02 0.6113E-02
 E_tot(eV)            = -.13289927691825E+06    0.6810E+00
 -------------------------------------------
 iter=  12   ave_lin=  4.0  iCGmth=   3
 Ef(eV)               = -.7111262E+00
 err of ug            = 0.3172E-03
 dv_ave, drho_tot     = 0.3542E-02 0.3655E-02
 E_tot(eV)            = -.13289876578590E+06    0.5111E+00
 -------------------------------------------
 iter=  13   ave_lin=  4.0  iCGmth=   3
 Ef(eV)               = -.6253147E+00
 err of ug            = 0.3504E-03
 dv_ave, drho_tot     = 0.3875E-02 0.2814E-02
 E_tot(eV)            = -.13289829819143E+06    0.4676E+00
 -------------------------------------------
 iter=  14   ave_lin=  4.0  iCGmth=   3
 Ef(eV)               = -.5666515E+00
 err of ug            = 0.3245E-03
 dv_ave, drho_tot     = 0.5279E-02 0.2230E-02
 E_tot(eV)            = -.13289786569939E+06    0.4325E+00
 -------------------------------------------
 iter=  15   ave_lin=  4.0  iCGmth=   3
 Ef(eV)               = -.4638786E+00
 err of ug            = 0.3437E-03
 dv_ave, drho_tot     = 0.6387E-02 0.1786E-02
 E_tot(eV)            = -.13289754187778E+06    0.3238E+00
 -------------------------------------------
 iter=  16   ave_lin=  4.0  iCGmth=   3
 Ef(eV)               = -.4400668E+00
 err of ug            = 0.2584E-03
 dv_ave, drho_tot     = 0.4359E-02 0.1369E-02
 E_tot(eV)            = -.13289745364328E+06    0.8823E-01
 -------------------------------------------
 iter=  17   ave_lin=  4.0  iCGmth=   3
 Ef(eV)               = 0.1597435E+01
 err of ug            = 0.1932E-03
 dv_ave, drho_tot     = 0.3655E-02 0.1067E-02
 E_tot(eV)            = -.13289742159231E+06    0.3205E-01
 -------------------------------------------
 iter=  18   ave_lin=  4.0  iCGmth=   3
 Ef(eV)               = -.4044438E+00
 err of ug            = 0.1275E-03
 dv_ave, drho_tot     = 0.2908E-02 0.7939E-03
 E_tot(eV)            = -.13289740440610E+06    0.1719E-01
 -------------------------------------------
 iter=  19   ave_lin=  4.0  iCGmth=   3
 Ef(eV)               = -.3783008E+00
 err of ug            = 0.1084E-03
 dv_ave, drho_tot     = 0.2425E-02 0.6036E-03
 E_tot(eV)            = -.13289738677331E+06    0.1763E-01
 -------------------------------------------
 iter=  20   ave_lin=  4.0  iCGmth=   3
 Ef(eV)               = -.3592238E+00
 err of ug            = 0.9457E-04
 dv_ave, drho_tot     = 0.2393E-02 0.4520E-03
 E_tot(eV)            = -.13289737475145E+06    0.1202E-01
 -------------------------------------------
 iter=  21   ave_lin=  4.0  iCGmth=   3
 Ef(eV)               = -.3399111E+00
 err of ug            = 0.6515E-04
 dv_ave, drho_tot     = 0.1124E-02 0.3713E-03
 E_tot(eV)            = -.13289736731331E+06    0.7438E-02
 -------------------------------------------
 iter=  22   ave_lin=  4.0  iCGmth=   3
 Ef(eV)               = -.3284840E+00
 err of ug            = 0.6337E-04
 dv_ave, drho_tot     = 0.1032E-02 0.3022E-03
 E_tot(eV)            = -.13289736097921E+06    0.6334E-02
 -------------------------------------------
 iter=  23   ave_lin=  4.0  iCGmth=   3
 Ef(eV)               = -.3260030E+00
 err of ug            = 0.5270E-04
 dv_ave, drho_tot     = 0.8473E-03 0.2455E-03
 E_tot(eV)            = -.13289735740779E+06    0.3571E-02
 -------------------------------------------
 E_Fermi(eV)= -0.326003007524803     
 ---------------------------------------------------
 Ef(eV)               = -.3260030E+00
 dvE, dvE(n)-dvE(n-1) = 0.7179E-06 -.3466E-06
 dv_ave, drho_tot     = 0.8473E-03 0.2455E-03
 err of ug            = 0.5270E-04
 ---------------------------------------------------
 ending_scf_reason = tol Etot_err  5.279008887880000E-003
 Ewald        = -.40402971309280E+05
 Alpha        = 0.15207970391171E+04
 E_extV       = 0.00000000000000E+00    0.0000E+00
 E_NSC        = -.21564873657915E+05    0.5995E+00
 E[-rho*V_Hxc]= -.12501595816951E+06    -.5959E+00
 E_Hxc        = 0.52565648689798E+05    0.6198E+00
 -TS          = -.35505862133968E-26    0.0000E+00
 E_tot(eV)    = -.13289735740779E+06    0.3571E-02
 E_tot(Ryd)   = -.97677756884646E+04    0.1312E-03
 ---------------------------------------------------
 ---------------------------------------------------
 occup for:      kpt=1,spin=1,m=(totN/2-2,totN/2+2)
   1.000    1.000    1.000    0.000    0.000
 eigen(eV) for:  kpt=1,spin=1,m=(totN/2-2,totN/2+2)
  -1.929   -1.920   -1.632    2.293    2.407
 ---------------------------------------------------
 ---------------------------------------------------
 E_Hart,E_xc,E_ion =0.81413352313315E+05  -.28847703623517E+05  -.22613831775296E+06
 E_Hxc+E_ion       =-.17357266906316E+06
 E_kin+E_nonloc    =0.79557485925537E+05
 E_rhoVext,E_IVext     =0.00000000000000E+00  0.00000000000000E+00
 E_psiV,E_dDrho =-.10112254888111E+06  0.00000000000000E+00
 ave(vtot):v0 =-.76786658844344E+01
 ave(V_ion_s(or p,d))=ave(V_Hatree)=0; ave(Vtot)=ave(V_xc)=v0
 ---------------------------------------------------
 *********************************
 Eigen energies are values after setting ave(Vtot)=0
 For Vtot=V_ion+V_Hartree+V_xc, and
 ave(V_ion+V_Hatree)=0, ave(V_xc).ne.0:  E=E+v0
 *********************************
iislda,kpt=   1,    1      0.000000     0.000000     0.000000             kpoint in xyz unit 
 err of each states, A.U
  0.109807E-03     0.201897E-04     0.134225E-03     0.199026E-04     0.292513E-04
  0.797751E-04     0.275474E-04     0.201357E-04     0.191791E-04     0.490311E-04
  0.217246E-04     0.737267E-04     0.195612E-04     0.320414E-04     0.196793E-04
  0.129486E-04     0.172086E-04     0.418903E-04     0.148829E-04     0.151791E-04
  0.234852E-04     0.561589E-04     0.319305E-04     0.218094E-04     0.248372E-04
  0.145084E-04     0.195018E-04     0.248575E-04     0.144524E-04     0.154863E-04
  0.189440E-04     0.485454E-04     0.272443E-04     0.408610E-04     0.160643E-04
  0.152762E-04     0.348886E-04     0.595092E-04     0.372541E-04     0.373636E-04
  0.201100E-04     0.182708E-04     0.375282E-04     0.103620E-03     0.226207E-04
  0.169746E-04     0.182140E-04     0.849834E-04     0.498341E-04     0.167110E-04
  0.176830E-04     0.352428E-04     0.276256E-04     0.184221E-04     0.183799E-04
  0.796721E-04     0.458075E-04     0.377290E-04     0.159360E-04     0.767978E-04
  0.159659E-04     0.255443E-04     0.153667E-04     0.130560E-04     0.243551E-04
  0.195735E-04     0.162160E-04     0.132561E-04     0.259991E-04     0.242250E-04
  0.307835E-04     0.308862E-04     0.211139E-04     0.149642E-04     0.301970E-04
  0.140992E-04     0.121663E-04     0.406566E-04     0.152211E-04     0.133239E-04
  0.122343E-04     0.134362E-04     0.155877E-04     0.125494E-04     0.119568E-04
  0.438892E-04     0.138650E-04     0.131819E-04     0.265402E-04     0.458545E-04
  0.103673E-04     0.176015E-04     0.146134E-04     0.403761E-04     0.144395E-04
  0.229586E-04     0.694060E-04     0.167464E-04     0.108249E-04     0.123078E-04
  0.120987E-04     0.429358E-04     0.205861E-03     0.234060E-04     0.127020E-04
  0.510287E-04     0.158957E-04     0.306410E-04     0.123406E-04     0.321750E-04
  0.143251E-04     0.374004E-04     0.294371E-04     0.136478E-04     0.175139E-04
  0.168729E-04     0.304606E-04     0.728750E-04     0.170049E-04     0.145960E-04
  0.112738E-04     0.114774E-04     0.188916E-04     0.434639E-04     0.190689E-04
  0.138850E-04     0.931781E-04     0.140368E-04     0.156154E-04     0.123512E-04
  0.164805E-04     0.116943E-04     0.183661E-04     0.158673E-04     0.151359E-04
  0.158451E-04     0.194142E-04     0.161948E-04     0.190569E-04     0.167304E-04
  0.299143E-04     0.247063E-04     0.115548E-04     0.141426E-04     0.156938E-04
  0.713043E-04     0.474856E-04     0.153032E-04     0.132346E-04     0.143532E-04
  0.269976E-04     0.326828E-04     0.675466E-04     0.366795E-04     0.207755E-04
  0.558103E-04     0.234046E-04     0.495474E-04     0.191229E-04     0.159125E-04
  0.225052E-04     0.110295E-04     0.273287E-04     0.256275E-04     0.163369E-04
  0.155242E-04     0.154483E-04     0.226528E-04     0.234692E-04     0.238866E-04
  0.290332E-04     0.248240E-04     0.280799E-04     0.143502E-04     0.210245E-04
  0.171061E-04     0.526941E-04     0.343470E-04     0.101632E-04     0.479241E-04
  0.121019E-04     0.119973E-04     0.152854E-04     0.161017E-04     0.951227E-05
  0.101117E-04     0.126382E-04     0.224629E-04     0.127234E-04     0.920187E-05
  0.141169E-04     0.163049E-04     0.181256E-04     0.164782E-04     0.118101E-04
  0.186081E-04     0.151946E-04     0.108961E-04     0.223231E-04     0.119992E-04
  0.190958E-04     0.186049E-04     0.110923E-04     0.254159E-04     0.112253E-04
  0.282268E-04     0.166681E-04     0.123934E-04     0.265082E-04     0.182759E-04
  0.187971E-04     0.127813E-04     0.129294E-04     0.133554E-04     0.128812E-04
  0.267596E-04     0.209728E-04     0.181260E-04     0.207009E-04     0.187098E-04
  0.152711E-04     0.205893E-04     0.144348E-04     0.170779E-04     0.155076E-04
  0.125128E-04     0.205316E-04     0.917539E-05     0.174546E-04     0.137346E-04
  0.123074E-04     0.200046E-04     0.115722E-04     0.124925E-04     0.186291E-04
  0.134604E-04     0.163520E-04     0.123759E-04     0.194069E-04     0.118796E-04
  0.148128E-04     0.188184E-04     0.126276E-04     0.204847E-04     0.144732E-04
  0.170201E-04     0.219335E-04     0.128693E-04     0.197190E-04     0.158473E-04
  0.245904E-04     0.241045E-04     0.128901E-04     0.146879E-04     0.135520E-04
  0.124483E-04     0.270002E-04     0.164041E-04     0.165439E-04     0.177549E-04
  0.158342E-04     0.201118E-04     0.132748E-04     0.172477E-04     0.167062E-04
  0.153034E-04     0.257046E-04     0.223029E-04     0.188749E-04     0.198286E-04
  0.203310E-04     0.146353E-04     0.214803E-04     0.152780E-04     0.182357E-04
  0.198443E-04     0.157683E-04     0.159852E-04     0.180197E-04     0.321928E-04
  0.217576E-04     0.221797E-04     0.231317E-04     0.211091E-04     0.230183E-04
  0.215216E-04     0.215319E-04     0.177727E-04     0.199296E-04     0.193228E-04
  0.133369E-04     0.182796E-04     0.205167E-04     0.224472E-04     0.129741E-04
  0.273287E-04     0.199612E-04     0.212898E-04     0.206244E-04     0.248298E-04
  0.187402E-04     0.247066E-04     0.208726E-04     0.269925E-04     0.177773E-04
  0.179332E-04     0.163546E-04     0.176465E-04     0.141660E-04     0.152421E-04
  0.210860E-04     0.163888E-04     0.190375E-04     0.207765E-04     0.222191E-04
  0.273543E-04     0.232153E-04     0.383009E-04     0.240912E-04     0.241185E-04
  0.276258E-04     0.296349E-04     0.406971E-04     0.243550E-04     0.251843E-04
  0.231489E-04     0.272765E-04     0.237949E-04     0.217297E-04     0.201453E-04
  0.249943E-04     0.261119E-04     0.164542E-04     0.295025E-04     0.198871E-04
  0.180246E-04     0.172413E-04     0.240139E-04     0.267399E-04     0.203555E-04
  0.271031E-04     0.210999E-04     0.210439E-04     0.217980E-04     0.216556E-04
  0.198365E-04     0.178329E-04     0.227093E-04     0.151922E-04     0.246650E-04
  0.184008E-04     0.275784E-04     0.244640E-04     0.218563E-04     0.185944E-04
  0.257571E-04     0.226118E-04     0.226675E-04     0.293022E-04     0.215551E-04
  0.320812E-04     0.249488E-04     0.209249E-04     0.163977E-04     0.239880E-04
  0.174799E-04     0.260372E-04     0.230557E-04     0.179727E-04     0.224810E-04
  0.175856E-04     0.211726E-04     0.154461E-04     0.262036E-04     0.277765E-04
  0.242725E-04     0.277442E-04     0.267988E-04     0.231081E-04     0.214476E-04
  0.182729E-04     0.266238E-04     0.307988E-04     0.340578E-04     0.233637E-04
  0.252941E-04     0.190373E-04     0.210563E-04     0.329248E-04     0.208680E-04
  0.263443E-04     0.309817E-04     0.206740E-04     0.275986E-04     0.134540E-04
  0.221944E-04     0.211220E-04     0.236068E-04     0.245625E-04     0.277421E-04
  0.312780E-04     0.328932E-04     0.230209E-04     0.356261E-04     0.238418E-04
  0.259401E-04     0.242884E-04     0.295997E-04     0.273597E-04     0.298963E-04
  0.241296E-04     0.243068E-04     0.229634E-04     0.250454E-04     0.198182E-04
  0.188048E-04     0.217779E-04     0.223433E-04     0.241510E-04     0.223812E-04
  0.191464E-04     0.216649E-04     0.214876E-04     0.252098E-04     0.273234E-04
  0.279284E-04     0.323046E-04     0.326361E-04     0.280231E-04     0.257714E-04
  0.262654E-04     0.377965E-04     0.260575E-04     0.321153E-04     0.270165E-04
  0.288905E-04     0.291301E-04     0.251821E-04     0.315039E-04     0.276381E-04
  0.282717E-04     0.274602E-04     0.271817E-04     0.313976E-04     0.247285E-04
  0.353641E-04     0.549041E-04     0.268246E-04     0.230906E-04     0.402142E-04
  0.254934E-04     0.310865E-04     0.224385E-04     0.349188E-04     0.313915E-04
  0.373951E-04     0.361524E-04     0.209670E-04     0.260408E-04     0.174455E-04
  0.239167E-04     0.222191E-04     0.186069E-04     0.354134E-04     0.229584E-04
  0.378236E-04     0.176176E-04     0.256952E-04     0.295477E-04     0.180464E-04
  0.247575E-04     0.216521E-04     0.202118E-04     0.229565E-04     0.273265E-04
  0.408405E-04     0.250283E-04     0.207031E-04     0.301372E-04     0.114986E-04
  0.297566E-04     0.211476E-04     0.148585E-04     0.231659E-04     0.185636E-04
  0.214729E-04     0.252505E-04     0.236825E-04     0.358740E-04     0.172235E-04
  0.208058E-04     0.200114E-04     0.204849E-04     0.185591E-04     0.267928E-04
  0.236846E-04     0.163119E-04     0.186707E-04     0.211368E-04     0.188924E-04
  0.161399E-04     0.185179E-04     0.148310E-04     0.201085E-04     0.170693E-04
  0.150182E-04     0.276590E-04     0.176473E-04     0.164529E-04     0.145069E-04
  0.144782E-04     0.205302E-04     0.191111E-04     0.239143E-04     0.208577E-04
  0.170751E-04     0.304383E-04     0.198089E-04     0.253847E-04     0.157359E-04
  0.151983E-04     0.216176E-04     0.246895E-04     0.203363E-04     0.151156E-04
  0.182221E-04     0.226733E-04     0.242716E-04     0.172126E-04     0.240352E-04
  0.263333E-04     0.251024E-04     0.257871E-04     0.126772E-04     0.204832E-04
  0.126680E-04     0.238661E-04     0.287974E-04     0.292275E-04     0.259006E-04
  0.181503E-04     0.163019E-04     0.266675E-04     0.220125E-04     0.214262E-04
  0.262955E-04     0.200528E-04     0.215867E-04     0.230159E-04     0.222781E-04
  0.232797E-04     0.253026E-04     0.281178E-04     0.210047E-04     0.238013E-04
  0.182771E-04     0.290246E-04     0.256451E-04     0.284904E-04     0.300610E-04
  0.343588E-04     0.254330E-04     0.191507E-04     0.252346E-04     0.141913E-04
  0.228912E-04     0.209020E-04     0.225205E-04     0.221416E-04     0.209959E-04
  0.208473E-04     0.193810E-04     0.214617E-04     0.201366E-04     0.265346E-04
  0.214744E-04     0.202648E-04     0.223587E-04     0.245702E-04     0.136865E-04
  0.223442E-04     0.266488E-04     0.222715E-04     0.226589E-04     0.203778E-04
  0.194501E-04     0.224212E-04     0.178845E-04     0.166112E-04     0.232844E-04
  0.220362E-04     0.205532E-04     0.273470E-04     0.262888E-04     0.229350E-04
  0.284542E-04     0.177386E-04     0.201653E-04     0.187153E-04     0.221652E-04
  0.204683E-04     0.248627E-04     0.195793E-04     0.222626E-04     0.201778E-04
  0.212513E-04     0.231777E-04     0.254733E-04     0.182065E-04     0.260587E-04
  0.191759E-04     0.212961E-04     0.189833E-04     0.213991E-04     0.225280E-04
  0.217015E-04     0.155946E-04     0.191402E-04     0.265047E-04     0.198682E-04
  0.222877E-04     0.259023E-04     0.197679E-04     0.196551E-04     0.232498E-04
  0.276160E-04     0.225902E-04     0.198530E-04     0.253146E-04     0.238729E-04
  0.231065E-04     0.205068E-04     0.200068E-04     0.203911E-04     0.179534E-04
  0.201213E-04     0.228797E-04     0.232938E-04     0.245278E-04     0.238998E-04
  0.230135E-04     0.184555E-04     0.187273E-04     0.263542E-04     0.159311E-04
  0.197482E-04     0.258558E-04     0.294429E-04     0.271846E-04     0.216132E-04
  0.246836E-04     0.238143E-04     0.259372E-04     0.290333E-04     0.249389E-04
  0.235154E-04     0.232383E-04     0.222124E-04     0.232911E-04     0.327837E-04
  0.315471E-04     0.245341E-04     0.266838E-04     0.211890E-04     0.242521E-04
  0.285806E-04     0.278899E-04     0.246940E-04     0.259179E-04     0.216761E-04
  0.247004E-04     0.240559E-04     0.260267E-04     0.249873E-04     0.278780E-04
  0.277358E-04     0.217609E-04     0.230210E-04     0.237703E-04     0.340277E-04
  0.210812E-04     0.234632E-04     0.242542E-04     0.241845E-04     0.326517E-04
  0.232803E-04     0.252789E-04     0.329240E-04     0.258642E-04     0.309997E-04
  0.262874E-04     0.320333E-04     0.256690E-04     0.272047E-04     0.264215E-04
  0.256406E-04     0.279505E-04     0.232863E-04     0.253429E-04     0.228792E-04
  0.246859E-04     0.221345E-04     0.246496E-04     0.266521E-04     0.277037E-04
  0.270482E-04     0.270166E-04     0.271538E-04     0.279321E-04     0.263569E-04
  0.289724E-04     0.260317E-04     0.277343E-04     0.277608E-04     0.319412E-04
  0.282756E-04     0.284285E-04     0.306671E-04     0.300731E-04     0.267234E-04
  0.251600E-04     0.251714E-04     0.280747E-04     0.251668E-04     0.257871E-04
  0.322213E-04     0.241055E-04     0.228237E-04     0.252133E-04     0.302753E-04
  0.317865E-04     0.290978E-04     0.278129E-04     0.279748E-04     0.383841E-04
  0.250586E-04     0.282231E-04     0.293780E-04     0.276819E-04     0.285428E-04
  0.312870E-04     0.346864E-04     0.301201E-04     0.349548E-04     0.291817E-04
  0.265174E-04     0.268755E-04     0.366648E-04     0.312056E-04     0.278298E-04
  0.287972E-04     0.287815E-04     0.232874E-04     0.339102E-04     0.269044E-04
  0.343603E-04     0.328098E-04     0.322171E-04     0.305754E-04     0.298187E-04
  0.298022E-04     0.328048E-04     0.337755E-04     0.330469E-04     0.295884E-04
  0.334954E-04     0.285237E-04     0.335257E-04     0.326368E-04     0.306622E-04
  0.306745E-04     0.347419E-04     0.294404E-04     0.292694E-04     0.321572E-04
  0.226045E-04     0.256975E-04     0.387428E-04     0.239520E-04     0.284473E-04
  0.258935E-04     0.408746E-04     0.291046E-04     0.370761E-04     0.279078E-04
  0.411401E-04     0.264261E-04     0.327857E-04     0.319136E-04     0.317175E-04
  0.271891E-04     0.275659E-04     0.294110E-04     0.331143E-04     0.435859E-04
  0.345867E-04     0.353323E-04     0.284147E-04     0.326012E-04     0.318491E-04
  0.267804E-04     0.305761E-04     0.294531E-04     0.274870E-04     0.400354E-04
  0.298114E-04     0.277520E-04     0.257403E-04     0.287612E-04     0.318444E-04
  0.251600E-04     0.322872E-04     0.319508E-04     0.305042E-04     0.245325E-04
  0.256055E-04     0.284866E-04     0.246260E-04     0.270031E-04     0.223961E-04
  0.244485E-04     0.275976E-04     0.258967E-04     0.271094E-04     0.266596E-04
  0.258167E-04     0.279480E-04     0.296284E-04     0.282630E-04     0.280264E-04
  0.322016E-04     0.360668E-04     0.415096E-04     0.310125E-04     0.321110E-04
  0.254014E-04     0.353124E-04     0.355803E-04     0.272892E-04     0.453973E-04
  0.301163E-04     0.291480E-04     0.264863E-04     0.351239E-04     0.268804E-04
  0.346793E-04     0.230782E-04     0.359431E-04     0.479543E-04     0.422626E-04
  0.334457E-04     0.316414E-04     0.383894E-04     0.294795E-04     0.356231E-04
  0.325965E-04     0.305885E-04     0.351596E-04     0.416710E-04     0.266862E-04
  0.485086E-04     0.328292E-04     0.266814E-04     0.524262E-04     0.230500E-04
  0.327502E-04     0.443229E-04     0.267647E-04     0.333366E-04     0.261954E-04
  0.198695E-04     0.353547E-04     0.396921E-04     0.404255E-04     0.223987E-04
  0.276750E-04     0.308477E-04     0.359866E-04     0.658544E-04     0.215534E-04
  0.729803E-04     0.315711E-04     0.458894E-04     0.390683E-04     0.439702E-04
  0.470456E-04     0.530671E-04     0.378314E-04     0.336597E-04     0.347912E-04
  0.389656E-04     0.268674E-04     0.368004E-04     0.327852E-04     0.385928E-04
  0.265210E-04     0.374499E-04     0.392788E-04     0.444240E-04     0.399065E-04
  0.259391E-04     0.457916E-04     0.423473E-04     0.347967E-04     0.241281E-04
  0.244555E-04     0.248463E-04     0.310964E-04     0.764751E-04     0.452641E-04
  0.352648E-04     0.237446E-04     0.271586E-04     0.306174E-04     0.450555E-04
  0.318244E-04     0.375095E-04     0.213471E-04     0.562971E-04     0.394815E-04
  0.483524E-04     0.297550E-04     0.260064E-04     0.341444E-04     0.351867E-04
  0.418585E-04     0.278417E-04     0.379798E-04     0.403824E-04     0.355568E-04
  0.314067E-04     0.265546E-04     0.274333E-04     0.365156E-04     0.335862E-04
  0.379284E-04     0.581416E-04     0.242946E-04     0.413466E-04     0.318312E-04
  0.361597E-04     0.346334E-04     0.274317E-04     0.541612E-04     0.447466E-04
  0.400304E-04     0.348697E-04     0.367268E-04     0.277050E-04     0.367933E-04
  0.278972E-04     0.262584E-04     0.337431E-04     0.387947E-04     0.256870E-04
  0.358882E-04     0.236410E-04     0.433918E-04     0.460985E-04     0.358639E-04
  0.412594E-04     0.499862E-04     0.224717E-04     0.325607E-04     0.284625E-04
  0.300856E-04     0.424024E-04     0.375639E-04     0.393270E-04     0.233433E-04
  0.952745E-04     0.519746E-04     0.129897E-03     0.185155E-03     0.971653E-04
  0.963727E-04     0.879239E-04     0.276789E-03     0.160906E-03     0.188682E-03
  0.361983E-03     0.338119E-03     0.254206E-03     0.469848E-03     0.539423E-03
  0.531642E-03     0.562207E-03     0.575422E-03     0.639891E-03     0.926842E-03
  0.806385E-03     0.106572E-02     0.128445E-02     0.105638E-02     0.114111E-02
  0.133759E-02     0.994377E-03     0.147047E-02     0.162169E-02     0.121393E-02
  0.158489E-02     0.222827E-02     0.222737E-02     0.191301E-02     0.137564E-02
  0.175383E-02     0.229983E-02     0.144648E-02     0.267370E-02     0.296038E-02
  0.172874E-02     0.332137E-02     0.295236E-02     0.394233E-02     0.465991E-02
  0.680493E-02     0.489613E-02     0.264269E-02     0.615490E-02     0.554211E-02
  0.549486E-02     0.877019E-02     0.767659E-02     0.679632E-02     0.936159E-02
  0.638634E-02     0.100336E-01     0.109559E-01
 eigen energies, in eV 
    -44.584468       -44.444355       -44.418190       -44.209719       -44.134963
    -29.200028       -29.051201       -28.972132       -28.952756       -28.929121
    -28.695339       -28.655655       -28.644431       -28.643519       -28.611779
    -28.610404       -28.600461       -28.549994       -28.531414       -28.524996
    -28.524588       -28.448817       -28.443370       -28.385510       -28.381647
    -28.350497       -28.331188       -28.327598       -28.312061       -28.173264
    -28.134672       -28.098931       -28.092501       -28.042274       -28.023714
    -27.999826       -27.988979       -27.980245       -27.949408       -27.933863
    -27.931806       -27.885801       -27.846916       -27.781228       -27.767508
    -27.717754       -27.634521       -27.621106       -27.579711       -27.547908
    -27.512286       -27.493298       -27.489224       -27.483460       -27.477485
    -27.415190       -27.408543       -27.391377       -27.377494       -27.373978
    -27.367762       -27.357786       -27.272160       -27.261062       -27.244007
    -27.189009       -27.153182       -27.140829       -27.137089       -27.094781
    -27.022955       -26.978194       -26.951404       -26.944870       -26.814862
    -26.786444       -26.758574       -26.756702       -26.735830       -26.705264
    -26.649963       -26.626165       -26.608652       -26.590538       -26.567319
    -26.565018       -26.535354       -26.513828       -26.496734       -26.487979
    -26.464740       -26.446497       -26.412776       -26.371021       -26.304846
    -26.292021       -26.266164       -26.258328       -26.251573       -26.231166
    -26.200512       -26.198552       -26.193906       -26.162645       -26.154913
    -26.149406       -26.119110       -26.088740       -26.064853       -26.047614
    -26.018328       -26.007576       -25.997662       -25.989172       -25.942988
    -25.932499       -25.905153       -25.891484       -25.866353       -25.862592
    -25.848074       -25.847170       -25.818862       -25.755993       -25.679215
    -25.607916       -25.514003       -25.497722       -25.443844       -25.436627
    -25.429726       -25.374836       -25.292258       -25.248918       -25.161569
    -24.476376       -24.201489       -24.165063       -23.998417       -23.879791
    -23.772040       -23.702770       -23.607278       -23.556048       -23.536342
    -23.521870       -23.474776       -23.411394       -23.344396       -23.167189
    -23.111777       -23.078283       -23.033515       -23.026026       -22.992104
    -22.974048       -22.947427       -22.899097       -22.862283       -22.799946
    -22.748261       -22.624036       -22.340055       -22.304574       -22.235547
    -22.200893       -22.186515       -22.070674       -22.007253       -21.954014
    -21.896817       -21.751755       -21.701820       -21.587579       -21.424256
    -21.423544       -21.421870       -21.279045       -21.248038       -21.154201
    -21.105884       -21.098310       -21.076924       -21.047999       -21.034386
    -21.027333       -20.752912       -20.714880       -20.460010       -20.259617
    -18.838606       -18.406137       -18.304360       -18.228345       -18.125901
    -16.207069       -16.068561       -15.942365       -15.915502       -15.910953
    -15.777833       -15.772281       -15.706195       -15.642456       -15.483737
    -15.467009       -15.457247       -15.382029       -15.380592       -15.315734
    -15.305871       -15.256169       -15.252940       -15.203848       -15.119983
    -15.091318       -14.977494       -14.947779       -14.938260       -14.721746
    -14.712206       -14.699189       -14.686851       -14.650233       -14.645922
    -14.572976       -14.566873       -14.409461       -14.388759       -14.362375
    -14.331249       -14.314277       -14.285140       -14.269388       -14.229229
    -13.861258       -13.833108       -13.770108       -13.698090       -13.670090
    -13.662112       -13.644350       -13.597141       -13.592172       -13.557396
    -13.516223       -13.508451       -13.435044       -13.425821       -13.384401
    -13.382714       -13.356143       -13.340047       -13.324570       -13.259889
    -13.182287       -13.178629       -13.137658       -13.107694       -13.096298
    -13.063532       -13.059390       -12.917249       -12.825593       -12.744307
    -12.552726       -12.309591       -12.296248       -12.256531       -12.175680
    -12.164356       -12.083931       -12.064031       -11.999074       -11.993043
    -11.991598       -11.959963       -11.934371       -11.925292       -11.820974
    -11.806278       -11.798695       -11.766093       -11.729442       -11.716398
    -11.691533       -11.680185       -11.670209       -11.587516       -11.537406
    -11.525754       -11.456527       -11.446418       -11.436528       -11.425164
    -11.412333       -11.388299       -11.383238       -11.334706       -11.303156
    -11.295379       -11.277113       -11.253708       -11.242135       -11.233952
    -11.102064       -11.057075       -11.034261       -10.977772       -10.909160
    -10.900579       -10.846806       -10.777612       -10.766906       -10.740419
    -10.710369       -10.689290       -10.678349       -10.632612       -10.624507
    -10.583847       -10.579366       -10.567075       -10.542490       -10.538301
    -10.521814       -10.503737       -10.500745       -10.488300       -10.482241
    -10.474608       -10.465399       -10.443512       -10.422940       -10.404753
    -10.396776       -10.380952       -10.373083       -10.360786       -10.348527
    -10.346528       -10.334241       -10.319594       -10.316897       -10.310669
    -10.279490       -10.275308       -10.266722       -10.253462       -10.240381
    -10.224770       -10.203293       -10.191169       -10.176002       -10.169987
    -10.158215       -10.150778       -10.141984       -10.121880       -10.117340
    -10.105732       -10.080312       -10.066990       -10.055219       -10.038002
    -10.037255       -10.014166       -10.011695       -10.002978        -9.995120
     -9.987446        -9.986134        -9.976452        -9.962681        -9.956931
     -9.936805        -9.921439        -9.909533        -9.907980        -9.892839
     -9.878997        -9.873638        -9.870194        -9.866801        -9.781251
     -9.776331        -9.740242        -9.725302        -9.712013        -9.701165
     -9.691915        -9.656896        -9.637146        -9.632232        -9.619831
     -9.614732        -9.592986        -9.585946        -9.576793        -9.561037
     -9.558493        -9.546723        -9.538243        -9.515386        -9.507607
     -9.481924        -9.468784        -9.452201        -9.431619        -9.424819
     -9.406053        -9.401307        -9.366955        -9.359872        -9.346757
     -9.342969        -9.337907        -9.328308        -9.320594        -9.308618
     -9.290242        -9.258633        -9.217573        -9.196043        -9.191925
     -9.173949        -9.160933        -9.157149        -9.137369        -9.122535
     -9.110329        -9.104723        -9.098088        -9.085777        -9.075298
     -9.052878        -9.043525        -9.036933        -9.024770        -8.996753
     -8.995727        -8.985728        -8.974985        -8.968901        -8.950772
     -8.934771        -8.926293        -8.919157        -8.910014        -8.885934
     -8.862319        -8.833057        -8.821108        -8.815394        -8.803933
     -8.789608        -8.780921        -8.768579        -8.739704        -8.728497
     -8.727097        -8.719822        -8.636990        -8.624254        -8.612654
     -8.599186        -8.533498        -8.527095        -8.505889        -8.493753
     -8.450308        -8.447621        -8.415998        -8.409465        -8.390981
     -8.387302        -8.376372        -8.364579        -8.323637        -8.298192
     -8.282796        -8.272917        -8.256408        -8.247796        -8.183840
     -8.173628        -8.169707        -8.156351        -8.142571        -8.117339
     -8.093159        -8.061087        -7.979679        -7.966419        -7.926859
     -7.899409        -7.886040        -7.838881        -7.827249        -7.812086
     -7.799206        -7.783661        -7.775547        -7.759503        -7.703233
     -7.685768        -7.669601        -7.659991        -7.657533        -7.645612
     -7.635433        -7.602740        -7.586387        -7.575206        -7.534540
     -7.515454        -7.488367        -7.445495        -7.406178        -7.395639
     -7.375811        -7.367858        -7.358538        -7.354138        -7.315384
     -7.301464        -7.271788        -7.267499        -7.253609        -7.235486
     -7.229106        -7.217683        -7.214917        -7.181281        -7.165687
     -7.130375        -7.106838        -7.098475        -7.083353        -7.067290
     -7.042710        -7.018739        -7.005147        -7.000030        -6.987676
     -6.956453        -6.950662        -6.947469        -6.937642        -6.923604
     -6.914932        -6.890528        -6.885074        -6.877387        -6.859424
     -6.854268        -6.844334        -6.839346        -6.835285        -6.820662
     -6.811445        -6.796430        -6.765340        -6.754310        -6.744037
     -6.736613        -6.708367        -6.707756        -6.696134        -6.685655
     -6.674717        -6.665813        -6.661805        -6.645144        -6.634663
     -6.630757        -6.591965        -6.582513        -6.566183        -6.550569
     -6.545188        -6.527714        -6.519568        -6.510689        -6.493871
     -6.491902        -6.482118        -6.481458        -6.473222        -6.455899
     -6.448909        -6.442846        -6.425831        -6.416643        -6.385381
     -6.369289        -6.358499        -6.350025        -6.349055        -6.339932
     -6.327648        -6.318259        -6.310174        -6.304722        -6.291113
     -6.276780        -6.271833        -6.256418        -6.246814        -6.228147
     -6.220438        -6.206312        -6.193746        -6.168932        -6.163652
     -6.160061        -6.127710        -6.117241        -6.110813        -6.102718
     -6.083096        -6.062590        -6.060517        -6.054916        -6.049693
     -6.045408        -6.039418        -6.031259        -6.025045        -6.018872
     -6.015248        -6.002221        -5.997675        -5.993896        -5.983799
     -5.979529        -5.972121        -5.965672        -5.963287        -5.951116
     -5.944934        -5.939657        -5.932184        -5.915744        -5.908146
     -5.899597        -5.897847        -5.881375        -5.879703        -5.868983
     -5.861953        -5.858260        -5.847835        -5.834236        -5.828969
     -5.821612        -5.812873        -5.802048        -5.795236        -5.786898
     -5.781207        -5.773681        -5.762504        -5.755683        -5.752800
     -5.749572        -5.740407        -5.735653        -5.730301        -5.719856
     -5.713561        -5.703368        -5.698654        -5.692069        -5.684807
     -5.673766        -5.666955        -5.657566        -5.653076        -5.639270
     -5.635182        -5.620552        -5.618490        -5.611121        -5.610258
     -5.593023        -5.590604        -5.586317        -5.583500        -5.577165
     -5.564039        -5.562061        -5.548548        -5.543493        -5.527931
     -5.520088        -5.514690        -5.510000        -5.506080        -5.505444
     -5.500840        -5.490759        -5.489669        -5.478142        -5.465305
     -5.462572        -5.458641        -5.453593        -5.444669        -5.436151
     -5.429807        -5.423526        -5.420480        -5.415338        -5.404012
     -5.401947        -5.394176        -5.391135        -5.378668        -5.372160
     -5.354499        -5.334434        -5.327938        -5.320279        -5.315993
     -5.306829        -5.303774        -5.293523        -5.292057        -5.290278
     -5.282552        -5.262061        -5.257614        -5.256528        -5.245050
     -5.238671        -5.229997        -5.225687        -5.214142        -5.206654
     -5.202379        -5.195264        -5.192555        -5.191336        -5.181601
     -5.175845        -5.156037        -5.155724        -5.150159        -5.142512
     -5.134840        -5.134508        -5.125078        -5.118962        -5.115853
     -5.113343        -5.107236        -5.097480        -5.091227        -5.088115
     -5.081607        -5.075667        -5.072160        -5.068187        -5.061541
     -5.058806        -5.055142        -5.047990        -5.047108        -5.031381
     -5.020901        -5.005694        -5.001153        -4.987554        -4.985648
     -4.982368        -4.976882        -4.966767        -4.964425        -4.957078
     -4.947128        -4.941276        -4.933487        -4.926894        -4.916634
     -4.908039        -4.901170        -4.893268        -4.889692        -4.887119
     -4.882957        -4.879527        -4.849781        -4.843800        -4.834839
     -4.828495        -4.821499        -4.818643        -4.812630        -4.807707
     -4.807272        -4.802333        -4.798426        -4.793665        -4.788161
     -4.767431        -4.753397        -4.723416        -4.712446        -4.694702
     -4.692198        -4.685964        -4.680999        -4.655557        -4.645749
     -4.616929        -4.610883        -4.596054        -4.578181        -4.562455
     -4.549857        -4.542222        -4.535358        -4.525692        -4.519237
     -4.508966        -4.492312        -4.486503        -4.470772        -4.459827
     -4.434091        -4.426694        -4.406510        -4.402472        -4.379409
     -4.367547        -4.355906        -4.334311        -4.311400        -4.294492
     -4.281388        -4.260736        -4.249094        -4.236810        -4.219857
     -4.170688        -4.164124        -4.156627        -4.146686        -4.141018
     -4.126756        -4.110128        -4.101629        -4.087212        -4.080939
     -4.079400        -4.043180        -4.021874        -4.004752        -3.994322
     -3.961376        -3.956293        -3.926140        -3.888477        -3.878807
     -3.865659        -3.846716        -3.842384        -3.813138        -3.805148
     -3.792212        -3.748683        -3.727645        -3.709976        -3.694860
     -3.682739        -3.642996        -3.621676        -3.621214        -3.609859
     -3.571677        -3.569190        -3.534554        -3.459794        -3.430518
     -3.424998        -3.423001        -3.412991        -3.399697        -3.394073
     -3.383224        -3.377254        -3.364872        -3.343153        -3.300222
     -3.276624        -3.268830        -3.260861        -3.236904        -3.227714
     -3.220384        -3.213501        -3.184154        -3.173020        -3.166708
     -3.140402        -3.108746        -3.104568        -3.074041        -3.066656
     -3.058875        -3.053505        -3.040268        -3.000267        -2.991157
     -2.979638        -2.962327        -2.957659        -2.953033        -2.911876
     -2.871657        -2.855913        -2.836169        -2.833214        -2.822289
     -2.817074        -2.790565        -2.788416        -2.777129        -2.772902
     -2.754569        -2.724923        -2.719898        -2.704745        -2.691203
     -2.646450        -2.636443        -2.613057        -2.606621        -2.589677
     -2.579634        -2.550968        -2.544561        -2.537879        -2.532901
     -2.515991        -2.508387        -2.467576        -2.445859        -2.401706
     -2.381595        -2.375445        -2.366441        -2.359578        -2.335320
     -2.326198        -2.304050        -2.275949        -2.238740        -2.202209
     -2.163572        -2.123189        -2.086676        -2.020846        -1.994798
     -1.987549        -1.957435        -1.929496        -1.920387        -1.631501
      2.292562         2.407147         2.571314         2.697789         2.812944
      2.939042         3.107105         3.233812         3.270546         3.340739
      3.409328         3.469538         3.506544         3.529469         3.592404
      3.626481         3.669124         3.743859         3.762519         3.830090
      3.842705         3.884850         3.961076         3.992250         4.002589
      4.022082         4.045967         4.088503         4.109388         4.141447
      4.146541         4.176352         4.195174         4.223741         4.248157
      4.256546         4.285152         4.305335         4.320933         4.351845
      4.365271         4.385849         4.412208         4.419075         4.440792
      4.494712         4.507618         4.531546         4.575191         4.590948
      4.613917         4.650283         4.674709         4.686761         4.696412
      4.719478         4.759775         4.777602
 *********************************
 total computation time (sec)=   1998.47065806389     
