 AEM_Eatom=  5.730026990274825E-003
 AEM_Egroup=  9.101156543100243E-004
 AEM_Etot=  4.577939979011353E-004
 AEM_F=  0.500726626421979     
