 AEM_Eatom=  6.196720556763437E-003
 AEM_Egroup=  6.301317113182703E-004
 AEM_Etot=  4.277797802695187E-004
 AEM_F=  0.504884157586229     
