           4           1
 PRECISION  = SINGLE     
 JOB       = SCF
 IN.PSP1   = /home/sabs/shenjie/Pseudopotential/Li.nc.pbe.UPF
 IN.PSP2   = /home/sabs/shenjie/Pseudopotential/C.nc.pbe.UPF
 IN.PSP3   = /home/sabs/shenjie/Pseudopotential/O.nc.pbe.UPF
 IN.PSP4   = /home/sabs/shenjie/Pseudopotential/N.nc.pbe.UPF
 IN.PSP5   = /home/sabs/shenjie/Pseudopotential/S.nc.pbe.UPF
 IN.PSP6   = /home/sabs/shenjie/Pseudopotential/F.nc.pbe.UPF
 IN.PSP7   = /home/sabs/shenjie/Pseudopotential/H.nc.pbe.UPF
 IN.PSP8   = /home/sabs/shenjie/Pseudopotential/P.nc.pbe.UPF
 IN.ATOM   = atom.config         
 CONVERGENCE  = EASY
 ACCURACY  = NORM
 VFF_DETAIL =   1   500  0.50000000E-02     30.00000     4.00000     0.00000     1.00000  
 EGG_DETAIL =            3           3           3
 SPIN      =   1
 CONSTRAINT_MAG =           0
 RANDOM_SEED=           0
 QIJ_DETAIL =   0  1
 SCF_MIX = CHARGE
 PWSCF_OUTPUT     =  F
 Ecut      =    60.0000000000000     
 Ecut2     =    120.000000000000     
 Ecut2L    =    120.000000000000     
 EcutP    =    60.0000000000000     
 N123      =   120   120   120
 NS123     =    40    40    40
 N123L     =   120   120   120
 STRESS_CORR =   0.100000E+01  0.000000E+00  0.200000E+01  0.000000E+00
 XCFUNCTIONAL = LDA
 HSE_DETAIL    =      1.00000000    1     0.00000000    6 1 1
 RELAX_HSE    =    20   0.50000E-01     2
 VDW       = NONE
 LONDON_S6      =   0.000000000000000E+000
 LONDON_C6(1)      =   -1.00000000000000     
 LONDON_C6(2)      =   -1.00000000000000     
 LONDON_C6(3)      =   -1.00000000000000     
 LONDON_C6(4)      =   -1.00000000000000     
 LONDON_C6(5)      =   -1.00000000000000     
 LONDON_C6(6)      =   -1.00000000000000     
 LONDON_C6(7)      =   -1.00000000000000     
 LONDON_C6(8)      =   -1.00000000000000     
 LONDON_RCUT      =   0.000000000000000E+000
 DFTD3_S6        =   0.000000000000000E+000
 DFTD3_RS6        =   0.000000000000000E+000
 DFTD3_S18        =   0.000000000000000E+000
 DFTD3_RS18        =   0.000000000000000E+000
 DFTD3_ALPHA6        =   0.000000000000000E+000
 DFTD3_VERSION        =            0
 DFTD3_3BODY        =  F
 COULOMB   =    0
 IN.WG     =  F
 OUT.WG    =  F
 IN.RHO    =  F
 OUT.RHOATOM =  F
 OUT.RHO   =  F
 IN.VR     =  F
 OUT.VR    =  F
 OUT.ELF   =  F
 IN.VEXT   =  F
 OUT.VATOM   =  F
 OUT.FORCE =  T
 OUT.STRESS =  F
 IN.KPT    =  F
 IN.SYMM   =  F
 SYMM_PREC =    0.10000E-04
 MP_N123 =      1      1      1      0      0      0      0
 NUM_KPT =            1
 CHARGE_DECOMP = F
 ENERGY_DECOMP = F 
 IN.SOLVENT =  F
 NUM_ELECTRON =   1940.00000000000     
 FIX_FERMI =   F  0.000000E+00  0.000000E+00  0.000000E+00
 IN.NONSCF    =  F
 NUM_BAND  =  1028
 OUT.REAL.RHOWF_SP= 0
 WG_ERROR  =   1.000000000000000E-004
 E_ERROR   =   5.279008887880000E-003
 RHO_ERROR =   5.000000000000000E-005
 RHO_RELATIVE_ERROR      =   0.000000000000000E+000
 FORCE_RELATIVE_ERROR     =   0.000000000000000E+000
 MIN_SCF_ITER     =            1
 SYS_TYPE   =            1
 PULAY_MIX_OPT =     30  1  0       1.00000       0.00000
 PULAY_METRIC_Q0 =       -1.00000
 IN.OCC    =  F          -1
 IN.CC    =  F
 IN.OCC_ADIA    =  F
 SCF_ITER0_1 =    6   4    3    0.0000     0.02500    1
 SCF_ITER0_2 =   94   4    3    1.0000     0.02500    1
 SCF_ITER1_1 =   40   4    3    1.0000     0.02500    1
 NONLOCAL  =  2
 IN.A_FIELD =  F       0.00000       0.00000       0.00000
 RCUT      =    4.00000000000000     
 IN.PSP_RCUT1 =   4.00000000000000     
 IN.PSP_RCUT2 =   4.00000000000000     
 IN.PSP_RCUT3 =   4.00000000000000     
 IN.PSP_RCUT4 =   4.00000000000000     
 IN.PSP_RCUT5 =   4.00000000000000     
 IN.PSP_RCUT6 =   4.00000000000000     
 IN.PSP_RCUT7 =   4.00000000000000     
 IN.PSP_RCUT8 =   4.00000000000000     
 MD_VV_SCALE =    100
 LDAU_PSP1   =           -1  2.721138638331097E-009  2.721138638331097E-009  eV
 LDAU_PSP2   =           -1  2.721138638331097E-009  2.721138638331097E-009  eV
 LDAU_PSP3   =           -1  2.721138638331097E-009  2.721138638331097E-009  eV
 LDAU_PSP4   =           -1  2.721138638331097E-009  2.721138638331097E-009  eV
 LDAU_PSP5   =           -1  2.721138638331097E-009  2.721138638331097E-009  eV
 LDAU_PSP6   =           -1  2.721138638331097E-009  2.721138638331097E-009  eV
 LDAU_PSP7   =           -1  2.721138638331097E-009  2.721138638331097E-009  eV
 LDAU_PSP8   =           -1  2.721138638331097E-009  2.721138638331097E-009  eV
 NUM_BLOCKED_PSI=  F
 WF_STORE2DISK  =            0
 NUM_DOS_GRID =         4000
 NMAP_MAX =        50000
 KERK_AMIN =   0.300000000000000     
 KERK_AMIX =   0.400000000000000     
 KERK_AMIX_MAG =   0.800000000000000     
 KERK_BMIX =   0.500000000000000     
 LDAU_MIX =   0.700000000000000     
 PULAY_WEIGHT_SPIN =    1.00000000000000     
 PULAY_WEIGHT_NS =    1.00000000000000     
 OUT.MLMD    =  F
 NUM_MPI_PER_GPU =     1
 FLAG_CYLINDER =            0
 SET_OUT_FERMI_POS =  F           0
 E_FINITE =  F   0.00000E+00   0.00000E+00   0.00000E+00
 MLINE_EIGEN =      1
 
 ------------------------------------------------
 total number of K-point:           1
   0.00000     0.00000    0.00000     1.00000            
 ------------------------------------------------
 
 
 *********************************************
 *********** end of etot.input report ********
 minimum n1,n2,n3 from Ecut2
     118.970      119.148      119.089
 minimum n1L,n2L,n3L from Ecut2L
     118.970      119.148      119.089
 *********************************************
 
 
Weighted average num_of_PW for all kpoint=                       312673.000
 ************************************
 E_Hxc(eV)         50367.4424865563     
 E_ion(eV)        -221345.939976393     
 E_Coul(eV)        78640.3710009693     
 E_Hxc+E_ion(eV)  -170978.497489837     
 NONSCF     1          AVE_STATE_ERROR= 0.5919E+01
 NONSCF     2          AVE_STATE_ERROR= 0.1630E+01
 NONSCF     3          AVE_STATE_ERROR= 0.5041E+00
 NONSCF     4          AVE_STATE_ERROR= 0.9314E-01
 NONSCF     5          AVE_STATE_ERROR= 0.1558E-01
 NONSCF     6          AVE_STATE_ERROR= 0.3074E-02
 iter=   7   ave_lin=  4.0  iCGmth=   3
 Ef(eV)               = -.1629585E+01
 err of ug            = 0.1202E-02
 dv_ave, drho_tot     = 0.0000E+00 0.1240E+00
 E_tot(eV)            = -.13305874730051E+06    -.1331E+06
 -------------------------------------------
 iter=   8   ave_lin=  4.0  iCGmth=   3
 Ef(eV)               = -.9679719E-01
 err of ug            = 0.1078E-01
 dv_ave, drho_tot     = 0.1741E-01 0.7165E-01
 E_tot(eV)            = -.13294955095459E+06    0.1092E+03
 -------------------------------------------
 iter=   9   ave_lin=  4.0  iCGmth=   3
 Ef(eV)               = -.1012696E+01
 err of ug            = 0.6795E-02
 dv_ave, drho_tot     = 0.1403E-01 0.3043E-01
 E_tot(eV)            = -.13291536941637E+06    0.3418E+02
 -------------------------------------------
 iter=  10   ave_lin=  4.0  iCGmth=   3
 Ef(eV)               = -.9382648E+00
 err of ug            = 0.2087E-02
 dv_ave, drho_tot     = 0.6936E-02 0.1082E-01
 E_tot(eV)            = -.13290997744491E+06    0.5392E+01
 -------------------------------------------
 iter=  11   ave_lin=  4.0  iCGmth=   3
 Ef(eV)               = -.9239802E+00
 err of ug            = 0.5558E-03
 dv_ave, drho_tot     = 0.3134E-02 0.6027E-02
 E_tot(eV)            = -.13290928567030E+06    0.6918E+00
 -------------------------------------------
 iter=  12   ave_lin=  4.0  iCGmth=   3
 Ef(eV)               = 0.9586018E+00
 err of ug            = 0.3056E-03
 dv_ave, drho_tot     = 0.3559E-02 0.3719E-02
 E_tot(eV)            = -.13290876062305E+06    0.5250E+00
 -------------------------------------------
 iter=  13   ave_lin=  4.0  iCGmth=   3
 Ef(eV)               = 0.8704650E+00
 err of ug            = 0.3546E-03
 dv_ave, drho_tot     = 0.4173E-02 0.2881E-02
 E_tot(eV)            = -.13290824256034E+06    0.5181E+00
 -------------------------------------------
 iter=  14   ave_lin=  4.0  iCGmth=   3
 Ef(eV)               = 0.8297220E+00
 err of ug            = 0.3307E-03
 dv_ave, drho_tot     = 0.5670E-02 0.2287E-02
 E_tot(eV)            = -.13290777447981E+06    0.4681E+00
 -------------------------------------------
 iter=  15   ave_lin=  4.0  iCGmth=   3
 Ef(eV)               = 0.1026627E+01
 err of ug            = 0.3597E-03
 dv_ave, drho_tot     = 0.6575E-02 0.1828E-02
 E_tot(eV)            = -.13290743484573E+06    0.3396E+00
 -------------------------------------------
 iter=  16   ave_lin=  4.0  iCGmth=   3
 Ef(eV)               = 0.1095082E+01
 err of ug            = 0.2643E-03
 dv_ave, drho_tot     = 0.4377E-02 0.1392E-02
 E_tot(eV)            = -.13290735454476E+06    0.8030E-01
 -------------------------------------------
 iter=  17   ave_lin=  4.0  iCGmth=   3
 Ef(eV)               = 0.1343270E+01
 err of ug            = 0.2030E-03
 dv_ave, drho_tot     = 0.3753E-02 0.1082E-02
 E_tot(eV)            = -.13290732678023E+06    0.2776E-01
 -------------------------------------------
 iter=  18   ave_lin=  4.0  iCGmth=   3
 Ef(eV)               = 0.1502664E+01
 err of ug            = 0.1309E-03
 dv_ave, drho_tot     = 0.2921E-02 0.8025E-03
 E_tot(eV)            = -.13290731208291E+06    0.1470E-01
 -------------------------------------------
 iter=  19   ave_lin=  4.0  iCGmth=   3
 Ef(eV)               = 0.1625261E+01
 err of ug            = 0.1107E-03
 dv_ave, drho_tot     = 0.2525E-02 0.6116E-03
 E_tot(eV)            = -.13290729504592E+06    0.1704E-01
 -------------------------------------------
 iter=  20   ave_lin=  4.0  iCGmth=   3
 Ef(eV)               = 0.1688604E+01
 err of ug            = 0.9671E-04
 dv_ave, drho_tot     = 0.2334E-02 0.4595E-03
 E_tot(eV)            = -.13290728207356E+06    0.1297E-01
 -------------------------------------------
 iter=  21   ave_lin=  4.0  iCGmth=   3
 Ef(eV)               = 0.1710483E+01
 err of ug            = 0.6509E-04
 dv_ave, drho_tot     = 0.1027E-02 0.3839E-03
 E_tot(eV)            = -.13290727441368E+06    0.7660E-02
 -------------------------------------------
 iter=  22   ave_lin=  4.0  iCGmth=   3
 Ef(eV)               = 0.1693648E+01
 err of ug            = 0.6362E-04
 dv_ave, drho_tot     = 0.1090E-02 0.3105E-03
 E_tot(eV)            = -.13290726777299E+06    0.6641E-02
 -------------------------------------------
 iter=  23   ave_lin=  4.0  iCGmth=   3
 Ef(eV)               = 0.1670405E+01
 err of ug            = 0.5299E-04
 dv_ave, drho_tot     = 0.8612E-03 0.2523E-03
 E_tot(eV)            = -.13290726426457E+06    0.3508E-02
 -------------------------------------------
 E_Fermi(eV)=   1.67040516802064     
 ---------------------------------------------------
 Ef(eV)               = 0.1670405E+01
 dvE, dvE(n)-dvE(n-1) = 0.7416E-06 -.4455E-06
 dv_ave, drho_tot     = 0.8612E-03 0.2523E-03
 err of ug            = 0.5299E-04
 ---------------------------------------------------
 ending_scf_reason = tol Etot_err  5.279008887880000E-003
 Ewald        = -.41556887873653E+05
 Alpha        = 0.15207970391171E+04
 E_extV       = 0.00000000000000E+00    0.0000E+00
 E_NSC        = -.21421634490277E+05    0.6628E+00
 E[-rho*V_Hxc]= -.12304611037099E+06    -.6593E+00
 E_Hxc        = 0.51596571431233E+05    0.6854E+00
 -TS          = -.21383641561742E-14    0.5322E-14
 E_tot(eV)    = -.13290726426457E+06    0.3508E-02
 E_tot(Ryd)   = -.97685038290140E+04    0.1289E-03
 ---------------------------------------------------
 ---------------------------------------------------
 occup for:      kpt=1,spin=1,m=(totN/2-2,totN/2+2)
   1.000    1.000    1.000    0.000    0.000
 eigen(eV) for:  kpt=1,spin=1,m=(totN/2-2,totN/2+2)
  -1.922   -1.919   -1.844    2.529    2.748
 ---------------------------------------------------
 ---------------------------------------------------
 E_Hart,E_xc,E_ion =0.80397583176947E+05  -.28801011745714E+05  -.22385981679788E+06
 E_Hxc+E_ion       =-.17226324536664E+06
 E_kin+E_nonloc    =0.79392071936606E+05
 E_rhoVext,E_IVext     =0.00000000000000E+00  0.00000000000000E+00
 E_psiV,E_dDrho =-.10081396508583E+06  0.00000000000000E+00
 ave(vtot):v0 =-.76912599415342E+01
 ave(V_ion_s(or p,d))=ave(V_Hatree)=0; ave(Vtot)=ave(V_xc)=v0
 ---------------------------------------------------
 *********************************
 Eigen energies are values after setting ave(Vtot)=0
 For Vtot=V_ion+V_Hartree+V_xc, and
 ave(V_ion+V_Hatree)=0, ave(V_xc).ne.0:  E=E+v0
 *********************************
iislda,kpt=   1,    1      0.000000     0.000000     0.000000             kpoint in xyz unit 
 err of each states, A.U
  0.491798E-04     0.368860E-04     0.137783E-04     0.446746E-04     0.365195E-04
  0.690345E-04     0.449425E-04     0.284148E-04     0.242639E-04     0.273859E-04
  0.180302E-04     0.169450E-04     0.155299E-04     0.162648E-04     0.135297E-04
  0.222866E-04     0.277812E-04     0.189042E-04     0.290887E-04     0.146979E-04
  0.751433E-04     0.257355E-04     0.351602E-04     0.430962E-04     0.129813E-04
  0.302156E-04     0.502311E-04     0.386728E-04     0.152123E-04     0.167562E-04
  0.496007E-04     0.229790E-04     0.136510E-04     0.134754E-04     0.293444E-04
  0.160714E-04     0.192202E-04     0.132994E-04     0.148423E-04     0.185507E-04
  0.400336E-04     0.163933E-04     0.666031E-04     0.157606E-04     0.213233E-04
  0.139633E-04     0.133139E-04     0.194595E-04     0.218453E-04     0.209436E-04
  0.544603E-04     0.163237E-04     0.208995E-04     0.138949E-04     0.202991E-04
  0.140337E-03     0.422253E-04     0.114607E-04     0.192899E-04     0.276575E-04
  0.810059E-04     0.130349E-04     0.145939E-04     0.399425E-04     0.146229E-04
  0.179480E-04     0.349205E-04     0.284589E-04     0.155039E-04     0.166225E-04
  0.266689E-04     0.136928E-04     0.159117E-03     0.134685E-04     0.133139E-04
  0.173605E-04     0.151444E-04     0.592698E-04     0.138365E-04     0.276018E-04
  0.161413E-04     0.102653E-04     0.110294E-04     0.132037E-04     0.130638E-04
  0.122397E-03     0.129753E-04     0.150619E-04     0.272960E-04     0.570939E-04
  0.127447E-04     0.210724E-04     0.138418E-04     0.134713E-04     0.528575E-04
  0.185848E-04     0.153214E-04     0.465579E-04     0.135075E-04     0.132146E-04
  0.136722E-04     0.153404E-04     0.708004E-04     0.168675E-04     0.179898E-04
  0.169498E-04     0.112218E-04     0.157685E-04     0.132712E-04     0.236706E-04
  0.163484E-04     0.607176E-04     0.133805E-04     0.724149E-04     0.143121E-04
  0.546934E-04     0.153045E-04     0.157915E-04     0.114016E-04     0.184562E-04
  0.353847E-04     0.677059E-04     0.520027E-04     0.142165E-04     0.146014E-04
  0.262977E-04     0.147842E-04     0.162523E-04     0.171286E-04     0.720797E-04
  0.498321E-04     0.165873E-04     0.326213E-04     0.123074E-04     0.114948E-04
  0.147919E-04     0.153545E-04     0.747057E-04     0.232534E-04     0.348549E-04
  0.530625E-04     0.140801E-04     0.293267E-04     0.624490E-04     0.227406E-04
  0.153897E-04     0.115389E-04     0.140259E-04     0.223374E-04     0.278605E-04
  0.123648E-04     0.171006E-04     0.111720E-04     0.192639E-04     0.820035E-04
  0.229782E-04     0.140260E-04     0.244329E-04     0.169811E-04     0.113221E-04
  0.112342E-04     0.334233E-04     0.217743E-04     0.118496E-04     0.373125E-04
  0.263096E-04     0.142201E-04     0.177662E-04     0.162512E-04     0.215601E-04
  0.194238E-04     0.230858E-04     0.309309E-04     0.164201E-04     0.142083E-04
  0.135077E-04     0.167039E-04     0.136044E-04     0.291576E-04     0.249716E-04
  0.146488E-04     0.129979E-04     0.972455E-05     0.121592E-04     0.185533E-04
  0.173959E-04     0.995217E-05     0.133691E-04     0.230062E-04     0.939500E-05
  0.123283E-04     0.193379E-04     0.268453E-04     0.105014E-04     0.235493E-04
  0.197365E-04     0.130599E-04     0.145316E-04     0.198428E-04     0.125430E-04
  0.189223E-04     0.130714E-04     0.107727E-04     0.180665E-04     0.196803E-04
  0.121828E-04     0.144756E-04     0.348026E-04     0.142317E-04     0.140381E-04
  0.211727E-04     0.246854E-04     0.191907E-04     0.155442E-04     0.176882E-04
  0.108363E-04     0.183063E-04     0.228790E-04     0.140450E-04     0.155804E-04
  0.183211E-04     0.279754E-04     0.171880E-04     0.124268E-04     0.163710E-04
  0.152286E-04     0.188095E-04     0.187893E-04     0.162612E-04     0.115253E-04
  0.111614E-04     0.186602E-04     0.132727E-04     0.161558E-04     0.119323E-04
  0.120750E-04     0.141958E-04     0.145778E-04     0.151521E-04     0.205118E-04
  0.131625E-04     0.125578E-04     0.204032E-04     0.148440E-04     0.176593E-04
  0.174685E-04     0.209494E-04     0.141930E-04     0.192253E-04     0.123712E-04
  0.174148E-04     0.151116E-04     0.140653E-04     0.180130E-04     0.190009E-04
  0.156488E-04     0.152809E-04     0.209549E-04     0.164193E-04     0.157507E-04
  0.214511E-04     0.164889E-04     0.112106E-04     0.140042E-04     0.167448E-04
  0.176181E-04     0.257580E-04     0.185015E-04     0.123061E-04     0.246762E-04
  0.171868E-04     0.241001E-04     0.168679E-04     0.148348E-04     0.169882E-04
  0.163145E-04     0.202052E-04     0.272427E-04     0.169706E-04     0.258201E-04
  0.219483E-04     0.220252E-04     0.211273E-04     0.238344E-04     0.217884E-04
  0.266634E-04     0.171008E-04     0.172664E-04     0.209471E-04     0.195389E-04
  0.144117E-04     0.318760E-04     0.182274E-04     0.164074E-04     0.181802E-04
  0.229646E-04     0.224842E-04     0.179382E-04     0.211707E-04     0.238405E-04
  0.225241E-04     0.194028E-04     0.137500E-04     0.147017E-04     0.148093E-04
  0.178647E-04     0.192981E-04     0.224230E-04     0.283928E-04     0.258890E-04
  0.188238E-04     0.382538E-04     0.201400E-04     0.196518E-04     0.164542E-04
  0.196844E-04     0.305344E-04     0.278754E-04     0.207612E-04     0.201110E-04
  0.240820E-04     0.213443E-04     0.191973E-04     0.271107E-04     0.281011E-04
  0.241729E-04     0.379064E-04     0.214220E-04     0.288789E-04     0.238218E-04
  0.205451E-04     0.250202E-04     0.186432E-04     0.230271E-04     0.256339E-04
  0.265325E-04     0.277387E-04     0.301462E-04     0.125977E-04     0.204498E-04
  0.227602E-04     0.207749E-04     0.267811E-04     0.230433E-04     0.289291E-04
  0.274298E-04     0.193355E-04     0.223356E-04     0.245660E-04     0.235660E-04
  0.218638E-04     0.185633E-04     0.301865E-04     0.214825E-04     0.246467E-04
  0.235189E-04     0.206677E-04     0.217390E-04     0.190387E-04     0.258604E-04
  0.156161E-04     0.245919E-04     0.229907E-04     0.245054E-04     0.280420E-04
  0.242085E-04     0.177638E-04     0.234755E-04     0.151857E-04     0.269036E-04
  0.165374E-04     0.250935E-04     0.269361E-04     0.265186E-04     0.272974E-04
  0.171731E-04     0.221818E-04     0.225008E-04     0.243858E-04     0.228482E-04
  0.213281E-04     0.267774E-04     0.187234E-04     0.185125E-04     0.166086E-04
  0.191826E-04     0.328118E-04     0.238388E-04     0.350116E-04     0.288844E-04
  0.247251E-04     0.243328E-04     0.278710E-04     0.286223E-04     0.218923E-04
  0.305649E-04     0.230628E-04     0.200327E-04     0.240324E-04     0.242755E-04
  0.347300E-04     0.242070E-04     0.263685E-04     0.276548E-04     0.243397E-04
  0.251792E-04     0.235223E-04     0.239325E-04     0.335078E-04     0.219791E-04
  0.272714E-04     0.359315E-04     0.233125E-04     0.425907E-04     0.273707E-04
  0.172259E-04     0.300081E-04     0.298344E-04     0.294514E-04     0.307333E-04
  0.313549E-04     0.260252E-04     0.286033E-04     0.250152E-04     0.292702E-04
  0.329163E-04     0.339407E-04     0.369683E-04     0.375910E-04     0.336950E-04
  0.245821E-04     0.225650E-04     0.334323E-04     0.282513E-04     0.387380E-04
  0.340593E-04     0.211500E-04     0.292464E-04     0.245715E-04     0.256676E-04
  0.280204E-04     0.439855E-04     0.264258E-04     0.249154E-04     0.309536E-04
  0.307962E-04     0.290600E-04     0.207469E-04     0.383388E-04     0.290607E-04
  0.206926E-04     0.512316E-04     0.227899E-04     0.231709E-04     0.256019E-04
  0.289987E-04     0.255654E-04     0.267016E-04     0.264336E-04     0.184629E-04
  0.293303E-04     0.193743E-04     0.228331E-04     0.379688E-04     0.303162E-04
  0.329126E-04     0.356794E-04     0.409961E-04     0.209827E-04     0.241200E-04
  0.236295E-04     0.237105E-04     0.154883E-04     0.190107E-04     0.299897E-04
  0.186729E-04     0.260221E-04     0.279534E-04     0.286221E-04     0.232867E-04
  0.417793E-04     0.243037E-04     0.419445E-04     0.326893E-04     0.213884E-04
  0.309956E-04     0.227176E-04     0.260868E-04     0.185343E-04     0.187529E-04
  0.217361E-04     0.182607E-04     0.179501E-04     0.201186E-04     0.137139E-04
  0.181828E-04     0.169111E-04     0.179818E-04     0.220626E-04     0.215017E-04
  0.203797E-04     0.218318E-04     0.170514E-04     0.197519E-04     0.196816E-04
  0.163351E-04     0.221869E-04     0.173371E-04     0.203206E-04     0.196751E-04
  0.192184E-04     0.159348E-04     0.248685E-04     0.240200E-04     0.206513E-04
  0.284206E-04     0.214273E-04     0.256398E-04     0.309742E-04     0.182174E-04
  0.247304E-04     0.220298E-04     0.175156E-04     0.242238E-04     0.302736E-04
  0.346071E-04     0.241559E-04     0.192981E-04     0.322576E-04     0.289612E-04
  0.249645E-04     0.264810E-04     0.280978E-04     0.199767E-04     0.136183E-04
  0.298518E-04     0.164057E-04     0.192815E-04     0.163986E-04     0.237923E-04
  0.207484E-04     0.185637E-04     0.283020E-04     0.218551E-04     0.272660E-04
  0.214422E-04     0.219394E-04     0.253292E-04     0.183852E-04     0.191044E-04
  0.241548E-04     0.255064E-04     0.273520E-04     0.203695E-04     0.158926E-04
  0.199644E-04     0.204526E-04     0.185777E-04     0.191212E-04     0.221212E-04
  0.252765E-04     0.292308E-04     0.216116E-04     0.238092E-04     0.227564E-04
  0.182511E-04     0.200662E-04     0.159823E-04     0.230423E-04     0.200140E-04
  0.238679E-04     0.279394E-04     0.203167E-04     0.201077E-04     0.172879E-04
  0.221278E-04     0.227734E-04     0.251115E-04     0.220958E-04     0.255266E-04
  0.199056E-04     0.230475E-04     0.297936E-04     0.246627E-04     0.225067E-04
  0.207138E-04     0.205370E-04     0.137517E-04     0.238981E-04     0.170908E-04
  0.233387E-04     0.216181E-04     0.279918E-04     0.231663E-04     0.215399E-04
  0.230036E-04     0.240350E-04     0.208555E-04     0.218993E-04     0.198017E-04
  0.219962E-04     0.190365E-04     0.217793E-04     0.216880E-04     0.219100E-04
  0.217884E-04     0.203301E-04     0.198388E-04     0.205251E-04     0.214551E-04
  0.221349E-04     0.190720E-04     0.227954E-04     0.192113E-04     0.222684E-04
  0.306727E-04     0.234240E-04     0.155123E-04     0.217629E-04     0.281406E-04
  0.180279E-04     0.214138E-04     0.305154E-04     0.295193E-04     0.225414E-04
  0.241269E-04     0.226220E-04     0.283385E-04     0.186938E-04     0.238868E-04
  0.208577E-04     0.231818E-04     0.196315E-04     0.216017E-04     0.202578E-04
  0.229327E-04     0.202585E-04     0.250637E-04     0.227918E-04     0.214319E-04
  0.219697E-04     0.186376E-04     0.212355E-04     0.224478E-04     0.226209E-04
  0.261396E-04     0.264181E-04     0.255876E-04     0.251943E-04     0.235456E-04
  0.215637E-04     0.241243E-04     0.214484E-04     0.194106E-04     0.257312E-04
  0.222322E-04     0.247608E-04     0.230237E-04     0.200964E-04     0.228369E-04
  0.201629E-04     0.237761E-04     0.191074E-04     0.253627E-04     0.220567E-04
  0.237140E-04     0.242870E-04     0.251972E-04     0.272992E-04     0.234909E-04
  0.298527E-04     0.230962E-04     0.247758E-04     0.263022E-04     0.228327E-04
  0.244627E-04     0.251783E-04     0.246299E-04     0.291788E-04     0.248951E-04
  0.227799E-04     0.302978E-04     0.252412E-04     0.278051E-04     0.316521E-04
  0.283884E-04     0.267652E-04     0.277471E-04     0.296885E-04     0.290317E-04
  0.242382E-04     0.264519E-04     0.247900E-04     0.220820E-04     0.246688E-04
  0.286974E-04     0.229068E-04     0.278441E-04     0.272791E-04     0.252564E-04
  0.293167E-04     0.275435E-04     0.245683E-04     0.284654E-04     0.229167E-04
  0.278893E-04     0.250817E-04     0.256840E-04     0.249643E-04     0.287426E-04
  0.255332E-04     0.266247E-04     0.305485E-04     0.308434E-04     0.269472E-04
  0.261018E-04     0.287577E-04     0.300477E-04     0.314200E-04     0.321110E-04
  0.287672E-04     0.281527E-04     0.305927E-04     0.310235E-04     0.299891E-04
  0.354063E-04     0.293725E-04     0.305142E-04     0.334158E-04     0.290691E-04
  0.311628E-04     0.325073E-04     0.330821E-04     0.288628E-04     0.338210E-04
  0.286320E-04     0.278181E-04     0.292783E-04     0.301204E-04     0.314961E-04
  0.380013E-04     0.308688E-04     0.268244E-04     0.326113E-04     0.336848E-04
  0.225106E-04     0.275816E-04     0.321473E-04     0.284764E-04     0.281362E-04
  0.372060E-04     0.290620E-04     0.356632E-04     0.260502E-04     0.255457E-04
  0.289860E-04     0.295370E-04     0.288630E-04     0.282658E-04     0.305678E-04
  0.299085E-04     0.254657E-04     0.487707E-04     0.286432E-04     0.302287E-04
  0.289713E-04     0.281976E-04     0.331462E-04     0.318601E-04     0.273935E-04
  0.273303E-04     0.272959E-04     0.294331E-04     0.283728E-04     0.344654E-04
  0.267133E-04     0.340198E-04     0.300748E-04     0.347618E-04     0.340116E-04
  0.357996E-04     0.318806E-04     0.282380E-04     0.382500E-04     0.283936E-04
  0.337911E-04     0.312774E-04     0.285734E-04     0.305703E-04     0.337534E-04
  0.311024E-04     0.310853E-04     0.301468E-04     0.316924E-04     0.285521E-04
  0.276433E-04     0.311075E-04     0.274336E-04     0.393044E-04     0.263522E-04
  0.254692E-04     0.221794E-04     0.281841E-04     0.308296E-04     0.281961E-04
  0.367266E-04     0.317707E-04     0.303469E-04     0.287029E-04     0.220037E-04
  0.271210E-04     0.271809E-04     0.352815E-04     0.394622E-04     0.432385E-04
  0.285229E-04     0.290157E-04     0.297500E-04     0.294890E-04     0.241706E-04
  0.278119E-04     0.255977E-04     0.310504E-04     0.394457E-04     0.265398E-04
  0.321992E-04     0.304552E-04     0.277786E-04     0.397058E-04     0.372262E-04
  0.407640E-04     0.297605E-04     0.346195E-04     0.301055E-04     0.405690E-04
  0.426211E-04     0.291629E-04     0.349673E-04     0.496797E-04     0.307409E-04
  0.254445E-04     0.217032E-04     0.484516E-04     0.357225E-04     0.284713E-04
  0.239461E-04     0.357612E-04     0.299850E-04     0.267960E-04     0.323373E-04
  0.248122E-04     0.269606E-04     0.246128E-04     0.289809E-04     0.230497E-04
  0.302669E-04     0.259198E-04     0.365005E-04     0.299577E-04     0.253084E-04
  0.252279E-04     0.261519E-04     0.244419E-04     0.300196E-04     0.466478E-04
  0.313838E-04     0.415713E-04     0.286466E-04     0.367281E-04     0.416108E-04
  0.378220E-04     0.340908E-04     0.584123E-04     0.355467E-04     0.337208E-04
  0.429278E-04     0.414488E-04     0.382230E-04     0.468927E-04     0.427907E-04
  0.369965E-04     0.346071E-04     0.296461E-04     0.659970E-04     0.422570E-04
  0.449542E-04     0.303727E-04     0.480691E-04     0.576073E-04     0.565663E-04
  0.295047E-04     0.383573E-04     0.397625E-04     0.315102E-04     0.487319E-04
  0.366313E-04     0.232621E-04     0.320530E-04     0.446310E-04     0.314768E-04
  0.423572E-04     0.442781E-04     0.389091E-04     0.344417E-04     0.369782E-04
  0.315370E-04     0.598739E-04     0.306369E-04     0.402963E-04     0.457094E-04
  0.412372E-04     0.605109E-04     0.238914E-04     0.463748E-04     0.472110E-04
  0.356554E-04     0.274444E-04     0.353947E-04     0.322133E-04     0.466002E-04
  0.291009E-04     0.464012E-04     0.426081E-04     0.233774E-04     0.476549E-04
  0.553293E-04     0.504189E-04     0.268090E-04     0.373665E-04     0.367078E-04
  0.319514E-04     0.465956E-04     0.712986E-04     0.267700E-04     0.518998E-04
  0.258477E-04     0.458119E-04     0.246251E-04     0.388132E-04     0.450234E-04
  0.326905E-04     0.276636E-04     0.257895E-04     0.261694E-04     0.417570E-04
  0.253308E-04     0.338452E-04     0.327650E-04     0.267443E-04     0.285552E-04
  0.512838E-04     0.317478E-04     0.245216E-04     0.263781E-04     0.342520E-04
  0.333596E-04     0.452075E-04     0.458300E-04     0.300124E-04     0.411315E-04
  0.337870E-04     0.450148E-04     0.313869E-04     0.300191E-04     0.393742E-04
  0.184271E-04     0.333231E-04     0.337147E-04     0.324649E-04     0.273269E-04
  0.688434E-04     0.924567E-04     0.211683E-03     0.129839E-03     0.174258E-03
  0.141412E-03     0.119975E-03     0.205494E-03     0.170224E-03     0.295587E-03
  0.362142E-03     0.388113E-03     0.346220E-03     0.534113E-03     0.322409E-03
  0.630353E-03     0.543357E-03     0.756792E-03     0.767465E-03     0.825204E-03
  0.119929E-02     0.101373E-02     0.798117E-03     0.112657E-02     0.144518E-02
  0.139584E-02     0.139639E-02     0.792351E-03     0.127513E-02     0.207940E-02
  0.143469E-02     0.141200E-02     0.323474E-02     0.288009E-02     0.218384E-02
  0.195513E-02     0.255494E-02     0.161633E-02     0.279054E-02     0.323487E-02
  0.331069E-02     0.419126E-02     0.463092E-02     0.392584E-02     0.401965E-02
  0.423923E-02     0.327145E-02     0.410201E-02     0.863878E-02     0.512227E-02
  0.807961E-02     0.657344E-02     0.660140E-02     0.887160E-02     0.786153E-02
  0.136504E-01     0.151095E-01     0.166008E-01
 eigen energies, in eV 
    -44.541265       -44.491164       -44.386560       -44.136206       -43.948202
    -28.593508       -28.502721       -28.467663       -28.419192       -28.309476
    -28.292791       -28.274732       -28.238454       -28.197911       -28.097416
    -28.071084       -28.057449       -28.050022       -28.023318       -27.977872
    -27.951939       -27.946817       -27.942926       -27.924855       -27.914569
    -27.881549       -27.837386       -27.813538       -27.795139       -27.747702
    -27.747096       -27.732624       -27.720419       -27.707133       -27.705028
    -27.687950       -27.684220       -27.667785       -27.630973       -27.477033
    -27.474807       -27.433358       -27.391543       -27.381916       -27.378791
    -27.375891       -27.355421       -27.348216       -27.336601       -27.250687
    -27.244172       -27.241664       -27.236100       -27.225199       -27.209608
    -27.207604       -27.205138       -27.201700       -27.165101       -27.153105
    -27.140593       -27.107071       -27.085086       -27.013404       -26.971620
    -26.953733       -26.929752       -26.918854       -26.798022       -26.751324
    -26.690840       -26.686932       -26.686644       -26.592455       -26.580180
    -26.533111       -26.510074       -26.454892       -26.410609       -26.395686
    -26.372263       -26.336670       -26.319818       -26.293090       -26.244951
    -26.214762       -26.201083       -26.199911       -26.197104       -26.123212
    -26.112435       -26.075099       -26.056895       -26.049957       -25.990116
    -25.987753       -25.951474       -25.948301       -25.931442       -25.921927
    -25.896424       -25.895551       -25.881969       -25.881705       -25.853605
    -25.841976       -25.841730       -25.832955       -25.798157       -25.793463
    -25.793318       -25.778719       -25.723434       -25.721990       -25.713684
    -25.709963       -25.699700       -25.695491       -25.683254       -25.649742
    -25.632358       -25.620523       -25.582049       -25.499805       -25.454681
    -25.454013       -25.445498       -25.440928       -25.413974       -25.381151
    -25.345223       -25.320276       -25.160740       -25.053265       -25.030797
    -24.077319       -23.965676       -23.894735       -23.688373       -23.596108
    -23.557467       -23.483417       -23.403358       -23.332086       -23.323101
    -23.296806       -23.286728       -23.260621       -23.200013       -23.185892
    -23.147731       -23.145002       -23.144651       -23.070246       -23.062977
    -23.044556       -22.998445       -22.990155       -22.927920       -22.872846
    -22.859385       -22.839031       -22.823855       -22.808164       -22.732053
    -22.648360       -22.451440       -22.365982       -22.225589       -22.028752
    -21.959222       -21.594822       -21.437271       -21.418334       -21.347988
    -21.346187       -21.314041       -21.251086       -21.164924       -21.110278
    -21.071807       -21.043028       -21.041992       -21.033678       -20.891734
    -20.852408       -20.836416       -20.760963       -20.745690       -20.640706
    -18.480465       -18.401543       -18.163223       -18.118669       -18.070333
    -16.548779       -16.211777       -16.135338       -16.056627       -16.052618
    -16.014777       -15.950389       -15.931848       -15.874275       -15.816306
    -15.727169       -15.637513       -15.592777       -15.527054       -15.485439
    -15.437340       -15.349278       -15.077350       -15.047024       -14.995681
    -14.980514       -14.919972       -14.859633       -14.845025       -14.841518
    -14.766930       -14.748413       -14.618774       -14.614885       -14.566459
    -14.523488       -14.480378       -14.464090       -14.452633       -14.438882
    -14.411772       -14.341227       -14.320231       -14.306733       -14.248005
    -14.021469       -13.797018       -13.782465       -13.768630       -13.733872
    -13.609255       -13.582058       -13.549828       -13.503104       -13.489168
    -13.478850       -13.469788       -13.449642       -13.445834       -13.442354
    -13.421099       -13.404087       -13.379437       -13.367611       -13.351212
    -13.321653       -13.300423       -13.282444       -13.255303       -13.236883
    -13.188734       -13.182847       -13.174218       -12.962327       -12.873653
    -12.308234       -12.236441       -12.210264       -12.204427       -12.128355
    -12.020082       -11.940076       -11.934409       -11.932684       -11.927492
    -11.906628       -11.852300       -11.826190       -11.820136       -11.813717
    -11.666840       -11.658452       -11.655705       -11.640145       -11.597330
    -11.575430       -11.563189       -11.559603       -11.499855       -11.461635
    -11.453253       -11.433254       -11.412519       -11.397427       -11.380304
    -11.368673       -11.353593       -11.344257       -11.268406       -11.253575
    -11.239540       -11.088078       -10.973799       -10.895690       -10.863854
    -10.825182       -10.811421       -10.787994       -10.753870       -10.741300
    -10.710236       -10.684837       -10.673559       -10.619807       -10.586742
    -10.560030       -10.522873       -10.510047       -10.491417       -10.479576
    -10.475997       -10.469289       -10.418575       -10.416929       -10.407093
    -10.382796       -10.368412       -10.358362       -10.356462       -10.338539
    -10.332994       -10.318541       -10.307481       -10.287753       -10.276871
    -10.264751       -10.241173       -10.237094       -10.213184       -10.209320
    -10.190708       -10.180418       -10.158531       -10.122992       -10.111108
    -10.088216       -10.059810       -10.052256       -10.038874       -10.028589
    -10.024731       -10.015048       -10.013509       -10.000110        -9.991978
     -9.973385        -9.958268        -9.948897        -9.947057        -9.946229
     -9.933408        -9.927487        -9.920798        -9.896020        -9.876596
     -9.869289        -9.864487        -9.852973        -9.832401        -9.818489
     -9.811427        -9.767723        -9.756250        -9.746040        -9.742023
     -9.731219        -9.728149        -9.715522        -9.705321        -9.699879
     -9.690407        -9.679939        -9.644929        -9.639972        -9.639550
     -9.614192        -9.596507        -9.567696        -9.565452        -9.552543
     -9.546837        -9.535957        -9.528569        -9.522278        -9.512536
     -9.501668        -9.493118        -9.475260        -9.457142        -9.455724
     -9.399871        -9.375144        -9.364589        -9.349629        -9.341071
     -9.327340        -9.324389        -9.321315        -9.279994        -9.267286
     -9.257213        -9.255790        -9.249434        -9.232507        -9.208304
     -9.182447        -9.168805        -9.123495        -9.119717        -9.113330
     -9.096467        -9.090023        -9.088150        -9.080236        -9.072751
     -9.068026        -9.065273        -9.052003        -9.033836        -9.031135
     -8.993233        -8.988123        -8.966964        -8.952682        -8.937565
     -8.926010        -8.917698        -8.900340        -8.892538        -8.883867
     -8.869434        -8.846983        -8.839401        -8.830203        -8.814558
     -8.800454        -8.781414        -8.779143        -8.765927        -8.753013
     -8.735220        -8.721299        -8.709234        -8.695511        -8.670547
     -8.665019        -8.632805        -8.628539        -8.622001        -8.607163
     -8.602012        -8.582326        -8.572545        -8.534431        -8.494306
     -8.487110        -8.472472        -8.465636        -8.442779        -8.414042
     -8.390940        -8.380218        -8.357272        -8.317273        -8.294823
     -8.291091        -8.289386        -8.256591        -8.251568        -8.245084
     -8.236961        -8.226837        -8.171348        -8.149044        -8.108347
     -8.101915        -8.052225        -8.044619        -8.008607        -7.976116
     -7.971195        -7.959000        -7.921796        -7.882331        -7.859182
     -7.836927        -7.833394        -7.791453        -7.769444        -7.764101
     -7.752986        -7.738236        -7.727388        -7.705751        -7.703609
     -7.668031        -7.663088        -7.649189        -7.590616        -7.584130
     -7.568357        -7.483804        -7.470408        -7.453415        -7.440792
     -7.412641        -7.393916        -7.389983        -7.357480        -7.328373
     -7.291593        -7.264665        -7.245192        -7.240075        -7.229319
     -7.207314        -7.200324        -7.193865        -7.181568        -7.172168
     -7.169002        -7.156896        -7.137116        -7.117556        -7.094543
     -7.073292        -7.046670        -7.037586        -7.007487        -6.997585
     -6.986396        -6.984811        -6.979690        -6.959104        -6.895915
     -6.876577        -6.869717        -6.851978        -6.841217        -6.831694
     -6.820096        -6.813760        -6.779415        -6.767062        -6.741286
     -6.730964        -6.725078        -6.707969        -6.695104        -6.683790
     -6.670793        -6.661979        -6.650731        -6.626224        -6.619021
     -6.617097        -6.609382        -6.585596        -6.559588        -6.554415
     -6.550566        -6.533444        -6.525710        -6.505619        -6.497177
     -6.485253        -6.474184        -6.464944        -6.455619        -6.451794
     -6.426652        -6.412993        -6.409548        -6.401820        -6.398183
     -6.385244        -6.378883        -6.360475        -6.344276        -6.337407
     -6.324443        -6.312825        -6.309202        -6.306767        -6.299587
     -6.291814        -6.288805        -6.276615        -6.260757        -6.252296
     -6.243015        -6.233866        -6.215977        -6.203557        -6.199528
     -6.196596        -6.178539        -6.167343        -6.152347        -6.146119
     -6.144295        -6.131129        -6.118271        -6.095840        -6.093092
     -6.089577        -6.083034        -6.063348        -6.054323        -6.050632
     -6.045239        -6.037088        -6.027431        -6.016461        -6.008165
     -6.000102        -5.995197        -5.990226        -5.982196        -5.965034
     -5.962217        -5.957187        -5.954961        -5.946870        -5.939742
     -5.928486        -5.918545        -5.906852        -5.885693        -5.881651
     -5.872295        -5.865800        -5.863781        -5.857044        -5.843973
     -5.836749        -5.818277        -5.810061        -5.795374        -5.783773
     -5.780067        -5.773783        -5.765447        -5.760493        -5.756055
     -5.749501        -5.740022        -5.732118        -5.725964        -5.721997
     -5.709804        -5.705678        -5.699770        -5.689060        -5.682990
     -5.676952        -5.670960        -5.662007        -5.655479        -5.649060
     -5.639248        -5.630954        -5.626736        -5.624742        -5.619077
     -5.614933        -5.606363        -5.596227        -5.594785        -5.584241
     -5.577354        -5.572420        -5.567062        -5.558339        -5.551673
     -5.547015        -5.543330        -5.535519        -5.527901        -5.526563
     -5.522294        -5.510523        -5.508605        -5.501302        -5.497873
     -5.488048        -5.473065        -5.461264        -5.455593        -5.451785
     -5.442660        -5.428105        -5.427442        -5.417275        -5.414009
     -5.411294        -5.407257        -5.401911        -5.396345        -5.385807
     -5.382258        -5.371085        -5.364829        -5.350219        -5.343911
     -5.338461        -5.328795        -5.322450        -5.308117        -5.307312
     -5.301456        -5.295345        -5.292289        -5.282859        -5.278039
     -5.268157        -5.263950        -5.258499        -5.250900        -5.237542
     -5.232538        -5.231037        -5.223951        -5.219826        -5.218505
     -5.207847        -5.194836        -5.189689        -5.188506        -5.187168
     -5.178398        -5.173103        -5.170941        -5.156600        -5.151451
     -5.146001        -5.131327        -5.127894        -5.123372        -5.122627
     -5.113705        -5.099271        -5.097760        -5.093332        -5.090919
     -5.076034        -5.070802        -5.068433        -5.054635        -5.050451
     -5.045581        -5.042097        -5.032233        -5.028338        -5.027664
     -5.022058        -5.012689        -5.004368        -4.993680        -4.985517
     -4.964219        -4.958715        -4.953258        -4.945338        -4.935546
     -4.934511        -4.927251        -4.923956        -4.920157        -4.916398
     -4.906990        -4.901758        -4.894413        -4.889758        -4.886573
     -4.883876        -4.877814        -4.873156        -4.868184        -4.860526
     -4.858469        -4.852334        -4.847102        -4.840689        -4.830752
     -4.821743        -4.817528        -4.809969        -4.805004        -4.796245
     -4.790885        -4.787857        -4.780106        -4.770273        -4.760713
     -4.753929        -4.752123        -4.745312        -4.720964        -4.711546
     -4.709786        -4.692852        -4.684234        -4.681817        -4.671956
     -4.665290        -4.651678        -4.642248        -4.631618        -4.621415
     -4.609734        -4.604983        -4.599369        -4.580434        -4.572922
     -4.551688        -4.540737        -4.532723        -4.506860        -4.504666
     -4.498316        -4.483586        -4.477403        -4.463424        -4.449729
     -4.443762        -4.431258        -4.420379        -4.414799        -4.390249
     -4.369453        -4.342435        -4.295966        -4.289810        -4.283663
     -4.280586        -4.267546        -4.263604        -4.245293        -4.241428
     -4.229108        -4.204474        -4.172236        -4.147308        -4.126675
     -4.124231        -4.103951        -4.094622        -4.074174        -4.042304
     -4.014416        -3.994156        -3.973088        -3.923727        -3.893251
     -3.870141        -3.857452        -3.851329        -3.846288        -3.821301
     -3.809190        -3.798982        -3.788575        -3.754492        -3.742801
     -3.732431        -3.724297        -3.672963        -3.660033        -3.651858
     -3.618048        -3.607181        -3.604593        -3.592034        -3.571492
     -3.569613        -3.542511        -3.529997        -3.528182        -3.515066
     -3.502510        -3.488889        -3.486841        -3.477009        -3.456926
     -3.452001        -3.418406        -3.393691        -3.382998        -3.375161
     -3.357445        -3.353519        -3.344660        -3.339303        -3.337080
     -3.327431        -3.315712        -3.313133        -3.300505        -3.291506
     -3.283505        -3.254138        -3.248040        -3.232910        -3.223427
     -3.214349        -3.184693        -3.157351        -3.140951        -3.129246
     -3.123518        -3.099341        -3.079863        -3.060792        -3.029808
     -3.014716        -3.005079        -2.996045        -2.972166        -2.949756
     -2.941818        -2.917740        -2.909719        -2.883697        -2.843420
     -2.839357        -2.827038        -2.796973        -2.751929        -2.740855
     -2.735724        -2.716545        -2.687725        -2.685237        -2.624812
     -2.586131        -2.583830        -2.580575        -2.569735        -2.504092
     -2.483195        -2.482201        -2.444335        -2.435749        -2.364914
     -2.347653        -2.312675        -2.286185        -2.274924        -2.263458
     -2.230427        -2.218691        -2.180274        -2.152446        -2.090071
     -2.079011        -1.975159        -1.922330        -1.918544        -1.843901
      2.529124         2.747897         2.870878         2.949829         3.006460
      3.074466         3.087182         3.117798         3.135021         3.205894
      3.342594         3.399933         3.454088         3.487610         3.495914
      3.506621         3.545559         3.640827         3.655868         3.697756
      3.740197         3.775033         3.797210         3.846652         3.870393
      3.874964         3.895695         3.926593         3.960263         3.993908
      4.030392         4.052331         4.064400         4.083895         4.094604
      4.110357         4.149679         4.163520         4.178060         4.196518
      4.218522         4.246264         4.259815         4.272182         4.291631
      4.314358         4.332170         4.367462         4.383316         4.428185
      4.434708         4.463238         4.508356         4.516033         4.535295
      4.550226         4.582794         4.631758
 *********************************
 total computation time (sec)=   1997.31925606728     
