 AEM_Eatom=  3.406308887827449E-002
 AEM_Egroup=  1.508803343623522E-003
 AEM_Etot=  7.639770670108409E-003
 AEM_F=  0.502397204636921     
