 AEM_Eatom=  1.274698399260065E-002
 AEM_Egroup=  1.279544390824731E-003
 AEM_Etot=  1.954962930624491E-003
 AEM_F=  0.525270995155075     
