 AEM_Eatom=  1.203743484571715E-003
 AEM_Egroup=  2.034466515508837E-004
 AEM_Etot=  1.183370191319855E-003
 AEM_F=  0.500206162316215     
