 AEM_Eatom=  4.370755160001755E-002
 AEM_Egroup=  2.459128058267177E-003
 AEM_Etot=  1.669060435131609E-003
 AEM_F=  0.853365972439051     
