 AEM_Eatom=  0.139586234677247     
 AEM_Egroup=  7.506801951544143E-003
 AEM_Etot=  6.120652644686729E-004
 AEM_F=  0.504653577711246     
