 AEM_Eatom=  8.732117396326758E-002
 AEM_Egroup=  1.352076527607326E-002
 AEM_Etot=  8.155397070521596E-003
 AEM_F=  0.675594712302905     
