 AEM_Eatom=  9.462969524373045E-003
 AEM_Egroup=  9.960338987371590E-004
 AEM_Etot=  1.127551071926036E-003
 AEM_F=  0.500203299580500     
