 AEM_Eatom=  1.761899896245457E-002
 AEM_Egroup=  1.043935127817828E-003
 AEM_Etot=  6.316299780708344E-004
 AEM_F=  0.501135379632284     
