 AEM_Eatom=  1.649081208605438E-002
 AEM_Egroup=  2.069763247294464E-003
 AEM_Etot=  9.022273644603939E-004
 AEM_F=  0.501896820725934     
