 AEM_Eatom=  7.848553853709057E-002
 AEM_Egroup=  6.928150709784615E-003
 AEM_Etot=  8.773685567777762E-003
 AEM_F=  0.536762469285243     
