 AEM_Eatom=  1.493531588081288E-002
 AEM_Egroup=  2.372305421103788E-003
 AEM_Etot=  2.508360458650845E-003
 AEM_F=  0.518504443620516     
