 AEM_Eatom=  8.313410065294517E-002
 AEM_Egroup=  1.395883101469183E-002
 AEM_Etot=  1.174165437217187E-002
 AEM_F=  0.673091974560745     
