 AEM_Eatom=  1.447422463166299E-002
 AEM_Egroup=  2.234168340787587E-003
 AEM_Etot=  7.845108283336643E-004
 AEM_F=  0.502326217444033     
