 AEM_Eatom=  8.250848587196226E-003
 AEM_Egroup=  5.187598880784127E-004
 AEM_Etot=  6.328632907591781E-004
 AEM_F=  0.501131153647050     
