 AEM_Eatom=  6.536430432450599E-003
 AEM_Egroup=  7.120349903044989E-004
 AEM_Etot=  4.725422162393387E-003
 AEM_F=  0.505076787963245     
