 AEM_Eatom=  0.105215552761830     
 AEM_Egroup=  1.023337211237918E-002
 AEM_Etot=  3.504628117801608E-003
 AEM_F=  0.627705551647438     
