           4           1
 PRECISION  = SINGLE     
 JOB       = SCF
 IN.PSP1   = /home/sabs/shenjie/Pseudopotential/Li.nc.pbe.UPF
 IN.PSP2   = /home/sabs/shenjie/Pseudopotential/C.nc.pbe.UPF
 IN.PSP3   = /home/sabs/shenjie/Pseudopotential/O.nc.pbe.UPF
 IN.PSP4   = /home/sabs/shenjie/Pseudopotential/N.nc.pbe.UPF
 IN.PSP5   = /home/sabs/shenjie/Pseudopotential/S.nc.pbe.UPF
 IN.PSP6   = /home/sabs/shenjie/Pseudopotential/F.nc.pbe.UPF
 IN.PSP7   = /home/sabs/shenjie/Pseudopotential/H.nc.pbe.UPF
 IN.PSP8   = /home/sabs/shenjie/Pseudopotential/P.nc.pbe.UPF
 IN.ATOM   = atom.config         
 CONVERGENCE  = EASY
 ACCURACY  = NORM
 VFF_DETAIL =   1   500  0.50000000E-02     30.00000     4.00000     0.00000     1.00000  
 EGG_DETAIL =            3           3           3
 SPIN      =   1
 CONSTRAINT_MAG =           0
 RANDOM_SEED=           0
 QIJ_DETAIL =   0  1
 SCF_MIX = CHARGE
 PWSCF_OUTPUT     =  F
 Ecut      =    60.0000000000000     
 Ecut2     =    120.000000000000     
 Ecut2L    =    120.000000000000     
 EcutP    =    60.0000000000000     
 N123      =   120   120   120
 NS123     =    40    40    40
 N123L     =   120   120   120
 STRESS_CORR =   0.100000E+01  0.000000E+00  0.200000E+01  0.000000E+00
 XCFUNCTIONAL = LDA
 HSE_DETAIL    =      1.00000000    1     0.00000000    6 1 1
 RELAX_HSE    =    20   0.50000E-01     2
 VDW       = NONE
 LONDON_S6      =   0.000000000000000E+000
 LONDON_C6(1)      =   -1.00000000000000     
 LONDON_C6(2)      =   -1.00000000000000     
 LONDON_C6(3)      =   -1.00000000000000     
 LONDON_C6(4)      =   -1.00000000000000     
 LONDON_C6(5)      =   -1.00000000000000     
 LONDON_C6(6)      =   -1.00000000000000     
 LONDON_C6(7)      =   -1.00000000000000     
 LONDON_C6(8)      =   -1.00000000000000     
 LONDON_RCUT      =   0.000000000000000E+000
 DFTD3_S6        =   0.000000000000000E+000
 DFTD3_RS6        =   0.000000000000000E+000
 DFTD3_S18        =   0.000000000000000E+000
 DFTD3_RS18        =   0.000000000000000E+000
 DFTD3_ALPHA6        =   0.000000000000000E+000
 DFTD3_VERSION        =            0
 DFTD3_3BODY        =  F
 COULOMB   =    0
 IN.WG     =  F
 OUT.WG    =  F
 IN.RHO    =  F
 OUT.RHOATOM =  F
 OUT.RHO   =  F
 IN.VR     =  F
 OUT.VR    =  F
 OUT.ELF   =  F
 IN.VEXT   =  F
 OUT.VATOM   =  F
 OUT.FORCE =  T
 OUT.STRESS =  F
 IN.KPT    =  F
 IN.SYMM   =  F
 SYMM_PREC =    0.10000E-04
 MP_N123 =      1      1      1      0      0      0      0
 NUM_KPT =            1
 CHARGE_DECOMP = F
 ENERGY_DECOMP = F 
 IN.SOLVENT =  F
 NUM_ELECTRON =   1940.00000000000     
 FIX_FERMI =   F  0.000000E+00  0.000000E+00  0.000000E+00
 IN.NONSCF    =  F
 NUM_BAND  =  1028
 OUT.REAL.RHOWF_SP= 0
 WG_ERROR  =   1.000000000000000E-004
 E_ERROR   =   5.279008887880000E-003
 RHO_ERROR =   5.000000000000000E-005
 RHO_RELATIVE_ERROR      =   0.000000000000000E+000
 FORCE_RELATIVE_ERROR     =   0.000000000000000E+000
 MIN_SCF_ITER     =            1
 SYS_TYPE   =            1
 PULAY_MIX_OPT =     30  1  0       1.00000       0.00000
 PULAY_METRIC_Q0 =       -1.00000
 IN.OCC    =  F          -1
 IN.CC    =  F
 IN.OCC_ADIA    =  F
 SCF_ITER0_1 =    6   4    3    0.0000     0.02500    1
 SCF_ITER0_2 =   94   4    3    1.0000     0.02500    1
 SCF_ITER1_1 =   40   4    3    1.0000     0.02500    1
 NONLOCAL  =  2
 IN.A_FIELD =  F       0.00000       0.00000       0.00000
 RCUT      =    4.00000000000000     
 IN.PSP_RCUT1 =   4.00000000000000     
 IN.PSP_RCUT2 =   4.00000000000000     
 IN.PSP_RCUT3 =   4.00000000000000     
 IN.PSP_RCUT4 =   4.00000000000000     
 IN.PSP_RCUT5 =   4.00000000000000     
 IN.PSP_RCUT6 =   4.00000000000000     
 IN.PSP_RCUT7 =   4.00000000000000     
 IN.PSP_RCUT8 =   4.00000000000000     
 MD_VV_SCALE =    100
 LDAU_PSP1   =           -1  2.721138638331097E-009  2.721138638331097E-009  eV
 LDAU_PSP2   =           -1  2.721138638331097E-009  2.721138638331097E-009  eV
 LDAU_PSP3   =           -1  2.721138638331097E-009  2.721138638331097E-009  eV
 LDAU_PSP4   =           -1  2.721138638331097E-009  2.721138638331097E-009  eV
 LDAU_PSP5   =           -1  2.721138638331097E-009  2.721138638331097E-009  eV
 LDAU_PSP6   =           -1  2.721138638331097E-009  2.721138638331097E-009  eV
 LDAU_PSP7   =           -1  2.721138638331097E-009  2.721138638331097E-009  eV
 LDAU_PSP8   =           -1  2.721138638331097E-009  2.721138638331097E-009  eV
 NUM_BLOCKED_PSI=  F
 WF_STORE2DISK  =            0
 NUM_DOS_GRID =         4000
 NMAP_MAX =        50000
 KERK_AMIN =   0.300000000000000     
 KERK_AMIX =   0.400000000000000     
 KERK_AMIX_MAG =   0.800000000000000     
 KERK_BMIX =   0.500000000000000     
 LDAU_MIX =   0.700000000000000     
 PULAY_WEIGHT_SPIN =    1.00000000000000     
 PULAY_WEIGHT_NS =    1.00000000000000     
 OUT.MLMD    =  F
 NUM_MPI_PER_GPU =     1
 FLAG_CYLINDER =            0
 SET_OUT_FERMI_POS =  F           0
 E_FINITE =  F   0.00000E+00   0.00000E+00   0.00000E+00
 MLINE_EIGEN =      1
 
 ------------------------------------------------
 total number of K-point:           1
   0.00000     0.00000    0.00000     1.00000            
 ------------------------------------------------
 
 
 *********************************************
 *********** end of etot.input report ********
 minimum n1,n2,n3 from Ecut2
     118.970      119.148      119.089
 minimum n1L,n2L,n3L from Ecut2L
     118.970      119.148      119.089
 *********************************************
 
 
Weighted average num_of_PW for all kpoint=                       312673.000
 ************************************
 E_Hxc(eV)         49693.8004965244     
 E_ion(eV)        -219687.333389071     
 E_Coul(eV)        77929.2131573232     
 E_Hxc+E_ion(eV)  -169993.532892547     
 NONSCF     1          AVE_STATE_ERROR= 0.5918E+01
 NONSCF     2          AVE_STATE_ERROR= 0.1623E+01
 NONSCF     3          AVE_STATE_ERROR= 0.4988E+00
 NONSCF     4          AVE_STATE_ERROR= 0.9209E-01
 NONSCF     5          AVE_STATE_ERROR= 0.1550E-01
 NONSCF     6          AVE_STATE_ERROR= 0.3104E-02
 iter=   7   ave_lin=  4.0  iCGmth=   3
 Ef(eV)               = -.2112117E+01
 err of ug            = 0.1220E-02
 dv_ave, drho_tot     = 0.0000E+00 0.1230E+00
 E_tot(eV)            = -.13305505425241E+06    -.1331E+06
 -------------------------------------------
 iter=   8   ave_lin=  4.0  iCGmth=   3
 Ef(eV)               = -.6286657E-01
 err of ug            = 0.1074E-01
 dv_ave, drho_tot     = 0.1706E-01 0.7111E-01
 E_tot(eV)            = -.13294998705424E+06    0.1051E+03
 -------------------------------------------
 iter=   9   ave_lin=  4.0  iCGmth=   3
 Ef(eV)               = -.1093717E+01
 err of ug            = 0.6615E-02
 dv_ave, drho_tot     = 0.1353E-01 0.3042E-01
 E_tot(eV)            = -.13291785602341E+06    0.3213E+02
 -------------------------------------------
 iter=  10   ave_lin=  4.0  iCGmth=   3
 Ef(eV)               = -.1042336E+01
 err of ug            = 0.2032E-02
 dv_ave, drho_tot     = 0.6898E-02 0.1054E-01
 E_tot(eV)            = -.13291261885634E+06    0.5237E+01
 -------------------------------------------
 iter=  11   ave_lin=  4.0  iCGmth=   3
 Ef(eV)               = 0.8201540E+00
 err of ug            = 0.5366E-03
 dv_ave, drho_tot     = 0.3056E-02 0.5896E-02
 E_tot(eV)            = -.13291194825981E+06    0.6706E+00
 -------------------------------------------
 iter=  12   ave_lin=  4.0  iCGmth=   3
 Ef(eV)               = 0.5692464E+00
 err of ug            = 0.3045E-03
 dv_ave, drho_tot     = 0.3563E-02 0.3705E-02
 E_tot(eV)            = -.13291140865850E+06    0.5396E+00
 -------------------------------------------
 iter=  13   ave_lin=  4.0  iCGmth=   3
 Ef(eV)               = 0.5665666E+00
 err of ug            = 0.3610E-03
 dv_ave, drho_tot     = 0.4334E-02 0.2891E-02
 E_tot(eV)            = -.13291085807570E+06    0.5506E+00
 -------------------------------------------
 iter=  14   ave_lin=  4.0  iCGmth=   3
 Ef(eV)               = 0.8651124E+00
 err of ug            = 0.3453E-03
 dv_ave, drho_tot     = 0.5888E-02 0.2283E-02
 E_tot(eV)            = -.13291037040086E+06    0.4877E+00
 -------------------------------------------
 iter=  15   ave_lin=  4.0  iCGmth=   3
 Ef(eV)               = 0.1201636E+01
 err of ug            = 0.3627E-03
 dv_ave, drho_tot     = 0.6392E-02 0.1828E-02
 E_tot(eV)            = -.13291004658757E+06    0.3238E+00
 -------------------------------------------
 iter=  16   ave_lin=  4.0  iCGmth=   3
 Ef(eV)               = 0.1388835E+01
 err of ug            = 0.2613E-03
 dv_ave, drho_tot     = 0.4184E-02 0.1394E-02
 E_tot(eV)            = -.13290997361825E+06    0.7297E-01
 -------------------------------------------
 iter=  17   ave_lin=  4.0  iCGmth=   3
 Ef(eV)               = 0.1523362E+01
 err of ug            = 0.2040E-03
 dv_ave, drho_tot     = 0.3663E-02 0.1082E-02
 E_tot(eV)            = -.13290994666054E+06    0.2696E-01
 -------------------------------------------
 iter=  18   ave_lin=  4.0  iCGmth=   3
 Ef(eV)               = 0.1643317E+01
 err of ug            = 0.1328E-03
 dv_ave, drho_tot     = 0.2881E-02 0.8089E-03
 E_tot(eV)            = -.13290993249768E+06    0.1416E-01
 -------------------------------------------
 iter=  19   ave_lin=  4.0  iCGmth=   3
 Ef(eV)               = 0.1816593E+01
 err of ug            = 0.1116E-03
 dv_ave, drho_tot     = 0.2534E-02 0.6170E-03
 E_tot(eV)            = -.13290991527365E+06    0.1722E-01
 -------------------------------------------
 iter=  20   ave_lin=  4.0  iCGmth=   3
 Ef(eV)               = 0.1933969E+01
 err of ug            = 0.1011E-03
 dv_ave, drho_tot     = 0.2316E-02 0.4632E-03
 E_tot(eV)            = -.13290990155745E+06    0.1372E-01
 -------------------------------------------
 iter=  21   ave_lin=  4.0  iCGmth=   3
 Ef(eV)               = 0.1974117E+01
 err of ug            = 0.6800E-04
 dv_ave, drho_tot     = 0.9943E-03 0.3778E-03
 E_tot(eV)            = -.13290989435992E+06    0.7198E-02
 -------------------------------------------
 iter=  22   ave_lin=  4.0  iCGmth=   3
 Ef(eV)               = 0.1991500E+01
 err of ug            = 0.6302E-04
 dv_ave, drho_tot     = 0.9891E-03 0.3042E-03
 E_tot(eV)            = -.13290988825206E+06    0.6108E-02
 -------------------------------------------
 iter=  23   ave_lin=  4.0  iCGmth=   3
 Ef(eV)               = 0.2004788E+01
 err of ug            = 0.4748E-04
 dv_ave, drho_tot     = 0.7422E-03 0.2528E-03
 E_tot(eV)            = -.13290988513010E+06    0.3122E-02
 -------------------------------------------
 E_Fermi(eV)=   2.00478832490014     
 ---------------------------------------------------
 Ef(eV)               = 0.2004788E+01
 dvE, dvE(n)-dvE(n-1) = 0.5509E-06 -.4273E-06
 dv_ave, drho_tot     = 0.7422E-03 0.2528E-03
 err of ug            = 0.4748E-04
 ---------------------------------------------------
 ending_scf_reason = tol Etot_err  5.279008887880000E-003
 Ewald        = -.42464640221716E+05
 Alpha        = 0.15207970391171E+04
 E_extV       = 0.00000000000000E+00    0.0000E+00
 E_NSC        = -.21290082478545E+05    0.6189E+00
 E[-rho*V_Hxc]= -.12153730792030E+06    -.6158E+00
 E_Hxc        = 0.50861348451339E+05    0.6269E+00
 -TS          = -.88921190815859E-13    -.3462E-13
 E_tot(eV)    = -.13290988513010E+06    0.3122E-02
 E_tot(Ryd)   = -.97686964590791E+04    0.1147E-03
 ---------------------------------------------------
 ---------------------------------------------------
 occup for:      kpt=1,spin=1,m=(totN/2-2,totN/2+2)
   1.000    1.000    1.000    0.000    0.000
 eigen(eV) for:  kpt=1,spin=1,m=(totN/2-2,totN/2+2)
  -2.032   -1.984   -1.801    2.779    2.795
 ---------------------------------------------------
 ---------------------------------------------------
 E_Hart,E_xc,E_ion =0.79606039057504E+05  -.28744690606166E+05  -.22202891228218E+06
 E_Hxc+E_ion       =-.17116756383084E+06
 E_kin+E_nonloc    =0.79201521883334E+05
 E_rhoVext,E_IVext     =0.00000000000000E+00  0.00000000000000E+00
 E_psiV,E_dDrho =-.10049181213786E+06  0.00000000000000E+00
 ave(vtot):v0 =-.77175656122715E+01
 ave(V_ion_s(or p,d))=ave(V_Hatree)=0; ave(Vtot)=ave(V_xc)=v0
 ---------------------------------------------------
 *********************************
 Eigen energies are values after setting ave(Vtot)=0
 For Vtot=V_ion+V_Hartree+V_xc, and
 ave(V_ion+V_Hatree)=0, ave(V_xc).ne.0:  E=E+v0
 *********************************
iislda,kpt=   1,    1      0.000000     0.000000     0.000000             kpoint in xyz unit 
 err of each states, A.U
  0.184151E-04     0.171652E-03     0.129793E-03     0.583307E-04     0.352223E-04
  0.236220E-04     0.157027E-04     0.118049E-04     0.184626E-04     0.272984E-04
  0.163015E-04     0.177292E-04     0.148014E-04     0.145540E-04     0.173392E-04
  0.225276E-04     0.278671E-04     0.123153E-04     0.136002E-04     0.668536E-04
  0.196275E-04     0.209939E-04     0.199405E-04     0.140260E-04     0.141928E-04
  0.156442E-04     0.228958E-04     0.133658E-04     0.128296E-04     0.242749E-04
  0.231361E-04     0.262780E-04     0.425863E-04     0.185772E-04     0.165709E-04
  0.168480E-04     0.142536E-04     0.134913E-04     0.287630E-04     0.142989E-04
  0.181091E-04     0.128176E-04     0.128469E-04     0.233934E-04     0.145769E-04
  0.250155E-04     0.219111E-04     0.141596E-04     0.198759E-04     0.153225E-04
  0.248675E-04     0.139302E-04     0.189576E-04     0.208765E-04     0.216719E-04
  0.179529E-04     0.432920E-04     0.163801E-04     0.158005E-04     0.228260E-04
  0.152057E-04     0.182541E-04     0.162126E-04     0.128030E-04     0.372892E-04
  0.838512E-04     0.140631E-04     0.152553E-04     0.127395E-04     0.282900E-04
  0.139184E-04     0.189875E-04     0.148738E-04     0.130164E-04     0.138663E-04
  0.229055E-04     0.110156E-04     0.103560E-04     0.112469E-04     0.113269E-04
  0.248936E-04     0.102540E-04     0.225073E-04     0.143340E-04     0.122749E-04
  0.107610E-04     0.181410E-04     0.164498E-04     0.160660E-04     0.116353E-04
  0.208099E-04     0.100207E-04     0.745299E-04     0.749133E-04     0.280822E-04
  0.111504E-04     0.146898E-04     0.224881E-04     0.195832E-04     0.105053E-04
  0.136160E-04     0.122094E-04     0.592346E-04     0.116197E-04     0.196364E-04
  0.131200E-04     0.116293E-04     0.237684E-04     0.233628E-04     0.130127E-04
  0.644090E-04     0.121452E-04     0.369175E-04     0.128651E-04     0.121818E-04
  0.135995E-04     0.160014E-04     0.148694E-04     0.103758E-04     0.197683E-04
  0.138104E-04     0.154772E-04     0.125420E-04     0.153044E-04     0.157343E-04
  0.116563E-04     0.313102E-04     0.110456E-04     0.135640E-04     0.116961E-04
  0.157103E-04     0.416897E-04     0.151066E-04     0.198481E-04     0.113357E-04
  0.162742E-04     0.261586E-04     0.141143E-04     0.225967E-04     0.164733E-04
  0.558040E-04     0.180024E-04     0.327856E-04     0.134289E-04     0.121257E-04
  0.114073E-04     0.207876E-04     0.575950E-04     0.162426E-04     0.175350E-04
  0.225940E-04     0.423515E-04     0.314928E-04     0.129721E-04     0.219845E-04
  0.193420E-04     0.119274E-04     0.195865E-04     0.147286E-04     0.150505E-04
  0.151601E-04     0.210341E-04     0.177838E-04     0.399722E-04     0.211497E-04
  0.160530E-04     0.138182E-04     0.107644E-04     0.606662E-04     0.934259E-04
  0.117363E-04     0.133936E-04     0.153039E-04     0.143957E-04     0.151807E-04
  0.160341E-04     0.478963E-04     0.118810E-04     0.230089E-04     0.498060E-04
  0.101457E-04     0.180869E-04     0.197161E-04     0.147260E-04     0.159125E-04
  0.103557E-04     0.157473E-04     0.108094E-04     0.109606E-04     0.979159E-05
  0.219359E-04     0.118111E-04     0.114281E-04     0.113730E-04     0.176875E-04
  0.172791E-04     0.126354E-04     0.152014E-04     0.192578E-04     0.186386E-04
  0.116285E-04     0.108630E-04     0.135898E-04     0.162673E-04     0.130208E-04
  0.171956E-04     0.231343E-04     0.221893E-04     0.174197E-04     0.129366E-04
  0.219710E-04     0.194671E-04     0.192836E-04     0.145660E-04     0.178474E-04
  0.157283E-04     0.140783E-04     0.123556E-04     0.108559E-04     0.144670E-04
  0.133746E-04     0.145807E-04     0.169982E-04     0.125228E-04     0.180227E-04
  0.150430E-04     0.136135E-04     0.111717E-04     0.198084E-04     0.154817E-04
  0.150323E-04     0.130856E-04     0.180219E-04     0.178110E-04     0.114519E-04
  0.108287E-04     0.121169E-04     0.141664E-04     0.128016E-04     0.138631E-04
  0.198142E-04     0.254922E-04     0.141300E-04     0.129038E-04     0.123224E-04
  0.120960E-04     0.167241E-04     0.156469E-04     0.135351E-04     0.134217E-04
  0.168223E-04     0.183789E-04     0.140977E-04     0.160402E-04     0.206591E-04
  0.164392E-04     0.122915E-04     0.101502E-04     0.125025E-04     0.209307E-04
  0.209360E-04     0.126542E-04     0.201037E-04     0.139033E-04     0.123428E-04
  0.235212E-04     0.125606E-04     0.149226E-04     0.175812E-04     0.193489E-04
  0.158449E-04     0.168207E-04     0.154021E-04     0.151346E-04     0.161356E-04
  0.195916E-04     0.331788E-04     0.163161E-04     0.184942E-04     0.264270E-04
  0.218070E-04     0.176727E-04     0.176720E-04     0.165377E-04     0.149389E-04
  0.167769E-04     0.148769E-04     0.140319E-04     0.139670E-04     0.183465E-04
  0.106885E-04     0.295084E-04     0.230956E-04     0.224584E-04     0.241835E-04
  0.154420E-04     0.170569E-04     0.174007E-04     0.137689E-04     0.252283E-04
  0.144078E-04     0.158371E-04     0.128434E-04     0.203630E-04     0.236195E-04
  0.179491E-04     0.169777E-04     0.194423E-04     0.195471E-04     0.270990E-04
  0.208334E-04     0.151736E-04     0.170548E-04     0.257325E-04     0.243980E-04
  0.235621E-04     0.245433E-04     0.187718E-04     0.218114E-04     0.174996E-04
  0.182149E-04     0.244942E-04     0.225972E-04     0.179053E-04     0.208874E-04
  0.235227E-04     0.246619E-04     0.261082E-04     0.272282E-04     0.232056E-04
  0.199478E-04     0.246378E-04     0.199193E-04     0.233412E-04     0.230626E-04
  0.276178E-04     0.304249E-04     0.180904E-04     0.144402E-04     0.157144E-04
  0.265957E-04     0.214816E-04     0.177804E-04     0.210506E-04     0.218199E-04
  0.217502E-04     0.203963E-04     0.202674E-04     0.224986E-04     0.260631E-04
  0.189505E-04     0.232388E-04     0.158657E-04     0.179135E-04     0.246661E-04
  0.240100E-04     0.214210E-04     0.189678E-04     0.225438E-04     0.247882E-04
  0.220727E-04     0.201084E-04     0.190882E-04     0.162497E-04     0.212551E-04
  0.185372E-04     0.198681E-04     0.290708E-04     0.186289E-04     0.173960E-04
  0.177098E-04     0.187811E-04     0.182241E-04     0.170591E-04     0.169359E-04
  0.226361E-04     0.233627E-04     0.221840E-04     0.189827E-04     0.234628E-04
  0.257996E-04     0.248906E-04     0.177527E-04     0.231974E-04     0.233296E-04
  0.252003E-04     0.168632E-04     0.252632E-04     0.273348E-04     0.218914E-04
  0.268914E-04     0.290029E-04     0.274557E-04     0.282746E-04     0.178119E-04
  0.166036E-04     0.227349E-04     0.212387E-04     0.198952E-04     0.211903E-04
  0.232752E-04     0.384386E-04     0.165358E-04     0.257756E-04     0.220880E-04
  0.212271E-04     0.228998E-04     0.237731E-04     0.223341E-04     0.242024E-04
  0.226523E-04     0.264463E-04     0.252279E-04     0.229437E-04     0.201158E-04
  0.283577E-04     0.265649E-04     0.329563E-04     0.328342E-04     0.249214E-04
  0.269851E-04     0.247445E-04     0.260788E-04     0.208985E-04     0.257278E-04
  0.308194E-04     0.338158E-04     0.223062E-04     0.308995E-04     0.284288E-04
  0.317956E-04     0.310191E-04     0.171950E-04     0.383932E-04     0.275899E-04
  0.236463E-04     0.268493E-04     0.223990E-04     0.320026E-04     0.257255E-04
  0.169740E-04     0.334485E-04     0.284029E-04     0.278763E-04     0.211348E-04
  0.311877E-04     0.273066E-04     0.237862E-04     0.224589E-04     0.233820E-04
  0.207679E-04     0.248361E-04     0.219721E-04     0.335166E-04     0.320822E-04
  0.261062E-04     0.356197E-04     0.240229E-04     0.248282E-04     0.222615E-04
  0.244074E-04     0.164224E-04     0.291093E-04     0.337213E-04     0.254084E-04
  0.276393E-04     0.238301E-04     0.214085E-04     0.394170E-04     0.196675E-04
  0.255590E-04     0.199713E-04     0.225071E-04     0.162729E-04     0.238232E-04
  0.252740E-04     0.270227E-04     0.313485E-04     0.259217E-04     0.265293E-04
  0.264518E-04     0.240902E-04     0.402652E-04     0.398619E-04     0.157823E-04
  0.156378E-04     0.203896E-04     0.164929E-04     0.121435E-04     0.184276E-04
  0.181957E-04     0.242606E-04     0.183883E-04     0.182884E-04     0.197921E-04
  0.201673E-04     0.185431E-04     0.203665E-04     0.211818E-04     0.192334E-04
  0.180360E-04     0.209622E-04     0.204840E-04     0.176263E-04     0.190265E-04
  0.235742E-04     0.180560E-04     0.210977E-04     0.193934E-04     0.236853E-04
  0.208532E-04     0.192542E-04     0.197694E-04     0.211945E-04     0.236300E-04
  0.234319E-04     0.267204E-04     0.191369E-04     0.195812E-04     0.159793E-04
  0.264892E-04     0.170960E-04     0.240765E-04     0.180025E-04     0.281071E-04
  0.262795E-04     0.266780E-04     0.213448E-04     0.136060E-04     0.350839E-04
  0.187270E-04     0.207082E-04     0.232689E-04     0.171704E-04     0.164910E-04
  0.246025E-04     0.212140E-04     0.252796E-04     0.256545E-04     0.158937E-04
  0.238592E-04     0.217872E-04     0.146428E-04     0.249891E-04     0.238814E-04
  0.167633E-04     0.305319E-04     0.161923E-04     0.153850E-04     0.217042E-04
  0.124121E-04     0.188990E-04     0.178962E-04     0.200585E-04     0.205030E-04
  0.167975E-04     0.171878E-04     0.203625E-04     0.195100E-04     0.172663E-04
  0.196621E-04     0.196470E-04     0.169195E-04     0.175512E-04     0.239798E-04
  0.234412E-04     0.190953E-04     0.177769E-04     0.216943E-04     0.212154E-04
  0.239939E-04     0.203499E-04     0.189693E-04     0.183851E-04     0.220113E-04
  0.170701E-04     0.187650E-04     0.208424E-04     0.183304E-04     0.162652E-04
  0.200448E-04     0.149220E-04     0.167779E-04     0.193793E-04     0.203919E-04
  0.165938E-04     0.174086E-04     0.199553E-04     0.201939E-04     0.193245E-04
  0.182323E-04     0.187602E-04     0.230167E-04     0.211562E-04     0.299672E-04
  0.203432E-04     0.246689E-04     0.250208E-04     0.174512E-04     0.211098E-04
  0.189765E-04     0.186703E-04     0.199248E-04     0.208085E-04     0.202196E-04
  0.202263E-04     0.200603E-04     0.192949E-04     0.164759E-04     0.181123E-04
  0.191579E-04     0.204399E-04     0.178326E-04     0.198485E-04     0.221224E-04
  0.209921E-04     0.198375E-04     0.191640E-04     0.211678E-04     0.162565E-04
  0.213998E-04     0.211361E-04     0.190256E-04     0.194273E-04     0.230647E-04
  0.207295E-04     0.205986E-04     0.215958E-04     0.191482E-04     0.278979E-04
  0.188668E-04     0.200744E-04     0.190174E-04     0.225613E-04     0.188764E-04
  0.200936E-04     0.176844E-04     0.212077E-04     0.196568E-04     0.197110E-04
  0.206269E-04     0.205054E-04     0.206695E-04     0.191008E-04     0.202742E-04
  0.187440E-04     0.182072E-04     0.202900E-04     0.189694E-04     0.176291E-04
  0.193787E-04     0.201229E-04     0.208795E-04     0.233093E-04     0.191427E-04
  0.245289E-04     0.219105E-04     0.217840E-04     0.185944E-04     0.267528E-04
  0.266364E-04     0.192308E-04     0.205426E-04     0.228428E-04     0.224724E-04
  0.225013E-04     0.208262E-04     0.231664E-04     0.211296E-04     0.241906E-04
  0.213246E-04     0.230913E-04     0.257356E-04     0.210351E-04     0.253864E-04
  0.307508E-04     0.191538E-04     0.233481E-04     0.244097E-04     0.233078E-04
  0.274783E-04     0.208132E-04     0.215998E-04     0.246545E-04     0.241836E-04
  0.242832E-04     0.218749E-04     0.229323E-04     0.234330E-04     0.224237E-04
  0.280587E-04     0.251796E-04     0.252920E-04     0.198681E-04     0.242641E-04
  0.234560E-04     0.224886E-04     0.209788E-04     0.226124E-04     0.221602E-04
  0.237968E-04     0.214863E-04     0.246117E-04     0.211688E-04     0.237724E-04
  0.246885E-04     0.238195E-04     0.228522E-04     0.207367E-04     0.242084E-04
  0.237931E-04     0.217446E-04     0.245650E-04     0.263407E-04     0.221430E-04
  0.230675E-04     0.273171E-04     0.239773E-04     0.271078E-04     0.261721E-04
  0.242005E-04     0.285825E-04     0.228987E-04     0.245175E-04     0.240798E-04
  0.276490E-04     0.227449E-04     0.231949E-04     0.251692E-04     0.209369E-04
  0.217856E-04     0.246378E-04     0.228981E-04     0.257334E-04     0.242935E-04
  0.279663E-04     0.269612E-04     0.251998E-04     0.221314E-04     0.260508E-04
  0.237110E-04     0.191688E-04     0.264720E-04     0.269870E-04     0.227708E-04
  0.269230E-04     0.226830E-04     0.255802E-04     0.297182E-04     0.317169E-04
  0.259108E-04     0.330485E-04     0.273907E-04     0.258489E-04     0.307651E-04
  0.320251E-04     0.275219E-04     0.306049E-04     0.301279E-04     0.309913E-04
  0.299311E-04     0.256179E-04     0.234486E-04     0.299791E-04     0.269402E-04
  0.255156E-04     0.270705E-04     0.324224E-04     0.284170E-04     0.294601E-04
  0.281389E-04     0.251495E-04     0.234033E-04     0.269964E-04     0.309275E-04
  0.304218E-04     0.278098E-04     0.305409E-04     0.277721E-04     0.295641E-04
  0.269769E-04     0.291331E-04     0.316281E-04     0.295372E-04     0.328178E-04
  0.290144E-04     0.274025E-04     0.324582E-04     0.246506E-04     0.305324E-04
  0.276405E-04     0.293606E-04     0.272398E-04     0.280577E-04     0.252048E-04
  0.252358E-04     0.308001E-04     0.311081E-04     0.257202E-04     0.243493E-04
  0.260766E-04     0.261625E-04     0.283246E-04     0.295069E-04     0.270895E-04
  0.249730E-04     0.296655E-04     0.284565E-04     0.272227E-04     0.237413E-04
  0.248512E-04     0.314653E-04     0.314105E-04     0.273683E-04     0.248263E-04
  0.279467E-04     0.269152E-04     0.260086E-04     0.355019E-04     0.274964E-04
  0.270309E-04     0.212186E-04     0.311113E-04     0.248962E-04     0.268527E-04
  0.274238E-04     0.305756E-04     0.268210E-04     0.327318E-04     0.305898E-04
  0.374518E-04     0.210956E-04     0.438974E-04     0.270821E-04     0.223357E-04
  0.243073E-04     0.261433E-04     0.247370E-04     0.272438E-04     0.384591E-04
  0.334945E-04     0.327405E-04     0.331379E-04     0.233942E-04     0.243330E-04
  0.238905E-04     0.334494E-04     0.293698E-04     0.224008E-04     0.377900E-04
  0.224352E-04     0.351872E-04     0.338398E-04     0.311481E-04     0.384040E-04
  0.258456E-04     0.254521E-04     0.311791E-04     0.310211E-04     0.305376E-04
  0.420849E-04     0.246134E-04     0.315165E-04     0.280973E-04     0.425510E-04
  0.255190E-04     0.316756E-04     0.411364E-04     0.311668E-04     0.318205E-04
  0.418602E-04     0.421320E-04     0.268212E-04     0.428295E-04     0.346854E-04
  0.358219E-04     0.452465E-04     0.412001E-04     0.408124E-04     0.333181E-04
  0.281903E-04     0.465220E-04     0.363083E-04     0.347664E-04     0.321541E-04
  0.417830E-04     0.310810E-04     0.344940E-04     0.274470E-04     0.300042E-04
  0.261541E-04     0.400421E-04     0.393483E-04     0.312753E-04     0.305178E-04
  0.483447E-04     0.472382E-04     0.279058E-04     0.332123E-04     0.427781E-04
  0.322436E-04     0.386047E-04     0.426998E-04     0.382676E-04     0.391988E-04
  0.419042E-04     0.334133E-04     0.391483E-04     0.355987E-04     0.333628E-04
  0.340607E-04     0.316193E-04     0.432869E-04     0.310686E-04     0.408873E-04
  0.299746E-04     0.251960E-04     0.416193E-04     0.434160E-04     0.435851E-04
  0.372101E-04     0.310721E-04     0.278302E-04     0.683582E-04     0.275518E-04
  0.280308E-04     0.254239E-04     0.237758E-04     0.329190E-04     0.255179E-04
  0.188855E-04     0.390703E-04     0.309952E-04     0.502167E-04     0.258179E-04
  0.304655E-04     0.379717E-04     0.612350E-04     0.331058E-04     0.357224E-04
  0.485876E-04     0.481438E-04     0.237689E-04     0.272108E-04     0.306489E-04
  0.372052E-04     0.221057E-04     0.360340E-04     0.236448E-04     0.299467E-04
  0.243252E-04     0.280271E-04     0.185995E-04     0.360667E-04     0.359972E-04
  0.201769E-04     0.255452E-04     0.262301E-04     0.408186E-04     0.370616E-04
  0.300407E-04     0.348108E-04     0.176480E-04     0.407141E-04     0.470490E-04
  0.343760E-04     0.367503E-04     0.315864E-04     0.247079E-04     0.251974E-04
  0.136019E-03     0.771466E-04     0.982293E-04     0.993614E-04     0.202043E-03
  0.158132E-03     0.222382E-03     0.152679E-03     0.191316E-03     0.374896E-03
  0.168526E-03     0.353034E-03     0.538774E-03     0.534196E-03     0.578086E-03
  0.664400E-03     0.868072E-03     0.572351E-03     0.683993E-03     0.106408E-02
  0.164793E-02     0.752798E-03     0.196910E-02     0.910445E-03     0.146710E-02
  0.196311E-02     0.138762E-02     0.160111E-02     0.258775E-02     0.222527E-02
  0.245049E-02     0.257087E-02     0.373156E-02     0.237208E-02     0.426581E-02
  0.181217E-02     0.402216E-02     0.250124E-02     0.390030E-02     0.398174E-02
  0.599610E-02     0.440732E-02     0.299314E-02     0.346140E-02     0.666753E-02
  0.482097E-02     0.524974E-02     0.460690E-02     0.107430E-01     0.682049E-02
  0.703412E-02     0.864189E-02     0.727913E-02     0.128440E-01     0.923203E-02
  0.820491E-02     0.119749E-01     0.125410E-01
 eigen energies, in eV 
    -44.355980       -44.310457       -44.302957       -44.299867       -43.889009
    -28.276018       -28.219611       -28.029265       -28.004140       -27.988080
    -27.968485       -27.883270       -27.879227       -27.870494       -27.858894
    -27.830221       -27.812794       -27.812447       -27.794426       -27.767475
    -27.688976       -27.657713       -27.645565       -27.636585       -27.584212
    -27.548478       -27.539271       -27.512793       -27.490703       -27.487723
    -27.483267       -27.481084       -27.476309       -27.413342       -27.409759
    -27.405154       -27.367237       -27.357772       -27.309500       -27.307309
    -27.276636       -27.271060       -27.266012       -27.240205       -27.196616
    -27.170510       -27.163725       -27.089249       -27.086433       -27.060216
    -27.042920       -27.035741       -27.033849       -27.023698       -26.961176
    -26.954015       -26.936340       -26.926029       -26.903386       -26.841009
    -26.840667       -26.794139       -26.783737       -26.721795       -26.691978
    -26.655083       -26.651883       -26.594004       -26.586568       -26.575083
    -26.497117       -26.451358       -26.406981       -26.370905       -26.346785
    -26.286001       -26.204704       -26.199024       -26.187260       -26.184449
    -26.183365       -26.124589       -26.115437       -26.098262       -26.093687
    -26.092260       -26.063709       -26.015714       -26.000169       -25.979076
    -25.950615       -25.941965       -25.925417       -25.904823       -25.895701
    -25.886108       -25.885763       -25.838065       -25.808194       -25.790043
    -25.779610       -25.745202       -25.732265       -25.720899       -25.719968
    -25.708071       -25.707267       -25.691824       -25.688601       -25.671407
    -25.653533       -25.647364       -25.614066       -25.569636       -25.540611
    -25.482680       -25.477618       -25.476705       -25.456944       -25.453070
    -25.445927       -25.427331       -25.422931       -25.409122       -25.385712
    -25.374836       -25.362077       -25.352882       -25.321421       -25.281721
    -25.263245       -25.216719       -25.208654       -25.189843       -25.131133
    -23.933721       -23.709855       -23.626481       -23.511370       -23.500760
    -23.484662       -23.449248       -23.431111       -23.405537       -23.393799
    -23.384393       -23.382041       -23.365296       -23.333715       -23.293329
    -23.258387       -23.223047       -23.200655       -23.191630       -23.129341
    -23.118008       -23.104863       -23.053718       -23.001268       -23.000490
    -22.978173       -22.967876       -22.955360       -22.908309       -22.893455
    -22.874898       -22.817761       -22.816816       -22.614877       -22.381839
    -21.735234       -21.715975       -21.426705       -21.360769       -21.294843
    -21.242398       -21.204171       -21.197241       -21.174422       -21.151437
    -21.104368       -21.075165       -21.071652       -21.041566       -21.026014
    -20.958843       -20.879687       -20.781456       -20.768130       -20.560267
    -18.480562       -18.376125       -18.319937       -18.188437       -18.071787
    -16.360083       -16.283457       -16.158666       -16.123893       -16.104015
    -16.100443       -16.074842       -16.009925       -15.879371       -15.871084
    -15.827400       -15.826849       -15.781527       -15.668385       -15.491770
    -15.039331       -15.034752       -15.007015       -14.966664       -14.830490
    -14.804949       -14.783693       -14.716680       -14.707564       -14.699278
    -14.691610       -14.664768       -14.615453       -14.606292       -14.599850
    -14.569058       -14.546045       -14.535001       -14.508804       -14.456477
    -14.423197       -14.384607       -14.338219       -14.196513       -14.160189
    -13.680210       -13.635642       -13.633200       -13.624269       -13.595537
    -13.562690       -13.541423       -13.494013       -13.461015       -13.449317
    -13.442939       -13.420000       -13.417095       -13.404969       -13.393278
    -13.389544       -13.376765       -13.358488       -13.346130       -13.340975
    -13.330090       -13.287657       -13.240582       -13.210159       -13.203830
    -13.188611       -13.177956       -13.166230       -13.092951       -12.804074
    -12.128606       -12.091169       -12.061252       -12.019785       -12.005059
    -12.002277       -11.975368       -11.962792       -11.913539       -11.886573
    -11.848719       -11.831123       -11.766190       -11.753110       -11.671584
    -11.667776       -11.575429       -11.511867       -11.499237       -11.494477
    -11.485461       -11.440576       -11.400919       -11.384699       -11.352040
    -11.330869       -11.259858       -11.222938       -11.219450       -11.138359
    -11.131459       -11.087070       -11.052830       -11.025251       -11.016794
    -10.983162       -10.957669       -10.907902       -10.846397       -10.811041
    -10.729113       -10.679395       -10.620848       -10.573983       -10.569807
    -10.555177       -10.497213       -10.484021       -10.470051       -10.464733
    -10.448588       -10.440732       -10.371491       -10.362702       -10.351811
    -10.327452       -10.313316       -10.313034       -10.311011       -10.285438
    -10.279015       -10.270155       -10.258071       -10.257756       -10.251465
    -10.229722       -10.224147       -10.214795       -10.204054       -10.181735
    -10.171560       -10.164776       -10.154597       -10.138530       -10.126759
    -10.103054       -10.073636       -10.062447       -10.051101       -10.041384
    -10.027028       -10.005430        -9.973393        -9.955132        -9.939012
     -9.927416        -9.923101        -9.919177        -9.910794        -9.894365
     -9.887967        -9.879153        -9.872462        -9.858846        -9.840430
     -9.824812        -9.810625        -9.790809        -9.785597        -9.779779
     -9.759606        -9.722841        -9.701703        -9.690909        -9.676333
     -9.673034        -9.668524        -9.653202        -9.646625        -9.642357
     -9.627638        -9.586115        -9.581130        -9.570987        -9.567413
     -9.557524        -9.552969        -9.534910        -9.523806        -9.514728
     -9.510837        -9.500631        -9.487733        -9.483514        -9.455399
     -9.427532        -9.414743        -9.376222        -9.362924        -9.360509
     -9.343867        -9.339447        -9.333353        -9.309296        -9.298417
     -9.288997        -9.272280        -9.264473        -9.234833        -9.206974
     -9.204482        -9.192919        -9.183885        -9.180421        -9.167381
     -9.148151        -9.108417        -9.101229        -9.090057        -9.082936
     -9.071313        -9.062453        -9.053644        -9.037810        -9.028564
     -9.020855        -9.018512        -9.008037        -8.981265        -8.966649
     -8.962865        -8.957111        -8.940282        -8.920461        -8.911407
     -8.896104        -8.892874        -8.872884        -8.868452        -8.839125
     -8.834524        -8.824499        -8.815041        -8.802222        -8.769298
     -8.760563        -8.747309        -8.743840        -8.730752        -8.727219
     -8.721574        -8.697719        -8.686532        -8.679989        -8.672788
     -8.650992        -8.638682        -8.614381        -8.605767        -8.584034
     -8.575629        -8.558890        -8.553058        -8.540164        -8.481822
     -8.465793        -8.456918        -8.412100        -8.393086        -8.385974
     -8.376171        -8.357343        -8.344231        -8.332803        -8.328221
     -8.300937        -8.284426        -8.282726        -8.275985        -8.249171
     -8.231205        -8.216086        -8.206819        -8.199170        -8.188744
     -8.136057        -8.101443        -8.085376        -8.055818        -8.041268
     -8.008810        -7.982305        -7.944944        -7.912351        -7.889618
     -7.885965        -7.854403        -7.836883        -7.821959        -7.811421
     -7.798715        -7.784782        -7.770393        -7.750873        -7.720723
     -7.711835        -7.699587        -7.683603        -7.646044        -7.620198
     -7.558942        -7.556089        -7.553193        -7.503775        -7.479557
     -7.469231        -7.444401        -7.428662        -7.425505        -7.406808
     -7.341549        -7.332247        -7.327270        -7.296209        -7.286074
     -7.270837        -7.264025        -7.233115        -7.230237        -7.143763
     -7.134392        -7.116443        -7.103897        -7.085976        -7.075236
     -7.067111        -7.037856        -7.010056        -6.995620        -6.979592
     -6.970716        -6.969524        -6.945809        -6.934605        -6.932270
     -6.904480        -6.871809        -6.835749        -6.831433        -6.823148
     -6.787263        -6.779187        -6.744484        -6.729560        -6.718081
     -6.710998        -6.696317        -6.691403        -6.681785        -6.662082
     -6.645447        -6.633344        -6.626116        -6.595016        -6.587412
     -6.562232        -6.553990        -6.549259        -6.536278        -6.524488
     -6.508183        -6.481509        -6.472232        -6.467475        -6.441694
     -6.439124        -6.413726        -6.398883        -6.393399        -6.387637
     -6.362609        -6.350752        -6.346322        -6.334298        -6.327872
     -6.310708        -6.295272        -6.288301        -6.287560        -6.279255
     -6.266052        -6.259001        -6.248926        -6.236029        -6.229929
     -6.222630        -6.218101        -6.210192        -6.200104        -6.189929
     -6.183506        -6.178624        -6.163957        -6.149244        -6.145833
     -6.138915        -6.129054        -6.106566        -6.095857        -6.091223
     -6.087602        -6.084924        -6.078574        -6.061243        -6.053517
     -6.046746        -6.040771        -6.033361        -6.024801        -6.021566
     -6.009545        -5.998424        -5.995199        -5.987857        -5.985593
     -5.970114        -5.964154        -5.952970        -5.949727        -5.943374
     -5.933857        -5.917611        -5.912141        -5.907318        -5.891794
     -5.887150        -5.880936        -5.872242        -5.860463        -5.847854
     -5.838725        -5.828691        -5.815847        -5.804664        -5.793627
     -5.788735        -5.782943        -5.777313        -5.773946        -5.767714
     -5.762673        -5.759955        -5.754938        -5.752697        -5.743959
     -5.736010        -5.732057        -5.711949        -5.700962        -5.694978
     -5.685679        -5.682979        -5.670450        -5.664397        -5.654835
     -5.646131        -5.641733        -5.628999        -5.614213        -5.613170
     -5.601622        -5.598944        -5.587031        -5.582818        -5.578319
     -5.570178        -5.568190        -5.559190        -5.554563        -5.545240
     -5.525380        -5.522800        -5.518389        -5.510102        -5.504138
     -5.496402        -5.490823        -5.488815        -5.486390        -5.482505
     -5.474846        -5.471067        -5.467293        -5.460357        -5.447417
     -5.437677        -5.433250        -5.429376        -5.426306        -5.414815
     -5.410681        -5.405164        -5.399776        -5.390102        -5.384500
     -5.382157        -5.377407        -5.371917        -5.364028        -5.355754
     -5.353483        -5.348600        -5.341781        -5.337804        -5.331584
     -5.327175        -5.322968        -5.313148        -5.310508        -5.304620
     -5.301924        -5.290884        -5.284218        -5.267224        -5.261536
     -5.252772        -5.249914        -5.240333        -5.235483        -5.227094
     -5.223619        -5.216668        -5.210663        -5.206570        -5.198950
     -5.196615        -5.184309        -5.180812        -5.172189        -5.170736
     -5.165871        -5.162566        -5.152674        -5.147799        -5.132384
     -5.126150        -5.122895        -5.119187        -5.114588        -5.106227
     -5.091744        -5.089549        -5.083783        -5.079697        -5.073105
     -5.070751        -5.062341        -5.058219        -5.052121        -5.045498
     -5.043330        -5.037232        -5.034523        -5.025029        -5.021615
     -5.019134        -5.015237        -5.009726        -4.995721        -4.982340
     -4.979046        -4.973671        -4.967535        -4.965158        -4.962821
     -4.959043        -4.948101        -4.936366        -4.930345        -4.925701
     -4.923703        -4.918507        -4.913410        -4.899580        -4.895821
     -4.888523        -4.883465        -4.881266        -4.870375        -4.867426
     -4.863127        -4.857594        -4.852353        -4.848121        -4.844072
     -4.833173        -4.829935        -4.816110        -4.812083        -4.806309
     -4.805544        -4.797546        -4.789453        -4.778736        -4.769341
     -4.763059        -4.755279        -4.747097        -4.738504        -4.736571
     -4.721927        -4.718548        -4.713777        -4.711132        -4.697183
     -4.691332        -4.687244        -4.682991        -4.676223        -4.668680
     -4.664677        -4.657284        -4.651022        -4.645089        -4.631877
     -4.614827        -4.612858        -4.591632        -4.586460        -4.569190
     -4.561763        -4.545132        -4.540594        -4.531047        -4.511876
     -4.495112        -4.489988        -4.486393        -4.471247        -4.465949
     -4.455989        -4.429592        -4.421219        -4.398251        -4.382526
     -4.368281        -4.360517        -4.349335        -4.318806        -4.305552
     -4.300813        -4.287651        -4.275217        -4.252040        -4.232463
     -4.204999        -4.193997        -4.145351        -4.129033        -4.119941
     -4.108107        -4.069186        -4.034386        -4.020833        -3.995902
     -3.959643        -3.955958        -3.942500        -3.921568        -3.912573
     -3.886276        -3.879359        -3.864848        -3.835118        -3.821443
     -3.815237        -3.809619        -3.799557        -3.763926        -3.756600
     -3.752097        -3.732645        -3.728167        -3.717143        -3.701227
     -3.686642        -3.674080        -3.658467        -3.656079        -3.631936
     -3.624225        -3.607647        -3.606117        -3.594944        -3.570524
     -3.560784        -3.557286        -3.546380        -3.528854        -3.526453
     -3.519212        -3.513150        -3.498494        -3.470793        -3.457808
     -3.447370        -3.441603        -3.436432        -3.426919        -3.417949
     -3.407729        -3.398313        -3.388234        -3.382900        -3.378981
     -3.365920        -3.364524        -3.348825        -3.319927        -3.313240
     -3.307158        -3.292794        -3.268410        -3.263824        -3.249222
     -3.242591        -3.236095        -3.222250        -3.212925        -3.195450
     -3.182885        -3.179188        -3.142604        -3.090078        -3.059676
     -3.043185        -3.030651        -3.015347        -2.980301        -2.946911
     -2.851972        -2.849047        -2.823045        -2.807864        -2.781412
     -2.747691        -2.712274        -2.691903        -2.658070        -2.636844
     -2.626276        -2.620999        -2.601379        -2.599187        -2.578249
     -2.552222        -2.533183        -2.504675        -2.480425        -2.443573
     -2.401372        -2.310399        -2.300629        -2.287706        -2.275629
     -2.271315        -2.240733        -2.210515        -2.205546        -2.171738
     -2.149224        -2.097263        -2.031661        -1.984399        -1.801025
      2.778863         2.794747         2.895293         2.909899         2.999918
      3.036272         3.111289         3.165172         3.177002         3.257345
      3.269440         3.325503         3.363631         3.391482         3.423667
      3.484248         3.524505         3.556482         3.573453         3.626132
      3.656358         3.670560         3.698119         3.721687         3.756559
      3.772992         3.805722         3.818720         3.828203         3.863521
      3.897176         3.898782         3.902670         3.954018         3.957558
      3.976828         4.003494         4.021121         4.023820         4.035672
      4.055857         4.095739         4.118522         4.123714         4.129931
      4.156860         4.183430         4.204851         4.208995         4.264026
      4.272528         4.299619         4.323426         4.333355         4.388185
      4.416426         4.462125         4.513515
 *********************************
 total computation time (sec)=   1997.33495497704     
