 AEM_Eatom=  5.199899973846604E-002
 AEM_Egroup=  1.978190195729606E-003
 AEM_Etot=  2.064555349733493E-003
 AEM_F=  0.502186147915260     
