 AEM_Eatom=  5.679831096742264E-004
 AEM_Egroup=  9.689924242182355E-005
 AEM_Etot=  4.822838135680652E-004
 AEM_F=  0.500020454477805     
