 AEM_Eatom=  6.229058544272994E-003
 AEM_Egroup=  3.275009761220535E-004
 AEM_Etot=  9.818472855304165E-004
 AEM_F=  0.500187994480884     
