           4           1
 PRECISION  = SINGLE     
 JOB       = SCF
 IN.PSP1   = /home/sabs/shenjie/Pseudopotential/Li.nc.pbe.UPF
 IN.PSP2   = /home/sabs/shenjie/Pseudopotential/C.nc.pbe.UPF
 IN.PSP3   = /home/sabs/shenjie/Pseudopotential/O.nc.pbe.UPF
 IN.PSP4   = /home/sabs/shenjie/Pseudopotential/N.nc.pbe.UPF
 IN.PSP5   = /home/sabs/shenjie/Pseudopotential/S.nc.pbe.UPF
 IN.PSP6   = /home/sabs/shenjie/Pseudopotential/F.nc.pbe.UPF
 IN.PSP7   = /home/sabs/shenjie/Pseudopotential/H.nc.pbe.UPF
 IN.PSP8   = /home/sabs/shenjie/Pseudopotential/P.nc.pbe.UPF
 IN.ATOM   = atom.config         
 CONVERGENCE  = EASY
 ACCURACY  = NORM
 VFF_DETAIL =   1   500  0.50000000E-02     30.00000     4.00000     0.00000     1.00000  
 EGG_DETAIL =            3           3           3
 SPIN      =   1
 CONSTRAINT_MAG =           0
 RANDOM_SEED=           0
 QIJ_DETAIL =   0  1
 SCF_MIX = CHARGE
 PWSCF_OUTPUT     =  F
 Ecut      =    60.0000000000000     
 Ecut2     =    120.000000000000     
 Ecut2L    =    120.000000000000     
 EcutP    =    60.0000000000000     
 N123      =   120   120   120
 NS123     =    40    40    40
 N123L     =   120   120   120
 STRESS_CORR =   0.100000E+01  0.000000E+00  0.200000E+01  0.000000E+00
 XCFUNCTIONAL = LDA
 HSE_DETAIL    =      1.00000000    1     0.00000000    6 1 1
 RELAX_HSE    =    20   0.50000E-01     2
 VDW       = NONE
 LONDON_S6      =   0.000000000000000E+000
 LONDON_C6(1)      =   -1.00000000000000     
 LONDON_C6(2)      =   -1.00000000000000     
 LONDON_C6(3)      =   -1.00000000000000     
 LONDON_C6(4)      =   -1.00000000000000     
 LONDON_C6(5)      =   -1.00000000000000     
 LONDON_C6(6)      =   -1.00000000000000     
 LONDON_C6(7)      =   -1.00000000000000     
 LONDON_C6(8)      =   -1.00000000000000     
 LONDON_RCUT      =   0.000000000000000E+000
 DFTD3_S6        =   0.000000000000000E+000
 DFTD3_RS6        =   0.000000000000000E+000
 DFTD3_S18        =   0.000000000000000E+000
 DFTD3_RS18        =   0.000000000000000E+000
 DFTD3_ALPHA6        =   0.000000000000000E+000
 DFTD3_VERSION        =            0
 DFTD3_3BODY        =  F
 COULOMB   =    0
 IN.WG     =  F
 OUT.WG    =  F
 IN.RHO    =  F
 OUT.RHOATOM =  F
 OUT.RHO   =  F
 IN.VR     =  F
 OUT.VR    =  F
 OUT.ELF   =  F
 IN.VEXT   =  F
 OUT.VATOM   =  F
 OUT.FORCE =  T
 OUT.STRESS =  F
 IN.KPT    =  F
 IN.SYMM   =  F
 SYMM_PREC =    0.10000E-04
 MP_N123 =      1      1      1      0      0      0      0
 NUM_KPT =            1
 CHARGE_DECOMP = F
 ENERGY_DECOMP = F 
 IN.SOLVENT =  F
 NUM_ELECTRON =   1940.00000000000     
 FIX_FERMI =   F  0.000000E+00  0.000000E+00  0.000000E+00
 IN.NONSCF    =  F
 NUM_BAND  =  1028
 OUT.REAL.RHOWF_SP= 0
 WG_ERROR  =   1.000000000000000E-004
 E_ERROR   =   5.279008887880000E-003
 RHO_ERROR =   5.000000000000000E-005
 RHO_RELATIVE_ERROR      =   0.000000000000000E+000
 FORCE_RELATIVE_ERROR     =   0.000000000000000E+000
 MIN_SCF_ITER     =            1
 SYS_TYPE   =            1
 PULAY_MIX_OPT =     30  1  0       1.00000       0.00000
 PULAY_METRIC_Q0 =       -1.00000
 IN.OCC    =  F          -1
 IN.CC    =  F
 IN.OCC_ADIA    =  F
 SCF_ITER0_1 =    6   4    3    0.0000     0.02500    1
 SCF_ITER0_2 =   94   4    3    1.0000     0.02500    1
 SCF_ITER1_1 =   40   4    3    1.0000     0.02500    1
 NONLOCAL  =  2
 IN.A_FIELD =  F       0.00000       0.00000       0.00000
 RCUT      =    4.00000000000000     
 IN.PSP_RCUT1 =   4.00000000000000     
 IN.PSP_RCUT2 =   4.00000000000000     
 IN.PSP_RCUT3 =   4.00000000000000     
 IN.PSP_RCUT4 =   4.00000000000000     
 IN.PSP_RCUT5 =   4.00000000000000     
 IN.PSP_RCUT6 =   4.00000000000000     
 IN.PSP_RCUT7 =   4.00000000000000     
 IN.PSP_RCUT8 =   4.00000000000000     
 MD_VV_SCALE =    100
 LDAU_PSP1   =           -1  2.721138638331097E-009  2.721138638331097E-009  eV
 LDAU_PSP2   =           -1  2.721138638331097E-009  2.721138638331097E-009  eV
 LDAU_PSP3   =           -1  2.721138638331097E-009  2.721138638331097E-009  eV
 LDAU_PSP4   =           -1  2.721138638331097E-009  2.721138638331097E-009  eV
 LDAU_PSP5   =           -1  2.721138638331097E-009  2.721138638331097E-009  eV
 LDAU_PSP6   =           -1  2.721138638331097E-009  2.721138638331097E-009  eV
 LDAU_PSP7   =           -1  2.721138638331097E-009  2.721138638331097E-009  eV
 LDAU_PSP8   =           -1  2.721138638331097E-009  2.721138638331097E-009  eV
 NUM_BLOCKED_PSI=  F
 WF_STORE2DISK  =            0
 NUM_DOS_GRID =         4000
 NMAP_MAX =        50000
 KERK_AMIN =   0.300000000000000     
 KERK_AMIX =   0.400000000000000     
 KERK_AMIX_MAG =   0.800000000000000     
 KERK_BMIX =   0.500000000000000     
 LDAU_MIX =   0.700000000000000     
 PULAY_WEIGHT_SPIN =    1.00000000000000     
 PULAY_WEIGHT_NS =    1.00000000000000     
 OUT.MLMD    =  F
 NUM_MPI_PER_GPU =     1
 FLAG_CYLINDER =            0
 SET_OUT_FERMI_POS =  F           0
 E_FINITE =  F   0.00000E+00   0.00000E+00   0.00000E+00
 MLINE_EIGEN =      1
 
 ------------------------------------------------
 total number of K-point:           1
   0.00000     0.00000    0.00000     1.00000            
 ------------------------------------------------
 
 
 *********************************************
 *********** end of etot.input report ********
 minimum n1,n2,n3 from Ecut2
     118.970      119.148      119.089
 minimum n1L,n2L,n3L from Ecut2L
     118.970      119.148      119.089
 *********************************************
 
 
Weighted average num_of_PW for all kpoint=                       312673.000
 ************************************
 E_Hxc(eV)         49749.4606226131     
 E_ion(eV)        -219889.288797855     
 E_Coul(eV)        77993.2627798504     
 E_Hxc+E_ion(eV)  -170139.828175242     
 NONSCF     1          AVE_STATE_ERROR= 0.5919E+01
 NONSCF     2          AVE_STATE_ERROR= 0.1625E+01
 NONSCF     3          AVE_STATE_ERROR= 0.5001E+00
 NONSCF     4          AVE_STATE_ERROR= 0.9228E-01
 NONSCF     5          AVE_STATE_ERROR= 0.1560E-01
 NONSCF     6          AVE_STATE_ERROR= 0.3123E-02
 iter=   7   ave_lin=  4.0  iCGmth=   3
 Ef(eV)               = -.1464563E+01
 err of ug            = 0.1229E-02
 dv_ave, drho_tot     = 0.0000E+00 0.1240E+00
 E_tot(eV)            = -.13305507305089E+06    -.1331E+06
 -------------------------------------------
 iter=   8   ave_lin=  4.0  iCGmth=   3
 Ef(eV)               = 0.1637105E+00
 err of ug            = 0.1099E-01
 dv_ave, drho_tot     = 0.1737E-01 0.7150E-01
 E_tot(eV)            = -.13294591137505E+06    0.1092E+03
 -------------------------------------------
 iter=   9   ave_lin=  4.0  iCGmth=   3
 Ef(eV)               = -.1144788E+01
 err of ug            = 0.6776E-02
 dv_ave, drho_tot     = 0.1384E-01 0.3060E-01
 E_tot(eV)            = -.13291242418024E+06    0.3349E+02
 -------------------------------------------
 iter=  10   ave_lin=  4.0  iCGmth=   3
 Ef(eV)               = 0.6576913E+00
 err of ug            = 0.2041E-02
 dv_ave, drho_tot     = 0.6982E-02 0.1071E-01
 E_tot(eV)            = -.13290700971123E+06    0.5414E+01
 -------------------------------------------
 iter=  11   ave_lin=  4.0  iCGmth=   3
 Ef(eV)               = 0.6281519E+00
 err of ug            = 0.5534E-03
 dv_ave, drho_tot     = 0.3063E-02 0.5975E-02
 E_tot(eV)            = -.13290633973844E+06    0.6700E+00
 -------------------------------------------
 iter=  12   ave_lin=  4.0  iCGmth=   3
 Ef(eV)               = 0.5059202E+00
 err of ug            = 0.3056E-03
 dv_ave, drho_tot     = 0.3526E-02 0.3622E-02
 E_tot(eV)            = -.13290583084996E+06    0.5089E+00
 -------------------------------------------
 iter=  13   ave_lin=  4.0  iCGmth=   3
 Ef(eV)               = 0.3218713E+00
 err of ug            = 0.3514E-03
 dv_ave, drho_tot     = 0.4083E-02 0.2790E-02
 E_tot(eV)            = -.13290533921418E+06    0.4916E+00
 -------------------------------------------
 iter=  14   ave_lin=  4.0  iCGmth=   3
 Ef(eV)               = 0.3815003E+00
 err of ug            = 0.3233E-03
 dv_ave, drho_tot     = 0.5420E-02 0.2182E-02
 E_tot(eV)            = -.13290491154706E+06    0.4277E+00
 -------------------------------------------
 iter=  15   ave_lin=  4.0  iCGmth=   3
 Ef(eV)               = 0.6958797E+00
 err of ug            = 0.3389E-03
 dv_ave, drho_tot     = 0.6251E-02 0.1748E-02
 E_tot(eV)            = -.13290461242113E+06    0.2991E+00
 -------------------------------------------
 iter=  16   ave_lin=  4.0  iCGmth=   3
 Ef(eV)               = 0.9746194E+00
 err of ug            = 0.2513E-03
 dv_ave, drho_tot     = 0.3997E-02 0.1354E-02
 E_tot(eV)            = -.13290453750595E+06    0.7492E-01
 -------------------------------------------
 iter=  17   ave_lin=  4.0  iCGmth=   3
 Ef(eV)               = 0.1166442E+01
 err of ug            = 0.1975E-03
 dv_ave, drho_tot     = 0.3552E-02 0.1071E-02
 E_tot(eV)            = -.13290450796508E+06    0.2954E-01
 -------------------------------------------
 iter=  18   ave_lin=  4.0  iCGmth=   3
 Ef(eV)               = 0.1229446E+01
 err of ug            = 0.1315E-03
 dv_ave, drho_tot     = 0.2833E-02 0.8082E-03
 E_tot(eV)            = -.13290449225791E+06    0.1571E-01
 -------------------------------------------
 iter=  19   ave_lin=  4.0  iCGmth=   3
 Ef(eV)               = 0.1273681E+01
 err of ug            = 0.1153E-03
 dv_ave, drho_tot     = 0.2586E-02 0.6179E-03
 E_tot(eV)            = -.13290447453862E+06    0.1772E-01
 -------------------------------------------
 iter=  20   ave_lin=  4.0  iCGmth=   3
 Ef(eV)               = 0.1282185E+01
 err of ug            = 0.1018E-03
 dv_ave, drho_tot     = 0.2284E-02 0.4508E-03
 E_tot(eV)            = -.13290446198156E+06    0.1256E-01
 -------------------------------------------
 iter=  21   ave_lin=  4.0  iCGmth=   3
 Ef(eV)               = 0.1272857E+01
 err of ug            = 0.6540E-04
 dv_ave, drho_tot     = 0.9700E-03 0.3637E-03
 E_tot(eV)            = -.13290445569905E+06    0.6283E-02
 -------------------------------------------
 iter=  22   ave_lin=  4.0  iCGmth=   3
 Ef(eV)               = 0.1265383E+01
 err of ug            = 0.6043E-04
 dv_ave, drho_tot     = 0.9470E-03 0.2920E-03
 E_tot(eV)            = -.13290445061522E+06    0.5084E-02
 -------------------------------------------
 E_Fermi(eV)=   1.26538263531676     
 ---------------------------------------------------
 Ef(eV)               = 0.1265383E+01
 dvE, dvE(n)-dvE(n-1) = 0.8968E-06 -.4404E-07
 dv_ave, drho_tot     = 0.9470E-03 0.2920E-03
 err of ug            = 0.6043E-04
 ---------------------------------------------------
 ending_scf_reason = tol Etot_err  5.279008887880000E-003
 Ewald        = -.42321704935481E+05
 Alpha        = 0.15207970391171E+04
 E_extV       = 0.00000000000000E+00    0.0000E+00
 E_NSC        = -.21324120079775E+05    0.8035E+00
 E[-rho*V_Hxc]= -.12173058709742E+06    -.7984E+00
 E_Hxc        = 0.50951164458338E+05    0.8617E+00
 -TS          = -.24502976652522E-19    0.8322E-19
 E_tot(eV)    = -.13290445061522E+06    0.5084E-02
 E_tot(Ryd)   = -.97682970295990E+04    0.1868E-03
 ---------------------------------------------------
 ---------------------------------------------------
 occup for:      kpt=1,spin=1,m=(totN/2-2,totN/2+2)
   1.000    1.000    1.000    0.000    0.000
 eigen(eV) for:  kpt=1,spin=1,m=(totN/2-2,totN/2+2)
  -2.122   -2.091   -2.004    2.415    2.572
 ---------------------------------------------------
 ---------------------------------------------------
 E_Hart,E_xc,E_ion =0.79715896021944E+05  -.28764731563606E+05  -.22232635177056E+06
 E_Hxc+E_ion       =-.17137518731222E+06
 E_kin+E_nonloc    =0.79271644593363E+05
 E_rhoVext,E_IVext     =0.00000000000000E+00  0.00000000000000E+00
 E_psiV,E_dDrho =-.10059590479574E+06  0.00000000000000E+00
 ave(vtot):v0 =-.77046541628577E+01
 ave(V_ion_s(or p,d))=ave(V_Hatree)=0; ave(Vtot)=ave(V_xc)=v0
 ---------------------------------------------------
 *********************************
 Eigen energies are values after setting ave(Vtot)=0
 For Vtot=V_ion+V_Hartree+V_xc, and
 ave(V_ion+V_Hatree)=0, ave(V_xc).ne.0:  E=E+v0
 *********************************
iislda,kpt=   1,    1      0.000000     0.000000     0.000000             kpoint in xyz unit 
 err of each states, A.U
  0.348231E-04     0.175706E-03     0.419195E-04     0.364786E-03     0.583103E-04
  0.568012E-04     0.226211E-04     0.527499E-04     0.178841E-04     0.231600E-04
  0.182768E-04     0.427414E-04     0.155924E-04     0.173679E-04     0.165148E-04
  0.155269E-04     0.227245E-04     0.140175E-04     0.155261E-04     0.204794E-04
  0.577423E-04     0.186644E-04     0.364783E-04     0.261690E-04     0.138773E-04
  0.417272E-04     0.217276E-04     0.183967E-04     0.194978E-04     0.228981E-04
  0.188972E-04     0.201755E-04     0.198481E-04     0.538504E-04     0.346396E-04
  0.373215E-04     0.331853E-04     0.166339E-04     0.381953E-04     0.167122E-04
  0.173452E-04     0.396360E-04     0.177814E-04     0.220245E-04     0.125090E-04
  0.889135E-04     0.282612E-04     0.454701E-04     0.225956E-04     0.172885E-04
  0.154881E-04     0.219459E-04     0.231034E-04     0.318096E-04     0.434323E-04
  0.346389E-04     0.294552E-04     0.189153E-04     0.255726E-04     0.142812E-04
  0.149966E-04     0.163082E-04     0.160184E-04     0.165422E-04     0.171772E-04
  0.171043E-04     0.140050E-04     0.172955E-04     0.212006E-04     0.131996E-04
  0.286037E-04     0.208175E-04     0.180766E-04     0.459533E-04     0.157508E-04
  0.121540E-04     0.147362E-04     0.131499E-04     0.166717E-04     0.306121E-04
  0.339527E-04     0.122426E-04     0.124092E-04     0.162062E-04     0.123537E-04
  0.172515E-04     0.139714E-04     0.140303E-04     0.290641E-04     0.193537E-04
  0.323791E-04     0.249861E-04     0.165191E-04     0.113172E-04     0.435627E-04
  0.139504E-04     0.118274E-04     0.144828E-04     0.293954E-04     0.150094E-04
  0.673353E-04     0.479989E-04     0.159476E-04     0.109425E-04     0.156798E-04
  0.156059E-04     0.229325E-04     0.133447E-04     0.213914E-04     0.133198E-04
  0.111624E-04     0.410769E-04     0.522842E-04     0.171336E-04     0.126499E-04
  0.222428E-04     0.238378E-04     0.355346E-04     0.315937E-04     0.577032E-04
  0.139452E-04     0.176793E-04     0.193309E-04     0.138752E-04     0.119368E-04
  0.144238E-04     0.135461E-04     0.142953E-04     0.150805E-04     0.141670E-04
  0.139888E-04     0.150817E-04     0.340252E-04     0.135884E-04     0.153565E-04
  0.123963E-04     0.612300E-03     0.118277E-04     0.105720E-03     0.214963E-04
  0.185517E-04     0.196373E-04     0.170999E-04     0.126031E-04     0.145498E-04
  0.190346E-04     0.544322E-04     0.363013E-04     0.499735E-04     0.611440E-04
  0.123787E-04     0.601516E-04     0.347936E-04     0.143568E-04     0.665576E-04
  0.119524E-04     0.328462E-04     0.798752E-04     0.393200E-04     0.125136E-04
  0.628568E-04     0.126612E-04     0.154190E-04     0.221832E-04     0.133348E-04
  0.152105E-04     0.298353E-04     0.121839E-04     0.227850E-04     0.297507E-04
  0.273775E-04     0.169267E-04     0.420800E-04     0.111629E-04     0.122587E-04
  0.137398E-04     0.105625E-04     0.104984E-03     0.156195E-03     0.365101E-04
  0.106579E-04     0.291818E-04     0.453006E-04     0.991720E-05     0.171932E-04
  0.103920E-04     0.150085E-04     0.117180E-04     0.976883E-05     0.568892E-04
  0.215945E-04     0.138358E-04     0.494945E-04     0.219408E-04     0.112630E-04
  0.246714E-04     0.175687E-04     0.273597E-04     0.137563E-04     0.158896E-04
  0.222133E-04     0.139287E-04     0.168846E-04     0.150414E-04     0.169155E-04
  0.169715E-04     0.146177E-04     0.155858E-04     0.180570E-04     0.160273E-04
  0.211696E-04     0.216391E-04     0.211212E-04     0.182498E-04     0.141743E-04
  0.165747E-04     0.158749E-04     0.147419E-04     0.228183E-04     0.222423E-04
  0.139729E-04     0.133040E-04     0.177233E-04     0.182939E-04     0.191037E-04
  0.170392E-04     0.290047E-04     0.205555E-04     0.182073E-04     0.129033E-04
  0.131173E-04     0.188979E-04     0.180648E-04     0.139936E-04     0.159171E-04
  0.150615E-04     0.195359E-04     0.185539E-04     0.195478E-04     0.203556E-04
  0.168339E-04     0.157741E-04     0.155096E-04     0.152636E-04     0.164040E-04
  0.184102E-04     0.166942E-04     0.197161E-04     0.129098E-04     0.187414E-04
  0.134550E-04     0.137423E-04     0.212134E-04     0.170501E-04     0.206166E-04
  0.185551E-04     0.216708E-04     0.168411E-04     0.202609E-04     0.147501E-04
  0.144551E-04     0.191421E-04     0.211898E-04     0.189323E-04     0.181306E-04
  0.152088E-04     0.245782E-04     0.168332E-04     0.194984E-04     0.160826E-04
  0.179754E-04     0.263332E-04     0.184249E-04     0.179185E-04     0.201728E-04
  0.224476E-04     0.213593E-04     0.228861E-04     0.196328E-04     0.217777E-04
  0.191473E-04     0.187405E-04     0.167312E-04     0.176398E-04     0.216310E-04
  0.183960E-04     0.210470E-04     0.163284E-04     0.225929E-04     0.298129E-04
  0.208641E-04     0.228008E-04     0.191051E-04     0.238402E-04     0.271125E-04
  0.152676E-04     0.257269E-04     0.254947E-04     0.184621E-04     0.187552E-04
  0.143457E-04     0.158147E-04     0.169177E-04     0.175198E-04     0.183197E-04
  0.181200E-04     0.156370E-04     0.193587E-04     0.155221E-04     0.442415E-04
  0.158097E-04     0.258441E-04     0.198561E-04     0.229563E-04     0.164381E-04
  0.319420E-04     0.298706E-04     0.300046E-04     0.241386E-04     0.235304E-04
  0.270066E-04     0.369456E-04     0.253893E-04     0.290907E-04     0.202418E-04
  0.257764E-04     0.267587E-04     0.234935E-04     0.228775E-04     0.297950E-04
  0.268164E-04     0.218356E-04     0.316652E-04     0.314170E-04     0.290663E-04
  0.323897E-04     0.280548E-04     0.247628E-04     0.199491E-04     0.294867E-04
  0.236520E-04     0.222492E-04     0.330930E-04     0.227772E-04     0.245991E-04
  0.288178E-04     0.271793E-04     0.258604E-04     0.231487E-04     0.251805E-04
  0.266029E-04     0.336198E-04     0.360282E-04     0.297078E-04     0.265165E-04
  0.286863E-04     0.286344E-04     0.296423E-04     0.265602E-04     0.253067E-04
  0.277728E-04     0.220583E-04     0.220828E-04     0.287599E-04     0.206263E-04
  0.197363E-04     0.243178E-04     0.268600E-04     0.228301E-04     0.276917E-04
  0.242593E-04     0.252243E-04     0.288386E-04     0.196305E-04     0.393308E-04
  0.307903E-04     0.291821E-04     0.293099E-04     0.287515E-04     0.407815E-04
  0.382987E-04     0.241069E-04     0.251077E-04     0.209561E-04     0.312610E-04
  0.243110E-04     0.282114E-04     0.273439E-04     0.251012E-04     0.268081E-04
  0.317186E-04     0.224496E-04     0.203466E-04     0.286782E-04     0.264741E-04
  0.237335E-04     0.281796E-04     0.298258E-04     0.253071E-04     0.343959E-04
  0.239546E-04     0.381621E-04     0.590783E-04     0.234275E-04     0.235451E-04
  0.254270E-04     0.231237E-04     0.304581E-04     0.265740E-04     0.258310E-04
  0.349131E-04     0.327199E-04     0.312844E-04     0.371019E-04     0.411249E-04
  0.285221E-04     0.316892E-04     0.266578E-04     0.316936E-04     0.280688E-04
  0.295685E-04     0.273133E-04     0.366261E-04     0.472421E-04     0.342110E-04
  0.325783E-04     0.254864E-04     0.412710E-04     0.258083E-04     0.296913E-04
  0.278389E-04     0.412454E-04     0.295413E-04     0.379707E-04     0.294648E-04
  0.297171E-04     0.318466E-04     0.261648E-04     0.204443E-04     0.417709E-04
  0.207663E-04     0.353775E-04     0.328444E-04     0.325969E-04     0.290325E-04
  0.397735E-04     0.402642E-04     0.407636E-04     0.374468E-04     0.299704E-04
  0.362815E-04     0.339439E-04     0.356700E-04     0.221875E-04     0.572639E-04
  0.231867E-04     0.202317E-04     0.391498E-04     0.283088E-04     0.582331E-04
  0.317736E-04     0.381320E-04     0.305767E-04     0.296927E-04     0.231141E-04
  0.274431E-04     0.226211E-04     0.320175E-04     0.347285E-04     0.346194E-04
  0.290297E-04     0.313163E-04     0.242339E-04     0.239343E-04     0.385387E-04
  0.365291E-04     0.183331E-04     0.189667E-04     0.277829E-04     0.303558E-04
  0.302562E-04     0.208393E-04     0.216697E-04     0.436948E-04     0.257780E-04
  0.426237E-04     0.223334E-04     0.198873E-04     0.210638E-04     0.285737E-04
  0.188305E-04     0.353107E-04     0.426203E-04     0.368989E-04     0.364721E-04
  0.218081E-04     0.221638E-04     0.234291E-04     0.236292E-04     0.220005E-04
  0.236059E-04     0.189878E-04     0.244746E-04     0.223928E-04     0.227945E-04
  0.210492E-04     0.308141E-04     0.294812E-04     0.272579E-04     0.302673E-04
  0.327536E-04     0.253901E-04     0.267260E-04     0.268386E-04     0.216092E-04
  0.244327E-04     0.185951E-04     0.285656E-04     0.208318E-04     0.248234E-04
  0.206909E-04     0.267034E-04     0.237881E-04     0.267318E-04     0.192147E-04
  0.207332E-04     0.315619E-04     0.225816E-04     0.178768E-04     0.230630E-04
  0.289885E-04     0.253053E-04     0.255904E-04     0.184545E-04     0.224452E-04
  0.217428E-04     0.196723E-04     0.316060E-04     0.298560E-04     0.339756E-04
  0.200119E-04     0.356156E-04     0.366221E-04     0.206924E-04     0.233050E-04
  0.215440E-04     0.216527E-04     0.236317E-04     0.187572E-04     0.213161E-04
  0.213378E-04     0.214175E-04     0.260534E-04     0.209228E-04     0.221568E-04
  0.225692E-04     0.275024E-04     0.278771E-04     0.366392E-04     0.332979E-04
  0.275997E-04     0.206587E-04     0.237067E-04     0.254941E-04     0.348368E-04
  0.266101E-04     0.237892E-04     0.241083E-04     0.246072E-04     0.276001E-04
  0.273522E-04     0.238281E-04     0.202521E-04     0.249144E-04     0.249044E-04
  0.242054E-04     0.218591E-04     0.264297E-04     0.264300E-04     0.297810E-04
  0.267356E-04     0.321339E-04     0.222983E-04     0.212872E-04     0.256905E-04
  0.257828E-04     0.256178E-04     0.309361E-04     0.301270E-04     0.223517E-04
  0.320706E-04     0.322349E-04     0.258605E-04     0.273512E-04     0.269979E-04
  0.304776E-04     0.361272E-04     0.241857E-04     0.258756E-04     0.290796E-04
  0.290485E-04     0.307642E-04     0.257868E-04     0.257063E-04     0.186486E-04
  0.244684E-04     0.263271E-04     0.306741E-04     0.223152E-04     0.247265E-04
  0.239626E-04     0.286267E-04     0.250648E-04     0.237033E-04     0.249839E-04
  0.252774E-04     0.226335E-04     0.319338E-04     0.305997E-04     0.254072E-04
  0.227610E-04     0.227804E-04     0.229019E-04     0.221632E-04     0.237444E-04
  0.325973E-04     0.302690E-04     0.261256E-04     0.290828E-04     0.265613E-04
  0.254374E-04     0.241746E-04     0.263091E-04     0.241240E-04     0.216702E-04
  0.231329E-04     0.250583E-04     0.262143E-04     0.236045E-04     0.328418E-04
  0.255398E-04     0.263004E-04     0.310673E-04     0.275711E-04     0.273892E-04
  0.261016E-04     0.399796E-04     0.240790E-04     0.198883E-04     0.296300E-04
  0.249057E-04     0.291743E-04     0.283411E-04     0.304367E-04     0.324409E-04
  0.323686E-04     0.280452E-04     0.271172E-04     0.301358E-04     0.249714E-04
  0.298107E-04     0.303412E-04     0.229110E-04     0.255285E-04     0.287965E-04
  0.309927E-04     0.249914E-04     0.257927E-04     0.341485E-04     0.273533E-04
  0.308656E-04     0.269944E-04     0.323969E-04     0.269341E-04     0.290038E-04
  0.315556E-04     0.288032E-04     0.294636E-04     0.278322E-04     0.309508E-04
  0.272234E-04     0.298645E-04     0.370998E-04     0.323242E-04     0.333213E-04
  0.331357E-04     0.306139E-04     0.327738E-04     0.308363E-04     0.310340E-04
  0.292706E-04     0.269608E-04     0.317330E-04     0.365505E-04     0.283357E-04
  0.304069E-04     0.365238E-04     0.335354E-04     0.319702E-04     0.295080E-04
  0.234390E-04     0.309763E-04     0.315550E-04     0.304493E-04     0.331175E-04
  0.328026E-04     0.275425E-04     0.330516E-04     0.261496E-04     0.369367E-04
  0.300069E-04     0.327503E-04     0.325129E-04     0.307657E-04     0.319794E-04
  0.300422E-04     0.309231E-04     0.394821E-04     0.282988E-04     0.270627E-04
  0.382076E-04     0.290077E-04     0.296475E-04     0.367225E-04     0.289885E-04
  0.318785E-04     0.291978E-04     0.333099E-04     0.349931E-04     0.255630E-04
  0.369582E-04     0.315788E-04     0.345989E-04     0.317975E-04     0.316561E-04
  0.331102E-04     0.323103E-04     0.315577E-04     0.307000E-04     0.300883E-04
  0.329751E-04     0.318656E-04     0.326271E-04     0.279899E-04     0.326242E-04
  0.299914E-04     0.301489E-04     0.315732E-04     0.339638E-04     0.342604E-04
  0.324287E-04     0.311267E-04     0.343719E-04     0.307461E-04     0.336892E-04
  0.342941E-04     0.371722E-04     0.326881E-04     0.324084E-04     0.275452E-04
  0.319814E-04     0.315692E-04     0.302134E-04     0.292335E-04     0.302700E-04
  0.324387E-04     0.278544E-04     0.294334E-04     0.292193E-04     0.298132E-04
  0.331405E-04     0.320850E-04     0.344241E-04     0.328365E-04     0.321051E-04
  0.324957E-04     0.302852E-04     0.332762E-04     0.357633E-04     0.311546E-04
  0.296297E-04     0.304835E-04     0.304701E-04     0.307852E-04     0.323539E-04
  0.306130E-04     0.327977E-04     0.307698E-04     0.348219E-04     0.316663E-04
  0.343284E-04     0.311774E-04     0.367023E-04     0.357994E-04     0.396637E-04
  0.339608E-04     0.350789E-04     0.362343E-04     0.354355E-04     0.372757E-04
  0.348814E-04     0.362440E-04     0.406830E-04     0.315211E-04     0.362261E-04
  0.327748E-04     0.347256E-04     0.297599E-04     0.321678E-04     0.322232E-04
  0.362575E-04     0.321090E-04     0.312383E-04     0.321110E-04     0.312270E-04
  0.295650E-04     0.333995E-04     0.432869E-04     0.402653E-04     0.342641E-04
  0.324305E-04     0.315657E-04     0.263383E-04     0.298713E-04     0.312277E-04
  0.395810E-04     0.377451E-04     0.365712E-04     0.441244E-04     0.381048E-04
  0.379391E-04     0.322116E-04     0.395471E-04     0.399373E-04     0.385891E-04
  0.419351E-04     0.398837E-04     0.389236E-04     0.396853E-04     0.411764E-04
  0.444987E-04     0.343463E-04     0.408093E-04     0.390793E-04     0.455066E-04
  0.406582E-04     0.437995E-04     0.443493E-04     0.415263E-04     0.321853E-04
  0.469060E-04     0.365625E-04     0.303229E-04     0.525441E-04     0.428242E-04
  0.496166E-04     0.425293E-04     0.360692E-04     0.325270E-04     0.342276E-04
  0.291145E-04     0.412687E-04     0.283515E-04     0.493521E-04     0.459448E-04
  0.458248E-04     0.471307E-04     0.381626E-04     0.355442E-04     0.347038E-04
  0.556911E-04     0.276224E-04     0.318975E-04     0.410995E-04     0.376734E-04
  0.275804E-04     0.422480E-04     0.503884E-04     0.625337E-04     0.388096E-04
  0.444903E-04     0.567461E-04     0.977452E-04     0.299347E-04     0.560470E-04
  0.379238E-04     0.300835E-04     0.419883E-04     0.376470E-04     0.513859E-04
  0.367084E-04     0.446160E-04     0.531307E-04     0.371494E-04     0.562841E-04
  0.374753E-04     0.337393E-04     0.331730E-04     0.468242E-04     0.334837E-04
  0.329437E-04     0.364630E-04     0.596584E-04     0.448230E-04     0.547408E-04
  0.386743E-04     0.382726E-04     0.406556E-04     0.317956E-04     0.320326E-04
  0.337909E-04     0.262700E-04     0.284962E-04     0.264607E-04     0.385953E-04
  0.611821E-04     0.429038E-04     0.535791E-04     0.307789E-04     0.473106E-04
  0.684558E-04     0.365942E-04     0.495389E-04     0.686045E-04     0.602249E-04
  0.601013E-04     0.501404E-04     0.347345E-04     0.408530E-04     0.465339E-04
  0.219556E-04     0.379410E-04     0.337390E-04     0.295487E-04     0.425635E-04
  0.277397E-04     0.310466E-04     0.468515E-04     0.612850E-04     0.403547E-04
  0.399728E-04     0.318834E-04     0.387419E-04     0.518026E-04     0.372951E-04
  0.613230E-04     0.297624E-04     0.360743E-04     0.314607E-04     0.315111E-04
  0.260803E-04     0.307846E-04     0.352098E-04     0.432610E-04     0.768102E-04
  0.536229E-04     0.625610E-04     0.466148E-04     0.347256E-04     0.517013E-04
  0.229035E-04     0.271978E-04     0.490036E-04     0.403840E-04     0.736412E-04
  0.411661E-04     0.441976E-04     0.492331E-04     0.219792E-04     0.269550E-04
  0.126980E-03     0.105531E-03     0.103582E-03     0.115534E-03     0.116177E-03
  0.101740E-03     0.103831E-03     0.111883E-03     0.107658E-03     0.127330E-03
  0.139202E-03     0.188677E-03     0.246637E-03     0.317269E-03     0.789051E-03
  0.401384E-03     0.809850E-03     0.755713E-03     0.861264E-03     0.666678E-03
  0.117128E-02     0.116429E-02     0.100536E-02     0.196645E-02     0.109757E-02
  0.103848E-02     0.156316E-02     0.177488E-02     0.295499E-02     0.286174E-02
  0.163870E-02     0.397742E-02     0.257694E-02     0.375443E-02     0.287385E-02
  0.287777E-02     0.356657E-02     0.424762E-02     0.276864E-02     0.522888E-02
  0.368660E-02     0.395463E-02     0.390494E-02     0.544675E-02     0.808710E-02
  0.587051E-02     0.617574E-02     0.668535E-02     0.681089E-02     0.105091E-01
  0.100829E-01     0.891348E-02     0.565912E-02     0.752099E-02     0.134126E-01
  0.116105E-01     0.929157E-02     0.950999E-02
 eigen energies, in eV 
    -44.435633       -44.253937       -44.236917       -44.112235       -43.997021
    -28.470230       -28.437463       -28.388118       -28.328281       -28.248280
    -28.220953       -28.194659       -28.190357       -28.113711       -28.024715
    -27.983417       -27.973597       -27.904554       -27.881330       -27.875985
    -27.839370       -27.818080       -27.813159       -27.800900       -27.763881
    -27.717958       -27.709982       -27.706380       -27.694917       -27.683051
    -27.661851       -27.617811       -27.599393       -27.596215       -27.595394
    -27.579913       -27.539394       -27.462106       -27.400829       -27.398028
    -27.332990       -27.325678       -27.318681       -27.274497       -27.215700
    -27.184442       -27.170911       -27.153936       -27.139259       -27.132883
    -27.129058       -27.123231       -27.098863       -27.079768       -27.048729
    -26.998446       -26.991736       -26.952214       -26.838427       -26.827568
    -26.782881       -26.667551       -26.663981       -26.647184       -26.645847
    -26.636279       -26.610032       -26.501015       -26.497189       -26.490936
    -26.453286       -26.348308       -26.333224       -26.328262       -26.327417
    -26.249749       -26.246492       -26.245215       -26.224771       -26.093739
    -26.056846       -26.052844       -26.044374       -26.022763       -26.021528
    -26.018240       -25.989898       -25.985502       -25.973698       -25.968797
    -25.957148       -25.942467       -25.939296       -25.895916       -25.875164
    -25.795127       -25.790554       -25.786119       -25.772713       -25.712448
    -25.710020       -25.698214       -25.695041       -25.693475       -25.660184
    -25.653344       -25.646700       -25.640449       -25.619472       -25.597291
    -25.589260       -25.582815       -25.582785       -25.577799       -25.525989
    -25.508749       -25.498081       -25.485419       -25.451274       -25.428424
    -25.400462       -25.374721       -25.360037       -25.353062       -25.328976
    -25.310932       -25.303899       -25.279302       -25.277859       -25.275992
    -25.050909       -25.007395       -24.998237       -24.917706       -24.414974
    -23.940031       -23.820424       -23.747416       -23.711120       -23.705151
    -23.612041       -23.610414       -23.539405       -23.495117       -23.486673
    -23.482054       -23.476766       -23.469225       -23.428618       -23.394426
    -23.319373       -23.316916       -23.287907       -23.212964       -23.194497
    -23.110937       -23.108084       -23.098697       -23.075987       -23.075337
    -23.068858       -23.001262       -22.928464       -22.907549       -22.739626
    -22.705129       -22.597705       -22.582779       -22.477814       -22.157886
    -21.762736       -21.656660       -21.651358       -21.637555       -21.591196
    -21.552039       -21.419152       -21.414701       -21.394146       -21.282985
    -21.275966       -21.153829       -21.118726       -21.063500       -21.026979
    -21.025202       -21.007656       -20.960208       -20.829345       -20.641037
    -18.887593       -18.576349       -18.508380       -18.491501       -18.309342
    -15.980995       -15.971376       -15.932535       -15.883605       -15.874464
    -15.831074       -15.810388       -15.771024       -15.760795       -15.743989
    -15.712105       -15.649483       -15.404249       -15.363212       -15.345546
    -15.084816       -15.027273       -14.974752       -14.929139       -14.867336
    -14.863013       -14.762205       -14.756946       -14.697188       -14.656585
    -14.625980       -14.617102       -14.570616       -14.554706       -14.532845
    -14.513452       -14.493816       -14.467595       -14.405308       -14.393981
    -14.322294       -14.276194       -14.234048       -14.108289       -13.999301
    -13.894637       -13.705591       -13.643360       -13.592009       -13.552646
    -13.546176       -13.499418       -13.441822       -13.430675       -13.428369
    -13.411119       -13.405275       -13.351107       -13.346224       -13.323344
    -13.320247       -13.314656       -13.267889       -13.260127       -13.247474
    -13.237680       -13.189412       -13.180554       -13.142813       -13.104769
    -13.040632       -13.031637       -12.951252       -12.880417       -12.729943
    -12.208005       -12.185826       -12.139148       -12.132763       -12.127492
    -12.116040       -12.052623       -12.027382       -11.950830       -11.916718
    -11.874101       -11.837395       -11.825647       -11.824074       -11.722313
    -11.690210       -11.664640       -11.628681       -11.601909       -11.524923
    -11.508490       -11.484966       -11.369834       -11.362850       -11.342127
    -11.301298       -11.257050       -11.252480       -11.242775       -11.216660
    -11.199508       -11.185155       -11.161725       -11.095884       -11.045988
    -11.041892       -11.008963       -11.000539       -10.986133       -10.860467
    -10.824252       -10.750796       -10.724277       -10.648016       -10.572176
    -10.538927       -10.527054       -10.506316       -10.496003       -10.463958
    -10.447488       -10.436939       -10.435087       -10.416805       -10.380279
    -10.368718       -10.331189       -10.313042       -10.302518       -10.299103
    -10.290752       -10.277371       -10.268830       -10.268649       -10.258962
    -10.203226       -10.190915       -10.182773       -10.176073       -10.172564
    -10.154235       -10.146228       -10.138805       -10.132241       -10.094789
    -10.093596       -10.091872       -10.083624       -10.071177       -10.069871
    -10.051562       -10.048708       -10.018092       -10.013337        -9.976038
     -9.945604        -9.944268        -9.938485        -9.935992        -9.924589
     -9.923298        -9.899371        -9.895096        -9.882973        -9.870073
     -9.864348        -9.854967        -9.843571        -9.830568        -9.819517
     -9.794444        -9.781832        -9.778071        -9.773540        -9.766065
     -9.753094        -9.749534        -9.741012        -9.712947        -9.679434
     -9.663779        -9.651048        -9.646220        -9.636054        -9.630172
     -9.619834        -9.601438        -9.590217        -9.581598        -9.543901
     -9.534080        -9.525317        -9.519370        -9.506913        -9.499334
     -9.483569        -9.475156        -9.466025        -9.456375        -9.446117
     -9.433219        -9.423711        -9.418245        -9.411200        -9.400063
     -9.395500        -9.375549        -9.354999        -9.339507        -9.332110
     -9.313738        -9.304520        -9.287740        -9.283925        -9.266741
     -9.257893        -9.226514        -9.218817        -9.191899        -9.148769
     -9.138653        -9.130362        -9.119850        -9.110186        -9.098016
     -9.096551        -9.087851        -9.077377        -9.058656        -9.042686
     -9.040183        -9.027836        -9.000852        -8.998246        -8.989377
     -8.988787        -8.976638        -8.974120        -8.943533        -8.927535
     -8.910455        -8.891368        -8.884882        -8.864281        -8.845286
     -8.827388        -8.818210        -8.814608        -8.804819        -8.802571
     -8.776911        -8.771919        -8.752305        -8.749504        -8.728478
     -8.707726        -8.688182        -8.683408        -8.638169        -8.621014
     -8.613009        -8.595713        -8.564039        -8.557045        -8.542430
     -8.526856        -8.516548        -8.508181        -8.488730        -8.485009
     -8.473006        -8.468267        -8.425497        -8.406510        -8.398408
     -8.390874        -8.380784        -8.356540        -8.332808        -8.318316
     -8.296976        -8.258178        -8.242223        -8.236115        -8.210196
     -8.184207        -8.182307        -8.112076        -8.072075        -8.058369
     -8.024221        -7.983223        -7.976723        -7.967344        -7.939656
     -7.910580        -7.882453        -7.877941        -7.875630        -7.856105
     -7.838327        -7.833975        -7.826867        -7.764643        -7.759516
     -7.755167        -7.746045        -7.695750        -7.656883        -7.646388
     -7.639612        -7.604585        -7.596392        -7.541314        -7.533053
     -7.506578        -7.472583        -7.448930        -7.436069        -7.434067
     -7.423431        -7.414511        -7.395476        -7.368897        -7.354429
     -7.330113        -7.288868        -7.248920        -7.242512        -7.238368
     -7.235034        -7.221378        -7.204518        -7.199175        -7.129471
     -7.116013        -7.099150        -7.080589        -7.042623        -7.014230
     -7.009485        -6.977345        -6.956766        -6.946117        -6.937310
     -6.923685        -6.888506        -6.881331        -6.874773        -6.846921
     -6.808962        -6.799299        -6.746327        -6.741627        -6.735626
     -6.719617        -6.708378        -6.690926        -6.650133        -6.623305
     -6.617340        -6.599429        -6.577261        -6.569248        -6.565222
     -6.549942        -6.529715        -6.510618        -6.497294        -6.494712
     -6.491438        -6.474534        -6.464489        -6.452284        -6.448259
     -6.442688        -6.435627        -6.413719        -6.397069        -6.389325
     -6.378417        -6.374156        -6.358330        -6.351630        -6.333623
     -6.327366        -6.316939        -6.304178        -6.288187        -6.277210
     -6.266323        -6.254228        -6.244383        -6.238503        -6.227460
     -6.220852        -6.219090        -6.200034        -6.195306        -6.190643
     -6.187160        -6.180064        -6.168446        -6.159864        -6.159098
     -6.151753        -6.137270        -6.134500        -6.122840        -6.109634
     -6.078952        -6.074614        -6.062013        -6.059088        -6.053697
     -6.040491        -6.035678        -6.029366        -6.018017        -6.000034
     -5.997281        -5.987953        -5.981111        -5.977911        -5.972465
     -5.970152        -5.943266        -5.934248        -5.925513        -5.909476
     -5.894027        -5.883397        -5.876682        -5.867521        -5.864232
     -5.858622        -5.844016        -5.838160        -5.828366        -5.820402
     -5.811356        -5.807676        -5.801202        -5.794249        -5.783569
     -5.777183        -5.769392        -5.767633        -5.759744        -5.750518
     -5.747465        -5.738897        -5.732897        -5.721066        -5.712849
     -5.701396        -5.700348        -5.695111        -5.684328        -5.682686
     -5.667929        -5.666378        -5.660255        -5.654146        -5.644218
     -5.640053        -5.633765        -5.627172        -5.623967        -5.619203
     -5.617735        -5.615296        -5.601980        -5.592267        -5.589648
     -5.587512        -5.576112        -5.572795        -5.561041        -5.558046
     -5.556000        -5.547243        -5.527381        -5.510935        -5.506661
     -5.492606        -5.490221        -5.488312        -5.481194        -5.472342
     -5.460940        -5.454217        -5.448739        -5.447416        -5.439904
     -5.428002        -5.424679        -5.416825        -5.412122        -5.407967
     -5.404301        -5.395666        -5.386247        -5.383742        -5.374282
     -5.367252        -5.361240        -5.356709        -5.344398        -5.342815
     -5.339050        -5.331941        -5.327865        -5.322869        -5.318513
     -5.310628        -5.300199        -5.290631        -5.288504        -5.283249
     -5.278394        -5.272424        -5.269497        -5.262244        -5.257778
     -5.255552        -5.244891        -5.239520        -5.230557        -5.222355
     -5.220334        -5.208506        -5.203392        -5.201308        -5.182522
     -5.175985        -5.162453        -5.156976        -5.152024        -5.146462
     -5.139020        -5.136154        -5.134353        -5.131879        -5.125766
     -5.118799        -5.117293        -5.110091        -5.105153        -5.099497
     -5.097593        -5.088931        -5.083906        -5.076136        -5.073839
     -5.070132        -5.062224        -5.053002        -5.047023        -5.040427
     -5.034699        -5.028489        -5.024317        -5.015857        -5.010313
     -5.005479        -5.000879        -4.996330        -4.989446        -4.983362
     -4.978403        -4.976275        -4.971620        -4.965518        -4.960252
     -4.941765        -4.939125        -4.931694        -4.926067        -4.921900
     -4.913203        -4.906592        -4.900050        -4.899102        -4.891728
     -4.888808        -4.881417        -4.874224        -4.869426        -4.866001
     -4.861750        -4.859018        -4.852952        -4.837515        -4.830375
     -4.825234        -4.816601        -4.809386        -4.793169        -4.789326
     -4.786474        -4.779000        -4.767150        -4.760103        -4.757141
     -4.747259        -4.746017        -4.737098        -4.724350        -4.716366
     -4.703264        -4.695520        -4.686951        -4.684464        -4.669943
     -4.667236        -4.659035        -4.644872        -4.636106        -4.632257
     -4.629391        -4.620625        -4.612967        -4.605481        -4.598456
     -4.593404        -4.581096        -4.578147        -4.573147        -4.546325
     -4.530951        -4.524351        -4.520472        -4.512336        -4.506764
     -4.487163        -4.480182        -4.458455        -4.452879        -4.428845
     -4.421649        -4.394667        -4.388451        -4.376066        -4.371525
     -4.357932        -4.355841        -4.349756        -4.337555        -4.320053
     -4.311833        -4.302810        -4.289689        -4.263356        -4.257317
     -4.248591        -4.225060        -4.210504        -4.176388        -4.169318
     -4.155487        -4.149696        -4.108620        -4.103167        -4.092654
     -4.075521        -4.054051        -4.029001        -3.996127        -3.990460
     -3.982220        -3.970594        -3.960276        -3.929880        -3.919889
     -3.909212        -3.898928        -3.883321        -3.860549        -3.856016
     -3.840617        -3.783727        -3.782923        -3.781418        -3.776683
     -3.764552        -3.749484        -3.744062        -3.727229        -3.722587
     -3.687546        -3.672203        -3.645752        -3.631469        -3.615936
     -3.604907        -3.595274        -3.581604        -3.573409        -3.562381
     -3.544748        -3.529849        -3.520430        -3.497511        -3.479642
     -3.474937        -3.459861        -3.443364        -3.434347        -3.425284
     -3.391658        -3.387799        -3.384403        -3.368246        -3.363905
     -3.353781        -3.341014        -3.334230        -3.329672        -3.310280
     -3.270070        -3.253198        -3.246972        -3.237643        -3.229432
     -3.186896        -3.180700        -3.162527        -3.147293        -3.139372
     -3.136283        -3.117602        -3.095867        -3.047144        -3.023121
     -2.983096        -2.970028        -2.960985        -2.941069        -2.872355
     -2.861774        -2.847457        -2.834842        -2.826946        -2.809839
     -2.803407        -2.780240        -2.718444        -2.713811        -2.709071
     -2.686019        -2.658184        -2.643612        -2.612885        -2.601837
     -2.571303        -2.556323        -2.535336        -2.522354        -2.506083
     -2.502104        -2.496382        -2.485266        -2.427782        -2.411947
     -2.359932        -2.289749        -2.245801        -2.234071        -2.217668
     -2.149734        -2.148579        -2.122001        -2.090963        -2.004252
      2.415182         2.571998         2.579229         2.741662         2.871226
      2.903907         2.908860         2.927362         2.930643         2.952566
      3.098088         3.151639         3.231418         3.259277         3.351027
      3.431260         3.475957         3.495480         3.522778         3.560548
      3.625578         3.635768         3.681761         3.714933         3.742427
      3.769586         3.795079         3.817648         3.824992         3.851423
      3.869350         3.876818         3.922630         3.944579         3.988655
      4.004456         4.010073         4.027334         4.064154         4.077438
      4.096028         4.122411         4.151309         4.165946         4.176475
      4.196668         4.231283         4.260956         4.276156         4.297625
      4.311897         4.350482         4.404432         4.422090         4.461989
      4.490704         4.508753         4.589446
 *********************************
 total computation time (sec)=   1911.51999402046     
