 AEM_Eatom=  2.682847450817434E-002
 AEM_Egroup=  1.775634112585606E-003
 AEM_Etot=  2.998408884189187E-003
 AEM_F=  0.595577582144630     
