 AEM_Eatom=  0.284008924045091     
 AEM_Egroup=  2.055636453008059E-002
 AEM_Etot=  8.684204219666080E-003
 AEM_F=   1.09214560738193     
