 AEM_Eatom=  9.472762753291365E-002
 AEM_Egroup=  1.461393888107660E-002
 AEM_Etot=  8.050025828116342E-003
 AEM_F=  0.601467143101379     
