 AEM_Eatom=  6.065285868087947E-002
 AEM_Egroup=  3.875784744060496E-003
 AEM_Etot=  3.235228987959911E-003
 AEM_F=  0.584232970722575     
