 AEM_Eatom=  1.559961563186369E-002
 AEM_Egroup=  9.972052432487531E-004
 AEM_Etot=  8.484978976707032E-004
 AEM_F=  0.501318244643467     
