 AEM_Eatom=  2.607321436127166E-002
 AEM_Egroup=  3.953509119280062E-003
 AEM_Etot=  1.206367700295051E-003
 AEM_F=  0.501492877679380     
