 AEM_Eatom=  2.010451233769520E-002
 AEM_Egroup=  1.043629545476466E-003
 AEM_Etot=  6.537100886095281E-004
 AEM_F=  0.501636119669851     
