 AEM_Eatom=  2.590362246611459E-002
 AEM_Egroup=  2.439633636416407E-003
 AEM_Etot=  2.104593805279896E-002
 AEM_F=  0.554368218005860     
