           4           1
 PRECISION  = SINGLE     
 JOB       = SCF
 IN.PSP1   = /home/sabs/shenjie/Pseudopotential/Li.nc.pbe.UPF
 IN.PSP2   = /home/sabs/shenjie/Pseudopotential/C.nc.pbe.UPF
 IN.PSP3   = /home/sabs/shenjie/Pseudopotential/O.nc.pbe.UPF
 IN.PSP4   = /home/sabs/shenjie/Pseudopotential/N.nc.pbe.UPF
 IN.PSP5   = /home/sabs/shenjie/Pseudopotential/S.nc.pbe.UPF
 IN.PSP6   = /home/sabs/shenjie/Pseudopotential/F.nc.pbe.UPF
 IN.PSP7   = /home/sabs/shenjie/Pseudopotential/H.nc.pbe.UPF
 IN.PSP8   = /home/sabs/shenjie/Pseudopotential/P.nc.pbe.UPF
 IN.ATOM   = atom.config         
 CONVERGENCE  = EASY
 ACCURACY  = NORM
 VFF_DETAIL =   1   500  0.50000000E-02     30.00000     4.00000     0.00000     1.00000  
 EGG_DETAIL =            3           3           3
 SPIN      =   1
 CONSTRAINT_MAG =           0
 RANDOM_SEED=           0
 QIJ_DETAIL =   0  1
 SCF_MIX = CHARGE
 PWSCF_OUTPUT     =  F
 Ecut      =    60.0000000000000     
 Ecut2     =    120.000000000000     
 Ecut2L    =    120.000000000000     
 EcutP    =    60.0000000000000     
 N123      =   120   120   120
 NS123     =    40    40    40
 N123L     =   120   120   120
 STRESS_CORR =   0.100000E+01  0.000000E+00  0.200000E+01  0.000000E+00
 XCFUNCTIONAL = LDA
 HSE_DETAIL    =      1.00000000    1     0.00000000    6 1 1
 RELAX_HSE    =    20   0.50000E-01     2
 VDW       = NONE
 LONDON_S6      =   0.000000000000000E+000
 LONDON_C6(1)      =   -1.00000000000000     
 LONDON_C6(2)      =   -1.00000000000000     
 LONDON_C6(3)      =   -1.00000000000000     
 LONDON_C6(4)      =   -1.00000000000000     
 LONDON_C6(5)      =   -1.00000000000000     
 LONDON_C6(6)      =   -1.00000000000000     
 LONDON_C6(7)      =   -1.00000000000000     
 LONDON_C6(8)      =   -1.00000000000000     
 LONDON_RCUT      =   0.000000000000000E+000
 DFTD3_S6        =   0.000000000000000E+000
 DFTD3_RS6        =   0.000000000000000E+000
 DFTD3_S18        =   0.000000000000000E+000
 DFTD3_RS18        =   0.000000000000000E+000
 DFTD3_ALPHA6        =   0.000000000000000E+000
 DFTD3_VERSION        =            0
 DFTD3_3BODY        =  F
 COULOMB   =    0
 IN.WG     =  F
 OUT.WG    =  F
 IN.RHO    =  F
 OUT.RHOATOM =  F
 OUT.RHO   =  F
 IN.VR     =  F
 OUT.VR    =  F
 OUT.ELF   =  F
 IN.VEXT   =  F
 OUT.VATOM   =  F
 OUT.FORCE =  T
 OUT.STRESS =  F
 IN.KPT    =  F
 IN.SYMM   =  F
 SYMM_PREC =    0.10000E-04
 MP_N123 =      1      1      1      0      0      0      0
 NUM_KPT =            1
 CHARGE_DECOMP = F
 ENERGY_DECOMP = F 
 IN.SOLVENT =  F
 NUM_ELECTRON =   1940.00000000000     
 FIX_FERMI =   F  0.000000E+00  0.000000E+00  0.000000E+00
 IN.NONSCF    =  F
 NUM_BAND  =  1028
 OUT.REAL.RHOWF_SP= 0
 WG_ERROR  =   1.000000000000000E-004
 E_ERROR   =   5.279008887880000E-003
 RHO_ERROR =   5.000000000000000E-005
 RHO_RELATIVE_ERROR      =   0.000000000000000E+000
 FORCE_RELATIVE_ERROR     =   0.000000000000000E+000
 MIN_SCF_ITER     =            1
 SYS_TYPE   =            1
 PULAY_MIX_OPT =     30  1  0       1.00000       0.00000
 PULAY_METRIC_Q0 =       -1.00000
 IN.OCC    =  F          -1
 IN.CC    =  F
 IN.OCC_ADIA    =  F
 SCF_ITER0_1 =    6   4    3    0.0000     0.02500    1
 SCF_ITER0_2 =   94   4    3    1.0000     0.02500    1
 SCF_ITER1_1 =   40   4    3    1.0000     0.02500    1
 NONLOCAL  =  2
 IN.A_FIELD =  F       0.00000       0.00000       0.00000
 RCUT      =    4.00000000000000     
 IN.PSP_RCUT1 =   4.00000000000000     
 IN.PSP_RCUT2 =   4.00000000000000     
 IN.PSP_RCUT3 =   4.00000000000000     
 IN.PSP_RCUT4 =   4.00000000000000     
 IN.PSP_RCUT5 =   4.00000000000000     
 IN.PSP_RCUT6 =   4.00000000000000     
 IN.PSP_RCUT7 =   4.00000000000000     
 IN.PSP_RCUT8 =   4.00000000000000     
 MD_VV_SCALE =    100
 LDAU_PSP1   =           -1  2.721138638331097E-009  2.721138638331097E-009  eV
 LDAU_PSP2   =           -1  2.721138638331097E-009  2.721138638331097E-009  eV
 LDAU_PSP3   =           -1  2.721138638331097E-009  2.721138638331097E-009  eV
 LDAU_PSP4   =           -1  2.721138638331097E-009  2.721138638331097E-009  eV
 LDAU_PSP5   =           -1  2.721138638331097E-009  2.721138638331097E-009  eV
 LDAU_PSP6   =           -1  2.721138638331097E-009  2.721138638331097E-009  eV
 LDAU_PSP7   =           -1  2.721138638331097E-009  2.721138638331097E-009  eV
 LDAU_PSP8   =           -1  2.721138638331097E-009  2.721138638331097E-009  eV
 NUM_BLOCKED_PSI=  F
 WF_STORE2DISK  =            0
 NUM_DOS_GRID =         4000
 NMAP_MAX =        50000
 KERK_AMIN =   0.300000000000000     
 KERK_AMIX =   0.400000000000000     
 KERK_AMIX_MAG =   0.800000000000000     
 KERK_BMIX =   0.500000000000000     
 LDAU_MIX =   0.700000000000000     
 PULAY_WEIGHT_SPIN =    1.00000000000000     
 PULAY_WEIGHT_NS =    1.00000000000000     
 OUT.MLMD    =  F
 NUM_MPI_PER_GPU =     1
 FLAG_CYLINDER =            0
 SET_OUT_FERMI_POS =  F           0
 E_FINITE =  F   0.00000E+00   0.00000E+00   0.00000E+00
 MLINE_EIGEN =      1
 
 ------------------------------------------------
 total number of K-point:           1
   0.00000     0.00000    0.00000     1.00000            
 ------------------------------------------------
 
 
 *********************************************
 *********** end of etot.input report ********
 minimum n1,n2,n3 from Ecut2
     118.970      119.148      119.089
 minimum n1L,n2L,n3L from Ecut2L
     118.970      119.148      119.089
 *********************************************
 
 
Weighted average num_of_PW for all kpoint=                       312673.000
 ************************************
 E_Hxc(eV)         50239.7174614780     
 E_ion(eV)        -221059.356186779     
 E_Coul(eV)        78508.8938079224     
 E_Hxc+E_ion(eV)  -170819.638725301     
 NONSCF     1          AVE_STATE_ERROR= 0.5919E+01
 NONSCF     2          AVE_STATE_ERROR= 0.1629E+01
 NONSCF     3          AVE_STATE_ERROR= 0.5032E+00
 NONSCF     4          AVE_STATE_ERROR= 0.9280E-01
 NONSCF     5          AVE_STATE_ERROR= 0.1554E-01
 NONSCF     6          AVE_STATE_ERROR= 0.3084E-02
 iter=   7   ave_lin=  4.0  iCGmth=   3
 Ef(eV)               = -.1753614E+01
 err of ug            = 0.1205E-02
 dv_ave, drho_tot     = 0.0000E+00 0.1244E+00
 E_tot(eV)            = -.13306168425437E+06    -.1331E+06
 -------------------------------------------
 iter=   8   ave_lin=  4.0  iCGmth=   3
 Ef(eV)               = -.1562971E+00
 err of ug            = 0.1080E-01
 dv_ave, drho_tot     = 0.1744E-01 0.7186E-01
 E_tot(eV)            = -.13295178210337E+06    0.1099E+03
 -------------------------------------------
 iter=   9   ave_lin=  4.0  iCGmth=   3
 Ef(eV)               = -.1045955E+01
 err of ug            = 0.6825E-02
 dv_ave, drho_tot     = 0.1408E-01 0.3044E-01
 E_tot(eV)            = -.13291728412817E+06    0.3450E+02
 -------------------------------------------
 iter=  10   ave_lin=  4.0  iCGmth=   3
 Ef(eV)               = -.9733843E+00
 err of ug            = 0.2082E-02
 dv_ave, drho_tot     = 0.6933E-02 0.1085E-01
 E_tot(eV)            = -.13291189470014E+06    0.5389E+01
 -------------------------------------------
 iter=  11   ave_lin=  4.0  iCGmth=   3
 Ef(eV)               = -.9753176E+00
 err of ug            = 0.5559E-03
 dv_ave, drho_tot     = 0.3151E-02 0.6023E-02
 E_tot(eV)            = -.13291119922423E+06    0.6955E+00
 -------------------------------------------
 iter=  12   ave_lin=  4.0  iCGmth=   3
 Ef(eV)               = 0.8055328E+00
 err of ug            = 0.3036E-03
 dv_ave, drho_tot     = 0.3566E-02 0.3731E-02
 E_tot(eV)            = -.13291067291012E+06    0.5263E+00
 -------------------------------------------
 iter=  13   ave_lin=  4.0  iCGmth=   3
 Ef(eV)               = 0.6871878E+00
 err of ug            = 0.3559E-03
 dv_ave, drho_tot     = 0.4242E-02 0.2890E-02
 E_tot(eV)            = -.13291014505364E+06    0.5279E+00
 -------------------------------------------
 iter=  14   ave_lin=  4.0  iCGmth=   3
 Ef(eV)               = 0.7561610E+00
 err of ug            = 0.3321E-03
 dv_ave, drho_tot     = 0.5765E-02 0.2291E-02
 E_tot(eV)            = -.13290967043613E+06    0.4746E+00
 -------------------------------------------
 iter=  15   ave_lin=  4.0  iCGmth=   3
 Ef(eV)               = 0.9232260E+00
 err of ug            = 0.3604E-03
 dv_ave, drho_tot     = 0.6592E-02 0.1834E-02
 E_tot(eV)            = -.13290932993059E+06    0.3405E+00
 -------------------------------------------
 iter=  16   ave_lin=  4.0  iCGmth=   3
 Ef(eV)               = 0.1055242E+01
 err of ug            = 0.2636E-03
 dv_ave, drho_tot     = 0.4353E-02 0.1398E-02
 E_tot(eV)            = -.13290925151924E+06    0.7841E-01
 -------------------------------------------
 iter=  17   ave_lin=  4.0  iCGmth=   3
 Ef(eV)               = 0.1241701E+01
 err of ug            = 0.2036E-03
 dv_ave, drho_tot     = 0.3783E-02 0.1086E-02
 E_tot(eV)            = -.13290922423651E+06    0.2728E-01
 -------------------------------------------
 iter=  18   ave_lin=  4.0  iCGmth=   3
 Ef(eV)               = 0.1379859E+01
 err of ug            = 0.1322E-03
 dv_ave, drho_tot     = 0.2964E-02 0.8049E-03
 E_tot(eV)            = -.13290920999970E+06    0.1424E-01
 -------------------------------------------
 iter=  19   ave_lin=  4.0  iCGmth=   3
 Ef(eV)               = 0.1518759E+01
 err of ug            = 0.1096E-03
 dv_ave, drho_tot     = 0.2543E-02 0.6144E-03
 E_tot(eV)            = -.13290919297653E+06    0.1702E-01
 -------------------------------------------
 iter=  20   ave_lin=  4.0  iCGmth=   3
 Ef(eV)               = 0.1659738E+01
 err of ug            = 0.9860E-04
 dv_ave, drho_tot     = 0.2371E-02 0.4624E-03
 E_tot(eV)            = -.13290917955539E+06    0.1342E-01
 -------------------------------------------
 iter=  21   ave_lin=  4.0  iCGmth=   3
 Ef(eV)               = 0.1722771E+01
 err of ug            = 0.6451E-04
 dv_ave, drho_tot     = 0.1021E-02 0.3814E-03
 E_tot(eV)            = -.13290917209090E+06    0.7464E-02
 -------------------------------------------
 iter=  22   ave_lin=  4.0  iCGmth=   3
 Ef(eV)               = 0.1743862E+01
 err of ug            = 0.6491E-04
 dv_ave, drho_tot     = 0.1083E-02 0.3095E-03
 E_tot(eV)            = -.13290916531289E+06    0.6778E-02
 -------------------------------------------
 iter=  23   ave_lin=  4.0  iCGmth=   3
 Ef(eV)               = 0.1756036E+01
 err of ug            = 0.5550E-04
 dv_ave, drho_tot     = 0.9127E-03 0.2473E-03
 E_tot(eV)            = -.13290916169969E+06    0.3613E-02
 -------------------------------------------
 E_Fermi(eV)=   1.75603559006255     
 ---------------------------------------------------
 Ef(eV)               = 0.1756036E+01
 dvE, dvE(n)-dvE(n-1) = 0.8330E-06 -.3396E-06
 dv_ave, drho_tot     = 0.9127E-03 0.2473E-03
 err of ug            = 0.5550E-04
 ---------------------------------------------------
 ending_scf_reason = tol Etot_err  5.279008887880000E-003
 Ewald        = -.41703673348959E+05
 Alpha        = 0.15207970391171E+04
 E_extV       = 0.00000000000000E+00    0.0000E+00
 E_NSC        = -.21406478008747E+05    0.7223E+00
 E[-rho*V_Hxc]= -.12278859694798E+06    -.7187E+00
 E_Hxc        = 0.51468789566878E+05    0.7344E+00
 -TS          = -.62817760238382E-14    -.6573E-15
 E_tot(eV)    = -.13290916169969E+06    0.3613E-02
 E_tot(Ryd)   = -.97686432879238E+04    0.1328E-03
 ---------------------------------------------------
 ---------------------------------------------------
 occup for:      kpt=1,spin=1,m=(totN/2-2,totN/2+2)
   1.000    1.000    1.000    0.000    0.000
 eigen(eV) for:  kpt=1,spin=1,m=(totN/2-2,totN/2+2)
  -1.952   -1.898   -1.874    2.587    2.772
 ---------------------------------------------------
 ---------------------------------------------------
 E_Hart,E_xc,E_ion =0.80266908179707E+05  -.28798118612829E+05  -.22357594569085E+06
 E_Hxc+E_ion       =-.17210715612397E+06
 E_kin+E_nonloc    =0.79380870734121E+05
 E_rhoVext,E_IVext     =0.00000000000000E+00  0.00000000000000E+00
 E_psiV,E_dDrho =-.10078764320091E+06  0.00000000000000E+00
 ave(vtot):v0 =-.76907607585490E+01
 ave(V_ion_s(or p,d))=ave(V_Hatree)=0; ave(Vtot)=ave(V_xc)=v0
 ---------------------------------------------------
 *********************************
 Eigen energies are values after setting ave(Vtot)=0
 For Vtot=V_ion+V_Hartree+V_xc, and
 ave(V_ion+V_Hatree)=0, ave(V_xc).ne.0:  E=E+v0
 *********************************
iislda,kpt=   1,    1      0.000000     0.000000     0.000000             kpoint in xyz unit 
 err of each states, A.U
  0.435956E-04     0.234579E-04     0.530413E-04     0.310865E-04     0.244510E-04
  0.182974E-04     0.243952E-04     0.502589E-04     0.253099E-04     0.147822E-04
  0.171246E-04     0.310212E-04     0.181757E-04     0.127265E-04     0.518468E-04
  0.280793E-04     0.253393E-04     0.266543E-04     0.144361E-04     0.786976E-04
  0.148786E-04     0.140749E-04     0.329324E-04     0.257587E-04     0.754323E-04
  0.215265E-04     0.251874E-04     0.169537E-04     0.162046E-04     0.131046E-04
  0.339300E-04     0.591138E-04     0.316461E-04     0.483868E-04     0.147903E-04
  0.157831E-04     0.134812E-04     0.199341E-04     0.134346E-04     0.121761E-04
  0.151975E-04     0.275963E-04     0.185971E-04     0.244595E-04     0.159274E-04
  0.403216E-04     0.195242E-04     0.414742E-04     0.442144E-04     0.197060E-04
  0.180168E-04     0.173922E-04     0.153536E-04     0.296419E-04     0.484247E-04
  0.901934E-04     0.220190E-04     0.546652E-04     0.239048E-04     0.273372E-04
  0.222559E-04     0.242384E-04     0.731267E-04     0.299507E-04     0.134893E-04
  0.159847E-04     0.520927E-04     0.551418E-04     0.270499E-04     0.181329E-04
  0.161478E-04     0.272843E-04     0.242594E-04     0.182211E-04     0.717926E-04
  0.239302E-04     0.131240E-04     0.234621E-04     0.141532E-04     0.234320E-04
  0.112332E-04     0.111045E-04     0.138864E-04     0.126548E-04     0.115126E-04
  0.358950E-04     0.127697E-04     0.226553E-04     0.123550E-03     0.110229E-04
  0.123030E-04     0.288042E-04     0.156875E-04     0.140448E-04     0.112586E-04
  0.199334E-04     0.332672E-04     0.127834E-04     0.140514E-04     0.664092E-04
  0.140226E-04     0.726139E-04     0.131672E-04     0.169936E-04     0.142232E-04
  0.240159E-04     0.149116E-04     0.111942E-04     0.213387E-04     0.160905E-04
  0.120298E-04     0.477550E-04     0.128136E-04     0.545042E-04     0.375176E-04
  0.131100E-04     0.179296E-04     0.123779E-04     0.198454E-04     0.339767E-04
  0.139965E-04     0.115763E-04     0.938822E-04     0.151755E-04     0.128356E-04
  0.154850E-04     0.187993E-04     0.403930E-04     0.334074E-04     0.170658E-04
  0.164457E-04     0.290780E-04     0.265897E-04     0.131429E-04     0.129758E-04
  0.173802E-04     0.437889E-04     0.626195E-04     0.252818E-04     0.240404E-04
  0.130619E-04     0.457106E-04     0.668389E-04     0.284269E-04     0.503183E-04
  0.163943E-04     0.126475E-04     0.224890E-04     0.204810E-04     0.160806E-04
  0.275486E-04     0.182816E-04     0.681826E-04     0.114362E-04     0.287645E-04
  0.254082E-04     0.130934E-04     0.141489E-04     0.356221E-04     0.214793E-04
  0.130864E-04     0.104705E-04     0.129147E-04     0.393567E-04     0.238897E-04
  0.205919E-04     0.115916E-04     0.191464E-04     0.211103E-04     0.187259E-04
  0.523688E-04     0.213740E-04     0.117513E-04     0.217294E-04     0.206026E-04
  0.174991E-04     0.152572E-04     0.380388E-04     0.153848E-04     0.242315E-04
  0.137388E-04     0.135903E-04     0.125387E-04     0.108677E-04     0.181291E-04
  0.114724E-04     0.131772E-04     0.114471E-04     0.143116E-04     0.979976E-05
  0.132960E-04     0.227590E-04     0.350515E-04     0.961500E-05     0.297278E-04
  0.186359E-04     0.148610E-04     0.154192E-04     0.191497E-04     0.126045E-04
  0.198046E-04     0.114480E-04     0.182203E-04     0.136418E-04     0.224953E-04
  0.115983E-04     0.138063E-04     0.346612E-04     0.139469E-04     0.146631E-04
  0.219591E-04     0.261428E-04     0.227160E-04     0.168501E-04     0.225109E-04
  0.184454E-04     0.126069E-04     0.160415E-04     0.174508E-04     0.213502E-04
  0.188493E-04     0.172454E-04     0.176718E-04     0.136170E-04     0.178536E-04
  0.147497E-04     0.217324E-04     0.124014E-04     0.126474E-04     0.227732E-04
  0.129647E-04     0.187009E-04     0.145713E-04     0.195367E-04     0.148384E-04
  0.125707E-04     0.146103E-04     0.217710E-04     0.151798E-04     0.146223E-04
  0.121253E-04     0.142624E-04     0.218743E-04     0.180123E-04     0.199572E-04
  0.156944E-04     0.122197E-04     0.216562E-04     0.158514E-04     0.174571E-04
  0.170547E-04     0.143170E-04     0.154402E-04     0.153210E-04     0.156491E-04
  0.240312E-04     0.166421E-04     0.189816E-04     0.203505E-04     0.131407E-04
  0.228387E-04     0.154574E-04     0.120121E-04     0.156776E-04     0.177503E-04
  0.190736E-04     0.216928E-04     0.171801E-04     0.140087E-04     0.244637E-04
  0.172147E-04     0.150332E-04     0.178337E-04     0.177954E-04     0.225184E-04
  0.197195E-04     0.255399E-04     0.206161E-04     0.216477E-04     0.178074E-04
  0.233678E-04     0.224582E-04     0.203229E-04     0.226005E-04     0.271287E-04
  0.189483E-04     0.197852E-04     0.286631E-04     0.211074E-04     0.212576E-04
  0.141017E-04     0.175634E-04     0.221173E-04     0.179633E-04     0.201405E-04
  0.230693E-04     0.163461E-04     0.242487E-04     0.228488E-04     0.242311E-04
  0.243244E-04     0.206618E-04     0.139310E-04     0.160673E-04     0.142735E-04
  0.259104E-04     0.221640E-04     0.229132E-04     0.322850E-04     0.254909E-04
  0.214730E-04     0.214095E-04     0.353825E-04     0.216173E-04     0.168102E-04
  0.225907E-04     0.333760E-04     0.265202E-04     0.266410E-04     0.206820E-04
  0.214731E-04     0.247688E-04     0.217028E-04     0.260873E-04     0.270086E-04
  0.217077E-04     0.254171E-04     0.214576E-04     0.278731E-04     0.396784E-04
  0.262412E-04     0.219329E-04     0.196873E-04     0.272847E-04     0.285686E-04
  0.246672E-04     0.305639E-04     0.327481E-04     0.236063E-04     0.123431E-04
  0.231760E-04     0.267041E-04     0.269095E-04     0.291425E-04     0.262348E-04
  0.305218E-04     0.234486E-04     0.206497E-04     0.247578E-04     0.213279E-04
  0.253657E-04     0.224691E-04     0.317035E-04     0.262885E-04     0.245396E-04
  0.233815E-04     0.223623E-04     0.230735E-04     0.302042E-04     0.149032E-04
  0.255393E-04     0.246988E-04     0.238115E-04     0.205010E-04     0.194744E-04
  0.310369E-04     0.263948E-04     0.289290E-04     0.318929E-04     0.149663E-04
  0.161920E-04     0.244162E-04     0.265009E-04     0.275634E-04     0.163913E-04
  0.218563E-04     0.246687E-04     0.293614E-04     0.270988E-04     0.262745E-04
  0.239711E-04     0.237687E-04     0.211123E-04     0.207663E-04     0.193054E-04
  0.309005E-04     0.224673E-04     0.236625E-04     0.274629E-04     0.228259E-04
  0.358687E-04     0.303398E-04     0.322952E-04     0.348202E-04     0.243527E-04
  0.259228E-04     0.319555E-04     0.182767E-04     0.215935E-04     0.312296E-04
  0.267324E-04     0.267347E-04     0.340874E-04     0.235761E-04     0.291175E-04
  0.264831E-04     0.254319E-04     0.276301E-04     0.280075E-04     0.249828E-04
  0.217236E-04     0.401535E-04     0.268460E-04     0.223486E-04     0.438414E-04
  0.329745E-04     0.317288E-04     0.289308E-04     0.229401E-04     0.272775E-04
  0.412355E-04     0.321337E-04     0.360925E-04     0.381208E-04     0.342560E-04
  0.386539E-04     0.446048E-04     0.286989E-04     0.303862E-04     0.243609E-04
  0.377619E-04     0.274787E-04     0.357640E-04     0.314944E-04     0.355703E-04
  0.279862E-04     0.309372E-04     0.321434E-04     0.310680E-04     0.320888E-04
  0.305630E-04     0.524105E-04     0.250296E-04     0.270335E-04     0.310188E-04
  0.338731E-04     0.268363E-04     0.245949E-04     0.339076E-04     0.356958E-04
  0.204830E-04     0.562115E-04     0.254476E-04     0.228728E-04     0.267960E-04
  0.301232E-04     0.307007E-04     0.301814E-04     0.263981E-04     0.293748E-04
  0.284989E-04     0.273926E-04     0.225645E-04     0.304558E-04     0.412853E-04
  0.364407E-04     0.461730E-04     0.318835E-04     0.231001E-04     0.264036E-04
  0.300685E-04     0.251046E-04     0.157224E-04     0.201215E-04     0.199869E-04
  0.265241E-04     0.310508E-04     0.297496E-04     0.303598E-04     0.413307E-04
  0.301108E-04     0.219152E-04     0.420825E-04     0.378324E-04     0.294305E-04
  0.227659E-04     0.308028E-04     0.289699E-04     0.198131E-04     0.177411E-04
  0.179730E-04     0.242490E-04     0.220584E-04     0.167624E-04     0.214282E-04
  0.174429E-04     0.213447E-04     0.198616E-04     0.234950E-04     0.222986E-04
  0.245966E-04     0.185924E-04     0.205047E-04     0.194134E-04     0.182148E-04
  0.233986E-04     0.178621E-04     0.239392E-04     0.217748E-04     0.231472E-04
  0.207828E-04     0.202896E-04     0.300006E-04     0.242822E-04     0.231365E-04
  0.304477E-04     0.216598E-04     0.255845E-04     0.335170E-04     0.213744E-04
  0.323790E-04     0.237631E-04     0.257384E-04     0.187312E-04     0.309097E-04
  0.366210E-04     0.363089E-04     0.345911E-04     0.206305E-04     0.234245E-04
  0.269760E-04     0.256028E-04     0.226115E-04     0.184501E-04     0.264146E-04
  0.305617E-04     0.227686E-04     0.187378E-04     0.151505E-04     0.204142E-04
  0.240716E-04     0.240403E-04     0.251484E-04     0.240391E-04     0.277583E-04
  0.311427E-04     0.279504E-04     0.236124E-04     0.243651E-04     0.177935E-04
  0.273877E-04     0.261399E-04     0.282349E-04     0.169806E-04     0.206587E-04
  0.221350E-04     0.182814E-04     0.221021E-04     0.203236E-04     0.232463E-04
  0.272568E-04     0.296374E-04     0.234905E-04     0.164697E-04     0.190323E-04
  0.236154E-04     0.230647E-04     0.235668E-04     0.237922E-04     0.249311E-04
  0.215813E-04     0.203257E-04     0.201698E-04     0.230390E-04     0.301741E-04
  0.239482E-04     0.239460E-04     0.276144E-04     0.228397E-04     0.250933E-04
  0.202296E-04     0.214553E-04     0.240512E-04     0.231363E-04     0.274425E-04
  0.207135E-04     0.205378E-04     0.240463E-04     0.288428E-04     0.202684E-04
  0.266904E-04     0.275254E-04     0.223416E-04     0.244483E-04     0.233175E-04
  0.211490E-04     0.243261E-04     0.212569E-04     0.216084E-04     0.251807E-04
  0.244915E-04     0.218679E-04     0.208055E-04     0.226531E-04     0.237142E-04
  0.227742E-04     0.227516E-04     0.236055E-04     0.208440E-04     0.218746E-04
  0.232654E-04     0.235168E-04     0.214987E-04     0.225479E-04     0.297050E-04
  0.218411E-04     0.224100E-04     0.167677E-04     0.270973E-04     0.236260E-04
  0.241036E-04     0.264289E-04     0.275422E-04     0.364652E-04     0.198522E-04
  0.272521E-04     0.263616E-04     0.233908E-04     0.242588E-04     0.213979E-04
  0.209948E-04     0.221306E-04     0.238395E-04     0.224341E-04     0.254649E-04
  0.218829E-04     0.219206E-04     0.229120E-04     0.251291E-04     0.277653E-04
  0.234247E-04     0.243080E-04     0.208986E-04     0.183707E-04     0.251648E-04
  0.244800E-04     0.259867E-04     0.243058E-04     0.310562E-04     0.203102E-04
  0.256161E-04     0.264066E-04     0.258969E-04     0.278314E-04     0.240583E-04
  0.247989E-04     0.231463E-04     0.250627E-04     0.215081E-04     0.205097E-04
  0.235862E-04     0.239478E-04     0.195071E-04     0.243859E-04     0.242600E-04
  0.261643E-04     0.276626E-04     0.284493E-04     0.260215E-04     0.290719E-04
  0.281529E-04     0.257889E-04     0.257175E-04     0.293711E-04     0.276908E-04
  0.250562E-04     0.293799E-04     0.267170E-04     0.244694E-04     0.245447E-04
  0.327449E-04     0.278123E-04     0.300220E-04     0.285877E-04     0.322494E-04
  0.296189E-04     0.263418E-04     0.268219E-04     0.304959E-04     0.269090E-04
  0.298551E-04     0.284591E-04     0.294131E-04     0.256033E-04     0.282558E-04
  0.287598E-04     0.231628E-04     0.273292E-04     0.276587E-04     0.292752E-04
  0.336861E-04     0.236342E-04     0.307534E-04     0.228328E-04     0.260903E-04
  0.305520E-04     0.294189E-04     0.260502E-04     0.301449E-04     0.287317E-04
  0.229356E-04     0.275813E-04     0.291797E-04     0.326551E-04     0.306564E-04
  0.298166E-04     0.346995E-04     0.284761E-04     0.327965E-04     0.345217E-04
  0.278737E-04     0.301955E-04     0.282213E-04     0.294494E-04     0.315537E-04
  0.318169E-04     0.329723E-04     0.331294E-04     0.377120E-04     0.331413E-04
  0.318863E-04     0.356911E-04     0.324428E-04     0.295799E-04     0.319042E-04
  0.314884E-04     0.295826E-04     0.277136E-04     0.335019E-04     0.365515E-04
  0.344605E-04     0.333088E-04     0.337004E-04     0.412338E-04     0.266074E-04
  0.357663E-04     0.356065E-04     0.295090E-04     0.309464E-04     0.363020E-04
  0.315750E-04     0.353312E-04     0.295104E-04     0.296228E-04     0.349312E-04
  0.331721E-04     0.285171E-04     0.286065E-04     0.327901E-04     0.301144E-04
  0.390072E-04     0.383291E-04     0.344694E-04     0.324707E-04     0.271782E-04
  0.274147E-04     0.352872E-04     0.351885E-04     0.309644E-04     0.303351E-04
  0.320474E-04     0.278925E-04     0.306449E-04     0.313025E-04     0.319187E-04
  0.324639E-04     0.282736E-04     0.301113E-04     0.337301E-04     0.346698E-04
  0.299013E-04     0.316558E-04     0.303997E-04     0.302928E-04     0.339015E-04
  0.330204E-04     0.320046E-04     0.307339E-04     0.358573E-04     0.311466E-04
  0.326791E-04     0.419679E-04     0.314800E-04     0.291389E-04     0.342263E-04
  0.293471E-04     0.317026E-04     0.279206E-04     0.237445E-04     0.270017E-04
  0.300616E-04     0.409982E-04     0.421973E-04     0.276675E-04     0.359778E-04
  0.356934E-04     0.338912E-04     0.364438E-04     0.359042E-04     0.285498E-04
  0.315921E-04     0.397478E-04     0.316587E-04     0.413304E-04     0.430051E-04
  0.282173E-04     0.326756E-04     0.370419E-04     0.387038E-04     0.335443E-04
  0.362217E-04     0.297954E-04     0.305730E-04     0.270752E-04     0.281200E-04
  0.379203E-04     0.293512E-04     0.299589E-04     0.300170E-04     0.343976E-04
  0.364250E-04     0.443316E-04     0.306948E-04     0.423656E-04     0.418913E-04
  0.439211E-04     0.360770E-04     0.351921E-04     0.508168E-04     0.384662E-04
  0.262117E-04     0.244118E-04     0.285389E-04     0.562628E-04     0.405263E-04
  0.238764E-04     0.303112E-04     0.321733E-04     0.288140E-04     0.257879E-04
  0.279438E-04     0.323936E-04     0.284686E-04     0.236861E-04     0.265640E-04
  0.262247E-04     0.309808E-04     0.372799E-04     0.332184E-04     0.277116E-04
  0.263863E-04     0.338456E-04     0.277204E-04     0.322306E-04     0.428447E-04
  0.361781E-04     0.445679E-04     0.301513E-04     0.437845E-04     0.405006E-04
  0.334634E-04     0.382658E-04     0.483463E-04     0.560482E-04     0.428819E-04
  0.409672E-04     0.513287E-04     0.417743E-04     0.502531E-04     0.370323E-04
  0.465553E-04     0.332806E-04     0.684583E-04     0.460695E-04     0.333720E-04
  0.431947E-04     0.470547E-04     0.564793E-04     0.498862E-04     0.489958E-04
  0.430326E-04     0.570001E-04     0.396284E-04     0.399923E-04     0.367005E-04
  0.355734E-04     0.313760E-04     0.344754E-04     0.385729E-04     0.519657E-04
  0.535118E-04     0.361387E-04     0.361027E-04     0.326251E-04     0.402876E-04
  0.360119E-04     0.432161E-04     0.380936E-04     0.422773E-04     0.376972E-04
  0.560985E-04     0.661280E-04     0.339412E-04     0.607705E-04     0.526876E-04
  0.351283E-04     0.283041E-04     0.500996E-04     0.332115E-04     0.529418E-04
  0.271899E-04     0.398904E-04     0.646588E-04     0.403145E-04     0.308444E-04
  0.325712E-04     0.476426E-04     0.464471E-04     0.463896E-04     0.464644E-04
  0.286565E-04     0.473280E-04     0.311805E-04     0.361470E-04     0.418692E-04
  0.837856E-04     0.251524E-04     0.367485E-04     0.390458E-04     0.263039E-04
  0.371411E-04     0.310556E-04     0.274282E-04     0.393094E-04     0.447863E-04
  0.357247E-04     0.276902E-04     0.515451E-04     0.385697E-04     0.346026E-04
  0.255696E-04     0.317011E-04     0.296298E-04     0.257500E-04     0.384621E-04
  0.381569E-04     0.483229E-04     0.282258E-04     0.475357E-04     0.443303E-04
  0.488078E-04     0.390492E-04     0.340943E-04     0.342162E-04     0.418103E-04
  0.174270E-04     0.365635E-04     0.462599E-04     0.291635E-04     0.268918E-04
  0.736000E-04     0.976241E-04     0.204009E-03     0.156473E-03     0.164015E-03
  0.122756E-03     0.192305E-03     0.137335E-03     0.191207E-03     0.312377E-03
  0.388571E-03     0.369242E-03     0.424594E-03     0.689567E-03     0.573601E-03
  0.520624E-03     0.324235E-03     0.837901E-03     0.792200E-03     0.941122E-03
  0.117804E-02     0.107427E-02     0.865219E-03     0.116842E-02     0.195036E-02
  0.146021E-02     0.144702E-02     0.979011E-03     0.129860E-02     0.204726E-02
  0.151831E-02     0.152622E-02     0.314716E-02     0.213183E-02     0.201506E-02
  0.329311E-02     0.272357E-02     0.248547E-02     0.306670E-02     0.436234E-02
  0.340279E-02     0.385959E-02     0.453089E-02     0.458900E-02     0.425755E-02
  0.561139E-02     0.448765E-02     0.360498E-02     0.792635E-02     0.620194E-02
  0.652578E-02     0.661255E-02     0.544507E-02     0.106367E-01     0.121315E-01
  0.102472E-01     0.944675E-02     0.154258E-01
 eigen energies, in eV 
    -44.499388       -44.463500       -44.384147       -44.164789       -43.929459
    -28.455125       -28.431516       -28.383954       -28.341519       -28.211949
    -28.204558       -28.186115       -28.168457       -28.069507       -28.038196
    -27.943705       -27.936292       -27.929295       -27.927005       -27.893977
    -27.888445       -27.887031       -27.877836       -27.857588       -27.816096
    -27.813801       -27.794245       -27.771788       -27.751787       -27.718433
    -27.715000       -27.663219       -27.662342       -27.633161       -27.619838
    -27.580051       -27.563773       -27.550872       -27.540233       -27.442646
    -27.434433       -27.424164       -27.396742       -27.373647       -27.299739
    -27.296597       -27.287059       -27.278136       -27.273183       -27.262135
    -27.245241       -27.199029       -27.192843       -27.190089       -27.163214
    -27.153524       -27.126544       -27.114956       -27.073702       -27.060064
    -27.059127       -27.042953       -27.042025       -26.927847       -26.876045
    -26.875111       -26.862315       -26.813571       -26.739824       -26.715576
    -26.692874       -26.658738       -26.579749       -26.544727       -26.535360
    -26.497740       -26.458246       -26.393519       -26.345554       -26.343104
    -26.326825       -26.285744       -26.258110       -26.250057       -26.226280
    -26.201938       -26.193297       -26.148073       -26.140624       -26.086405
    -26.057744       -26.036939       -26.023128       -26.017838       -25.970967
    -25.964105       -25.935330       -25.931891       -25.886066       -25.883069
    -25.857600       -25.855078       -25.848181       -25.818795       -25.804439
    -25.787469       -25.773921       -25.773288       -25.769380       -25.758735
    -25.728295       -25.696824       -25.684209       -25.677995       -25.676708
    -25.657263       -25.654237       -25.639671       -25.639567       -25.627677
    -25.615633       -25.584258       -25.531989       -25.525553       -25.491493
    -25.445653       -25.439347       -25.432622       -25.417663       -25.411685
    -25.403538       -25.298919       -25.227033       -25.103664       -25.092359
    -23.994169       -23.889184       -23.853159       -23.726819       -23.567379
    -23.497503       -23.450969       -23.417431       -23.362116       -23.359519
    -23.309654       -23.284167       -23.178331       -23.166326       -23.163294
    -23.145735       -23.118638       -23.113200       -23.097456       -23.063735
    -23.051134       -23.032377       -22.993810       -22.960382       -22.939040
    -22.937025       -22.873189       -22.848371       -22.806379       -22.790805
    -22.759460       -22.613330       -22.408484       -22.192311       -22.142402
    -22.014410       -21.565417       -21.487507       -21.378697       -21.330427
    -21.326879       -21.298502       -21.194447       -21.181294       -21.153507
    -21.077835       -21.055563       -21.047701       -21.046353       -20.890742
    -20.834146       -20.800545       -20.771143       -20.745071       -20.686855
    -18.447976       -18.421618       -18.177263       -18.131370       -18.058937
    -16.545308       -16.219181       -16.200839       -16.096953       -16.093828
    -16.021643       -15.975897       -15.958117       -15.946100       -15.832800
    -15.738462       -15.732928       -15.646807       -15.573077       -15.538449
    -15.367795       -15.310796       -15.049942       -15.001470       -14.961991
    -14.958495       -14.907524       -14.883614       -14.838795       -14.822421
    -14.755756       -14.747873       -14.643569       -14.611883       -14.590179
    -14.580041       -14.514589       -14.474177       -14.456741       -14.417551
    -14.378958       -14.351678       -14.344120       -14.339468       -14.284369
    -13.980740       -13.792955       -13.743943       -13.743502       -13.739200
    -13.607192       -13.577718       -13.562993       -13.542217       -13.526500
    -13.525835       -13.502161       -13.490008       -13.462379       -13.457773
    -13.443551       -13.416593       -13.409919       -13.393516       -13.358780
    -13.354044       -13.328473       -13.313581       -13.277909       -13.253199
    -13.206133       -13.186477       -13.179876       -12.949603       -12.937002
    -12.254696       -12.191464       -12.190062       -12.163365       -12.130081
    -12.015763       -11.958048       -11.944624       -11.928336       -11.921638
    -11.912709       -11.832414       -11.822469       -11.818754       -11.801406
    -11.667844       -11.652201       -11.631483       -11.590179       -11.571316
    -11.545388       -11.531470       -11.528655       -11.484640       -11.468366
    -11.428206       -11.422840       -11.415296       -11.385114       -11.358976
    -11.338781       -11.322780       -11.290691       -11.277038       -11.225337
    -11.204048       -11.039402       -11.007058       -10.915663       -10.902212
    -10.845831       -10.769070       -10.766254       -10.734141       -10.713484
    -10.682218       -10.651630       -10.629508       -10.601660       -10.567939
    -10.521261       -10.507195       -10.476764       -10.474653       -10.454991
    -10.440694       -10.427327       -10.399861       -10.386827       -10.380760
    -10.371570       -10.356298       -10.344980       -10.329849       -10.327873
    -10.311876       -10.306262       -10.288074       -10.274353       -10.255624
    -10.240513       -10.219960       -10.219097       -10.212076       -10.198412
    -10.188806       -10.156513       -10.143418       -10.099047       -10.090555
    -10.076796       -10.045354       -10.030645       -10.017227       -10.014076
    -10.004641       -10.000784        -9.982016        -9.975340        -9.972644
     -9.958294        -9.948194        -9.927497        -9.924798        -9.910115
     -9.903100        -9.896166        -9.883282        -9.880747        -9.846146
     -9.840140        -9.835317        -9.831646        -9.812123        -9.796070
     -9.767213        -9.750040        -9.738930        -9.719131        -9.714303
     -9.705397        -9.702958        -9.693097        -9.679949        -9.657862
     -9.649829        -9.645719        -9.617620        -9.615321        -9.607339
     -9.594314        -9.574716        -9.554540        -9.546533        -9.539050
     -9.529700        -9.523606        -9.510851        -9.503651        -9.495525
     -9.487185        -9.476702        -9.466221        -9.442454        -9.429633
     -9.372824        -9.356593        -9.345035        -9.318602        -9.306478
     -9.300895        -9.290472        -9.286368        -9.277094        -9.261140
     -9.258457        -9.237585        -9.228141        -9.225200        -9.206382
     -9.193258        -9.135209        -9.112817        -9.105057        -9.095462
     -9.085527        -9.082660        -9.078449        -9.075140        -9.066938
     -9.060255        -9.045656        -9.036020        -9.015802        -9.008806
     -9.000047        -8.987582        -8.951764        -8.927361        -8.923226
     -8.914240        -8.905638        -8.892620        -8.885434        -8.869761
     -8.857663        -8.856373        -8.834099        -8.823264        -8.813368
     -8.790253        -8.780741        -8.778298        -8.756272        -8.744181
     -8.723885        -8.701187        -8.694723        -8.680857        -8.657858
     -8.653592        -8.615728        -8.609092        -8.599383        -8.597016
     -8.577894        -8.555442        -8.548278        -8.505332        -8.499418
     -8.462493        -8.451217        -8.448768        -8.438683        -8.407534
     -8.391350        -8.383691        -8.348096        -8.304999        -8.290851
     -8.288844        -8.282412        -8.260335        -8.246591        -8.220073
     -8.213684        -8.188146        -8.173034        -8.146374        -8.107304
     -8.085796        -8.043460        -8.026558        -7.986580        -7.982708
     -7.954337        -7.945142        -7.911190        -7.874089        -7.869599
     -7.858098        -7.828847        -7.788070        -7.773147        -7.767261
     -7.757313        -7.711306        -7.711072        -7.699472        -7.675852
     -7.657851        -7.640009        -7.638523        -7.597895        -7.571711
     -7.543887        -7.519844        -7.513955        -7.482260        -7.468703
     -7.414453        -7.408264        -7.399746        -7.352566        -7.318336
     -7.283675        -7.249969        -7.239957        -7.230162        -7.227768
     -7.220931        -7.217784        -7.187620        -7.176759        -7.151235
     -7.135335        -7.122079        -7.105203        -7.103095        -7.097276
     -7.063866        -7.042022        -7.025332        -7.005915        -6.995053
     -6.988095        -6.948380        -6.944681        -6.939564        -6.932368
     -6.903054        -6.857802        -6.848904        -6.833801        -6.816115
     -6.814896        -6.804954        -6.761854        -6.751981        -6.734866
     -6.711617        -6.709972        -6.688670        -6.675703        -6.663972
     -6.641089        -6.634675        -6.623852        -6.599223        -6.588467
     -6.580548        -6.577144        -6.569549        -6.553302        -6.530912
     -6.523220        -6.515383        -6.508044        -6.494166        -6.480000
     -6.466903        -6.450514        -6.437340        -6.432461        -6.422451
     -6.406533        -6.391794        -6.381808        -6.369037        -6.359089
     -6.351411        -6.347578        -6.340368        -6.333836        -6.324847
     -6.317325        -6.308987        -6.297274        -6.289428        -6.286195
     -6.278785        -6.274570        -6.256892        -6.252471        -6.245754
     -6.225453        -6.219349        -6.201615        -6.197099        -6.182720
     -6.179635        -6.170069        -6.157907        -6.146107        -6.121877
     -6.117589        -6.101855        -6.095951        -6.076041        -6.074369
     -6.068005        -6.065418        -6.057670        -6.047379        -6.042690
     -6.034377        -6.030421        -6.014626        -6.002588        -6.000405
     -5.988062        -5.981402        -5.973163        -5.969573        -5.957979
     -5.952317        -5.944895        -5.937926        -5.931131        -5.925484
     -5.920585        -5.909684        -5.899007        -5.883843        -5.872381
     -5.864745        -5.854114        -5.850166        -5.840938        -5.831136
     -5.827422        -5.821230        -5.793790        -5.784995        -5.775511
     -5.774161        -5.771399        -5.756546        -5.750787        -5.742189
     -5.737846        -5.728862        -5.719930        -5.711523        -5.707810
     -5.703591        -5.696277        -5.684290        -5.675846        -5.669047
     -5.665967        -5.662185        -5.654972        -5.642895        -5.637493
     -5.629170        -5.622502        -5.610701        -5.608301        -5.606369
     -5.599194        -5.590782        -5.587148        -5.582777        -5.575268
     -5.564339        -5.559228        -5.556724        -5.548865        -5.542195
     -5.539647        -5.535458        -5.519151        -5.517436        -5.512819
     -5.512275        -5.507926        -5.499101        -5.493120        -5.487745
     -5.480965        -5.466465        -5.460853        -5.449093        -5.442064
     -5.434358        -5.422102        -5.419560        -5.417976        -5.413571
     -5.408347        -5.401820        -5.392834        -5.387319        -5.382268
     -5.371640        -5.356162        -5.354282        -5.352439        -5.349674
     -5.336380        -5.330852        -5.328170        -5.310709        -5.304803
     -5.296661        -5.291617        -5.286397        -5.281793        -5.274870
     -5.270110        -5.259008        -5.254418        -5.250045        -5.237273
     -5.229107        -5.227102        -5.224855        -5.212319        -5.210293
     -5.206129        -5.202647        -5.196119        -5.191360        -5.185555
     -5.175820        -5.172593        -5.171191        -5.158549        -5.149792
     -5.138993        -5.124448        -5.119375        -5.116670        -5.114339
     -5.106034        -5.098806        -5.092948        -5.084154        -5.081912
     -5.066363        -5.063233        -5.062409        -5.050220        -5.045460
     -5.040202        -5.032391        -5.030746        -5.028154        -5.019023
     -5.014722        -5.008469        -4.997745        -4.987031        -4.983876
     -4.976168        -4.965643        -4.958759        -4.949730        -4.944933
     -4.937367        -4.930317        -4.927196        -4.917616        -4.914606
     -4.909073        -4.903843        -4.896750        -4.895051        -4.888761
     -4.881943        -4.879787        -4.872816        -4.869003        -4.865460
     -4.857342        -4.854012        -4.849949        -4.845333        -4.837713
     -4.835033        -4.832112        -4.826594        -4.819780        -4.805874
     -4.795752        -4.794883        -4.782577        -4.772507        -4.767428
     -4.760400        -4.750101        -4.739023        -4.734417        -4.716514
     -4.708126        -4.701862        -4.695753        -4.691784        -4.687676
     -4.678910        -4.666206        -4.647462        -4.635247        -4.623540
     -4.620776        -4.617393        -4.604449        -4.591782        -4.583926
     -4.566346        -4.551206        -4.546391        -4.540765        -4.538378
     -4.527118        -4.518235        -4.506232        -4.495910        -4.491150
     -4.473829        -4.471168        -4.449107        -4.442445        -4.433212
     -4.404109        -4.389472        -4.339797        -4.322797        -4.307704
     -4.296985        -4.290735        -4.271004        -4.259506        -4.239968
     -4.233261        -4.220384        -4.180402        -4.156243        -4.144995
     -4.134125        -4.119532        -4.094186        -4.085519        -4.058311
     -4.043930        -4.021001        -3.989732        -3.952379        -3.927651
     -3.919663        -3.889172        -3.876941        -3.863004        -3.849634
     -3.841344        -3.826179        -3.802149        -3.799112        -3.766082
     -3.761437        -3.713429        -3.712226        -3.694790        -3.673483
     -3.655572        -3.642394        -3.611706        -3.603691        -3.600725
     -3.578336        -3.573875        -3.547196        -3.545056        -3.539363
     -3.528030        -3.523992        -3.504286        -3.494882        -3.470836
     -3.468110        -3.437927        -3.418389        -3.413439        -3.405079
     -3.401800        -3.387164        -3.381795        -3.377726        -3.372218
     -3.357954        -3.346449        -3.340136        -3.334883        -3.330139
     -3.309766        -3.282477        -3.274134        -3.268568        -3.257720
     -3.248231        -3.230893        -3.211019        -3.193652        -3.156688
     -3.141590        -3.125813        -3.110171        -3.101312        -3.090193
     -3.049498        -3.035651        -3.024846        -3.017322        -3.015361
     -2.982662        -2.952506        -2.944494        -2.933748        -2.927846
     -2.899583        -2.855462        -2.771973        -2.755592        -2.749115
     -2.747552        -2.722959        -2.703651        -2.697406        -2.628954
     -2.611798        -2.607847        -2.598605        -2.590843        -2.589480
     -2.524576        -2.503002        -2.449733        -2.441305        -2.384708
     -2.372481        -2.318484        -2.306516        -2.278563        -2.265144
     -2.236644        -2.232165        -2.215373        -2.194685        -2.105114
     -2.103580        -1.986499        -1.951952        -1.898282        -1.873581
      2.587023         2.771975         2.868380         3.038522         3.041128
      3.069041         3.096216         3.144077         3.145977         3.189919
      3.331454         3.384669         3.437246         3.464469         3.485994
      3.512137         3.554966         3.630242         3.642708         3.683237
      3.734784         3.764785         3.780152         3.833602         3.852242
      3.857515         3.886881         3.910887         3.944124         3.976540
      4.009859         4.033592         4.046198         4.071311         4.077694
      4.082006         4.131610         4.134058         4.157490         4.166446
      4.198825         4.222614         4.231767         4.247133         4.265524
      4.299602         4.310001         4.348468         4.372005         4.408860
      4.426869         4.437068         4.471111         4.485523         4.502972
      4.526122         4.557540         4.607729
 *********************************
 total computation time (sec)=   1997.72845292091     
