           4           1
 PRECISION  = SINGLE     
 JOB       = SCF
 IN.PSP1   = /home/sabs/shenjie/Pseudopotential/Li.nc.pbe.UPF
 IN.PSP2   = /home/sabs/shenjie/Pseudopotential/C.nc.pbe.UPF
 IN.PSP3   = /home/sabs/shenjie/Pseudopotential/O.nc.pbe.UPF
 IN.PSP4   = /home/sabs/shenjie/Pseudopotential/N.nc.pbe.UPF
 IN.PSP5   = /home/sabs/shenjie/Pseudopotential/S.nc.pbe.UPF
 IN.PSP6   = /home/sabs/shenjie/Pseudopotential/F.nc.pbe.UPF
 IN.PSP7   = /home/sabs/shenjie/Pseudopotential/H.nc.pbe.UPF
 IN.PSP8   = /home/sabs/shenjie/Pseudopotential/P.nc.pbe.UPF
 IN.ATOM   = atom.config         
 CONVERGENCE  = EASY
 ACCURACY  = NORM
 VFF_DETAIL =   1   500  0.50000000E-02     30.00000     4.00000     0.00000     1.00000  
 EGG_DETAIL =            3           3           3
 SPIN      =   1
 CONSTRAINT_MAG =           0
 RANDOM_SEED=           0
 QIJ_DETAIL =   0  1
 SCF_MIX = CHARGE
 PWSCF_OUTPUT     =  F
 Ecut      =    60.0000000000000     
 Ecut2     =    120.000000000000     
 Ecut2L    =    120.000000000000     
 EcutP    =    60.0000000000000     
 N123      =   120   120   120
 NS123     =    40    40    40
 N123L     =   120   120   120
 STRESS_CORR =   0.100000E+01  0.000000E+00  0.200000E+01  0.000000E+00
 XCFUNCTIONAL = LDA
 HSE_DETAIL    =      1.00000000    1     0.00000000    6 1 1
 RELAX_HSE    =    20   0.50000E-01     2
 VDW       = NONE
 LONDON_S6      =   0.000000000000000E+000
 LONDON_C6(1)      =   -1.00000000000000     
 LONDON_C6(2)      =   -1.00000000000000     
 LONDON_C6(3)      =   -1.00000000000000     
 LONDON_C6(4)      =   -1.00000000000000     
 LONDON_C6(5)      =   -1.00000000000000     
 LONDON_C6(6)      =   -1.00000000000000     
 LONDON_C6(7)      =   -1.00000000000000     
 LONDON_C6(8)      =   -1.00000000000000     
 LONDON_RCUT      =   0.000000000000000E+000
 DFTD3_S6        =   0.000000000000000E+000
 DFTD3_RS6        =   0.000000000000000E+000
 DFTD3_S18        =   0.000000000000000E+000
 DFTD3_RS18        =   0.000000000000000E+000
 DFTD3_ALPHA6        =   0.000000000000000E+000
 DFTD3_VERSION        =            0
 DFTD3_3BODY        =  F
 COULOMB   =    0
 IN.WG     =  F
 OUT.WG    =  F
 IN.RHO    =  F
 OUT.RHOATOM =  F
 OUT.RHO   =  F
 IN.VR     =  F
 OUT.VR    =  F
 OUT.ELF   =  F
 IN.VEXT   =  F
 OUT.VATOM   =  F
 OUT.FORCE =  T
 OUT.STRESS =  F
 IN.KPT    =  F
 IN.SYMM   =  F
 SYMM_PREC =    0.10000E-04
 MP_N123 =      1      1      1      0      0      0      0
 NUM_KPT =            1
 CHARGE_DECOMP = F
 ENERGY_DECOMP = F 
 IN.SOLVENT =  F
 NUM_ELECTRON =   1940.00000000000     
 FIX_FERMI =   F  0.000000E+00  0.000000E+00  0.000000E+00
 IN.NONSCF    =  F
 NUM_BAND  =  1028
 OUT.REAL.RHOWF_SP= 0
 WG_ERROR  =   1.000000000000000E-004
 E_ERROR   =   5.279008887880000E-003
 RHO_ERROR =   5.000000000000000E-005
 RHO_RELATIVE_ERROR      =   0.000000000000000E+000
 FORCE_RELATIVE_ERROR     =   0.000000000000000E+000
 MIN_SCF_ITER     =            1
 SYS_TYPE   =            1
 PULAY_MIX_OPT =     30  1  0       1.00000       0.00000
 PULAY_METRIC_Q0 =       -1.00000
 IN.OCC    =  F          -1
 IN.CC    =  F
 IN.OCC_ADIA    =  F
 SCF_ITER0_1 =    6   4    3    0.0000     0.02500    1
 SCF_ITER0_2 =   94   4    3    1.0000     0.02500    1
 SCF_ITER1_1 =   40   4    3    1.0000     0.02500    1
 NONLOCAL  =  2
 IN.A_FIELD =  F       0.00000       0.00000       0.00000
 RCUT      =    4.00000000000000     
 IN.PSP_RCUT1 =   4.00000000000000     
 IN.PSP_RCUT2 =   4.00000000000000     
 IN.PSP_RCUT3 =   4.00000000000000     
 IN.PSP_RCUT4 =   4.00000000000000     
 IN.PSP_RCUT5 =   4.00000000000000     
 IN.PSP_RCUT6 =   4.00000000000000     
 IN.PSP_RCUT7 =   4.00000000000000     
 IN.PSP_RCUT8 =   4.00000000000000     
 MD_VV_SCALE =    100
 LDAU_PSP1   =           -1  2.721138638331097E-009  2.721138638331097E-009  eV
 LDAU_PSP2   =           -1  2.721138638331097E-009  2.721138638331097E-009  eV
 LDAU_PSP3   =           -1  2.721138638331097E-009  2.721138638331097E-009  eV
 LDAU_PSP4   =           -1  2.721138638331097E-009  2.721138638331097E-009  eV
 LDAU_PSP5   =           -1  2.721138638331097E-009  2.721138638331097E-009  eV
 LDAU_PSP6   =           -1  2.721138638331097E-009  2.721138638331097E-009  eV
 LDAU_PSP7   =           -1  2.721138638331097E-009  2.721138638331097E-009  eV
 LDAU_PSP8   =           -1  2.721138638331097E-009  2.721138638331097E-009  eV
 NUM_BLOCKED_PSI=  F
 WF_STORE2DISK  =            0
 NUM_DOS_GRID =         4000
 NMAP_MAX =        50000
 KERK_AMIN =   0.300000000000000     
 KERK_AMIX =   0.400000000000000     
 KERK_AMIX_MAG =   0.800000000000000     
 KERK_BMIX =   0.500000000000000     
 LDAU_MIX =   0.700000000000000     
 PULAY_WEIGHT_SPIN =    1.00000000000000     
 PULAY_WEIGHT_NS =    1.00000000000000     
 OUT.MLMD    =  F
 NUM_MPI_PER_GPU =     1
 FLAG_CYLINDER =            0
 SET_OUT_FERMI_POS =  F           0
 E_FINITE =  F   0.00000E+00   0.00000E+00   0.00000E+00
 MLINE_EIGEN =      1
 
 ------------------------------------------------
 total number of K-point:           1
   0.00000     0.00000    0.00000     1.00000            
 ------------------------------------------------
 
 
 *********************************************
 *********** end of etot.input report ********
 minimum n1,n2,n3 from Ecut2
     118.970      119.148      119.089
 minimum n1L,n2L,n3L from Ecut2L
     118.970      119.148      119.089
 *********************************************
 
 
Weighted average num_of_PW for all kpoint=                       312673.000
 ************************************
 E_Hxc(eV)         50103.2087823919     
 E_ion(eV)        -220735.409618631     
 E_Coul(eV)        78366.2609864777     
 E_Hxc+E_ion(eV)  -170632.200836239     
 NONSCF     1          AVE_STATE_ERROR= 0.5919E+01
 NONSCF     2          AVE_STATE_ERROR= 0.1628E+01
 NONSCF     3          AVE_STATE_ERROR= 0.5022E+00
 NONSCF     4          AVE_STATE_ERROR= 0.9253E-01
 NONSCF     5          AVE_STATE_ERROR= 0.1551E-01
 NONSCF     6          AVE_STATE_ERROR= 0.3091E-02
 iter=   7   ave_lin=  4.0  iCGmth=   3
 Ef(eV)               = -.1917933E+01
 err of ug            = 0.1209E-02
 dv_ave, drho_tot     = 0.0000E+00 0.1244E+00
 E_tot(eV)            = -.13306261191538E+06    -.1331E+06
 -------------------------------------------
 iter=   8   ave_lin=  4.0  iCGmth=   3
 Ef(eV)               = -.1596974E+00
 err of ug            = 0.1081E-01
 dv_ave, drho_tot     = 0.1741E-01 0.7190E-01
 E_tot(eV)            = -.13295291364106E+06    0.1097E+03
 -------------------------------------------
 iter=   9   ave_lin=  4.0  iCGmth=   3
 Ef(eV)               = -.1074156E+01
 err of ug            = 0.6821E-02
 dv_ave, drho_tot     = 0.1404E-01 0.3044E-01
 E_tot(eV)            = -.13291853170315E+06    0.3438E+02
 -------------------------------------------
 iter=  10   ave_lin=  4.0  iCGmth=   3
 Ef(eV)               = -.1005898E+01
 err of ug            = 0.2073E-02
 dv_ave, drho_tot     = 0.6928E-02 0.1083E-01
 E_tot(eV)            = -.13291316177624E+06    0.5370E+01
 -------------------------------------------
 iter=  11   ave_lin=  4.0  iCGmth=   3
 Ef(eV)               = 0.8593143E+00
 err of ug            = 0.5522E-03
 dv_ave, drho_tot     = 0.3149E-02 0.6004E-02
 E_tot(eV)            = -.13291246769114E+06    0.6941E+00
 -------------------------------------------
 iter=  12   ave_lin=  4.0  iCGmth=   3
 Ef(eV)               = 0.6794527E+00
 err of ug            = 0.3039E-03
 dv_ave, drho_tot     = 0.3579E-02 0.3733E-02
 E_tot(eV)            = -.13291193742744E+06    0.5303E+00
 -------------------------------------------
 iter=  13   ave_lin=  4.0  iCGmth=   3
 Ef(eV)               = 0.5856066E+00
 err of ug            = 0.3580E-03
 dv_ave, drho_tot     = 0.4306E-02 0.2893E-02
 E_tot(eV)            = -.13291140001042E+06    0.5374E+00
 -------------------------------------------
 iter=  14   ave_lin=  4.0  iCGmth=   3
 Ef(eV)               = 0.6723451E+00
 err of ug            = 0.3325E-03
 dv_ave, drho_tot     = 0.5800E-02 0.2292E-02
 E_tot(eV)            = -.13291092287652E+06    0.4771E+00
 -------------------------------------------
 iter=  15   ave_lin=  4.0  iCGmth=   3
 Ef(eV)               = 0.9676374E+00
 err of ug            = 0.3606E-03
 dv_ave, drho_tot     = 0.6590E-02 0.1837E-02
 E_tot(eV)            = -.13291058295753E+06    0.3399E+00
 -------------------------------------------
 iter=  16   ave_lin=  4.0  iCGmth=   3
 Ef(eV)               = 0.1037223E+01
 err of ug            = 0.2658E-03
 dv_ave, drho_tot     = 0.4379E-02 0.1401E-02
 E_tot(eV)            = -.13291050490283E+06    0.7805E-01
 -------------------------------------------
 iter=  17   ave_lin=  4.0  iCGmth=   3
 Ef(eV)               = 0.1224424E+01
 err of ug            = 0.2049E-03
 dv_ave, drho_tot     = 0.3795E-02 0.1087E-02
 E_tot(eV)            = -.13291047903758E+06    0.2587E-01
 -------------------------------------------
 iter=  18   ave_lin=  4.0  iCGmth=   3
 Ef(eV)               = 0.1406394E+01
 err of ug            = 0.1317E-03
 dv_ave, drho_tot     = 0.2903E-02 0.8088E-03
 E_tot(eV)            = -.13291046506223E+06    0.1398E-01
 -------------------------------------------
 iter=  19   ave_lin=  4.0  iCGmth=   3
 Ef(eV)               = 0.1661003E+01
 err of ug            = 0.1106E-03
 dv_ave, drho_tot     = 0.2573E-02 0.6165E-03
 E_tot(eV)            = -.13291044811850E+06    0.1694E-01
 -------------------------------------------
 iter=  20   ave_lin=  4.0  iCGmth=   3
 Ef(eV)               = 0.1864009E+01
 err of ug            = 0.9999E-04
 dv_ave, drho_tot     = 0.2379E-02 0.4628E-03
 E_tot(eV)            = -.13291043428256E+06    0.1384E-01
 -------------------------------------------
 iter=  21   ave_lin=  4.0  iCGmth=   3
 Ef(eV)               = 0.1993279E+01
 err of ug            = 0.6662E-04
 dv_ave, drho_tot     = 0.1013E-02 0.3800E-03
 E_tot(eV)            = -.13291042696728E+06    0.7315E-02
 -------------------------------------------
 iter=  22   ave_lin=  4.0  iCGmth=   3
 Ef(eV)               = 0.2060716E+01
 err of ug            = 0.6350E-04
 dv_ave, drho_tot     = 0.1054E-02 0.3091E-03
 E_tot(eV)            = -.13291042034963E+06    0.6618E-02
 -------------------------------------------
 iter=  23   ave_lin=  4.0  iCGmth=   3
 Ef(eV)               = 0.2114778E+01
 err of ug            = 0.5405E-04
 dv_ave, drho_tot     = 0.8749E-03 0.2484E-03
 E_tot(eV)            = -.13291041687059E+06    0.3479E-02
 -------------------------------------------
 E_Fermi(eV)=   2.11477751238026     
 ---------------------------------------------------
 Ef(eV)               = 0.2114778E+01
 dvE, dvE(n)-dvE(n-1) = 0.7654E-06 -.3449E-06
 dv_ave, drho_tot     = 0.8749E-03 0.2484E-03
 err of ug            = 0.5405E-04
 ---------------------------------------------------
 ending_scf_reason = tol Etot_err  5.279008887880000E-003
 Ewald        = -.41876607880374E+05
 Alpha        = 0.15207970391171E+04
 E_extV       = 0.00000000000000E+00    0.0000E+00
 E_NSC        = -.21384225202820E+05    0.7245E+00
 E[-rho*V_Hxc]= -.12249516293557E+06    -.7210E+00
 E_Hxc        = 0.51324782109062E+05    0.7334E+00
 -TS          = -.70256132600897E-09    -.5804E-09
 E_tot(eV)    = -.13291041687059E+06    0.3479E-02
 E_tot(Ryd)   = -.97687355412841E+04    0.1279E-03
 ---------------------------------------------------
 ---------------------------------------------------
 occup for:      kpt=1,spin=1,m=(totN/2-2,totN/2+2)
   1.000    1.000    1.000    0.000    0.000
 eigen(eV) for:  kpt=1,spin=1,m=(totN/2-2,totN/2+2)
  -1.987   -1.903   -1.875    2.644    2.799
 ---------------------------------------------------
 ---------------------------------------------------
 E_Hart,E_xc,E_ion =0.80114929628893E+05  -.28790147519831E+05  -.22323260303968E+06
 E_Hxc+E_ion       =-.17190782093061E+06
 E_kin+E_nonloc    =0.79353214901284E+05
 E_rhoVext,E_IVext     =0.00000000000000E+00  0.00000000000000E+00
 E_psiV,E_dDrho =-.10073766720800E+06  0.00000000000000E+00
 ave(vtot):v0 =-.76936881500825E+01
 ave(V_ion_s(or p,d))=ave(V_Hatree)=0; ave(Vtot)=ave(V_xc)=v0
 ---------------------------------------------------
 *********************************
 Eigen energies are values after setting ave(Vtot)=0
 For Vtot=V_ion+V_Hartree+V_xc, and
 ave(V_ion+V_Hatree)=0, ave(V_xc).ne.0:  E=E+v0
 *********************************
iislda,kpt=   1,    1      0.000000     0.000000     0.000000             kpoint in xyz unit 
 err of each states, A.U
  0.319395E-03     0.546459E-04     0.149663E-04     0.509854E-04     0.228309E-04
  0.147018E-04     0.103514E-03     0.416214E-04     0.254341E-04     0.144517E-04
  0.137498E-04     0.250737E-04     0.184387E-04     0.128363E-04     0.135483E-04
  0.385550E-04     0.861426E-04     0.202230E-04     0.273471E-04     0.232550E-04
  0.203911E-04     0.157110E-04     0.184363E-04     0.227023E-04     0.171984E-04
  0.169866E-04     0.140616E-04     0.227900E-04     0.396247E-04     0.168020E-04
  0.249062E-04     0.287593E-04     0.750019E-04     0.141022E-04     0.357127E-04
  0.134683E-04     0.149831E-04     0.217156E-04     0.157506E-04     0.149919E-04
  0.149318E-04     0.138985E-04     0.252574E-04     0.176203E-04     0.179327E-04
  0.216749E-04     0.239795E-04     0.155356E-04     0.188721E-04     0.197241E-04
  0.760286E-04     0.150314E-04     0.257286E-04     0.169239E-04     0.764805E-04
  0.866842E-04     0.216145E-04     0.176078E-04     0.253802E-04     0.197004E-04
  0.649737E-04     0.605189E-04     0.208214E-04     0.426292E-04     0.188428E-04
  0.186747E-04     0.137415E-04     0.216565E-04     0.176745E-04     0.180265E-04
  0.213338E-04     0.266883E-04     0.217100E-04     0.144870E-04     0.189915E-04
  0.469832E-04     0.328590E-04     0.139979E-04     0.177812E-04     0.123163E-04
  0.132333E-04     0.134167E-04     0.111598E-04     0.568397E-04     0.131078E-04
  0.127398E-04     0.130480E-04     0.163297E-04     0.132736E-03     0.174046E-04
  0.122274E-04     0.125849E-04     0.101405E-04     0.170831E-04     0.128351E-04
  0.168371E-04     0.158126E-04     0.704533E-04     0.164122E-04     0.117272E-04
  0.134119E-04     0.159767E-04     0.142087E-04     0.134384E-04     0.116372E-04
  0.454840E-04     0.117682E-04     0.107728E-04     0.147049E-04     0.196393E-04
  0.130125E-04     0.295529E-04     0.218729E-04     0.138281E-04     0.373243E-04
  0.448673E-04     0.146368E-04     0.140380E-04     0.131653E-04     0.114901E-04
  0.129802E-04     0.198356E-04     0.118817E-04     0.632502E-04     0.903368E-04
  0.113390E-04     0.191768E-04     0.154713E-04     0.125227E-04     0.326507E-04
  0.167514E-04     0.179283E-04     0.155598E-04     0.119092E-04     0.122516E-04
  0.149264E-04     0.245513E-04     0.163622E-04     0.222881E-04     0.264932E-04
  0.134012E-04     0.585022E-04     0.251854E-04     0.354466E-04     0.385721E-04
  0.208184E-04     0.111929E-04     0.567843E-04     0.244823E-04     0.122859E-04
  0.221847E-04     0.385641E-04     0.169222E-04     0.162301E-04     0.141449E-04
  0.203707E-04     0.126075E-04     0.208761E-04     0.150114E-04     0.128229E-04
  0.153379E-04     0.218916E-04     0.102579E-04     0.386210E-04     0.133924E-04
  0.219698E-04     0.111375E-04     0.497427E-04     0.257490E-04     0.319549E-04
  0.195653E-04     0.357040E-04     0.137050E-04     0.162982E-04     0.523278E-04
  0.150657E-04     0.228622E-04     0.279693E-04     0.210739E-04     0.145536E-03
  0.162613E-04     0.124724E-04     0.999891E-05     0.160422E-04     0.189811E-04
  0.149667E-04     0.155266E-04     0.100957E-04     0.171314E-04     0.937382E-05
  0.170484E-04     0.136843E-04     0.244307E-04     0.970488E-05     0.208631E-04
  0.195446E-04     0.152608E-04     0.156697E-04     0.199050E-04     0.122016E-04
  0.168779E-04     0.172013E-04     0.138205E-04     0.133371E-04     0.155073E-04
  0.147776E-04     0.108039E-04     0.358027E-04     0.134687E-04     0.138917E-04
  0.247879E-04     0.264356E-04     0.201254E-04     0.220532E-04     0.164812E-04
  0.159615E-04     0.166799E-04     0.124927E-04     0.145221E-04     0.234259E-04
  0.159032E-04     0.194550E-04     0.167783E-04     0.147049E-04     0.130495E-04
  0.156685E-04     0.210891E-04     0.117730E-04     0.120425E-04     0.165741E-04
  0.180154E-04     0.168564E-04     0.222227E-04     0.124959E-04     0.134050E-04
  0.132768E-04     0.143763E-04     0.212220E-04     0.153244E-04     0.127481E-04
  0.110782E-04     0.132042E-04     0.189138E-04     0.204095E-04     0.203807E-04
  0.157461E-04     0.113886E-04     0.213780E-04     0.156097E-04     0.146737E-04
  0.168490E-04     0.160021E-04     0.138795E-04     0.164273E-04     0.152319E-04
  0.163082E-04     0.200232E-04     0.195782E-04     0.205447E-04     0.136677E-04
  0.240773E-04     0.122521E-04     0.148001E-04     0.161527E-04     0.146316E-04
  0.186329E-04     0.182488E-04     0.212304E-04     0.215326E-04     0.170276E-04
  0.147185E-04     0.137632E-04     0.172623E-04     0.170402E-04     0.165796E-04
  0.229806E-04     0.225782E-04     0.331209E-04     0.174467E-04     0.276846E-04
  0.230885E-04     0.210522E-04     0.193329E-04     0.212673E-04     0.149044E-04
  0.170136E-04     0.202322E-04     0.214757E-04     0.288986E-04     0.287631E-04
  0.166396E-04     0.157318E-04     0.125378E-04     0.362632E-04     0.232259E-04
  0.170165E-04     0.212013E-04     0.167497E-04     0.233568E-04     0.228032E-04
  0.233346E-04     0.137605E-04     0.199198E-04     0.148416E-04     0.142845E-04
  0.259437E-04     0.204486E-04     0.217315E-04     0.302400E-04     0.228541E-04
  0.244077E-04     0.216517E-04     0.313201E-04     0.216903E-04     0.172610E-04
  0.327607E-04     0.215430E-04     0.263998E-04     0.255711E-04     0.212871E-04
  0.200531E-04     0.193688E-04     0.215015E-04     0.235468E-04     0.241505E-04
  0.223495E-04     0.257657E-04     0.251678E-04     0.217639E-04     0.218993E-04
  0.401293E-04     0.251511E-04     0.219748E-04     0.233918E-04     0.278516E-04
  0.305521E-04     0.225793E-04     0.263162E-04     0.279805E-04     0.223140E-04
  0.178244E-04     0.273566E-04     0.243333E-04     0.270385E-04     0.265445E-04
  0.211632E-04     0.251014E-04     0.253201E-04     0.252324E-04     0.227712E-04
  0.260703E-04     0.200117E-04     0.222098E-04     0.240896E-04     0.279414E-04
  0.248614E-04     0.208235E-04     0.286728E-04     0.208648E-04     0.172842E-04
  0.254234E-04     0.234791E-04     0.222779E-04     0.163806E-04     0.217104E-04
  0.235620E-04     0.286457E-04     0.313618E-04     0.312439E-04     0.161382E-04
  0.239008E-04     0.234787E-04     0.215658E-04     0.243146E-04     0.201730E-04
  0.270940E-04     0.167085E-04     0.248757E-04     0.284620E-04     0.202828E-04
  0.237793E-04     0.240298E-04     0.224916E-04     0.302277E-04     0.226125E-04
  0.213727E-04     0.175707E-04     0.231793E-04     0.254915E-04     0.239928E-04
  0.305368E-04     0.327881E-04     0.344720E-04     0.351402E-04     0.181985E-04
  0.281956E-04     0.243290E-04     0.259089E-04     0.205328E-04     0.338545E-04
  0.252004E-04     0.257587E-04     0.245316E-04     0.251982E-04     0.208638E-04
  0.279834E-04     0.234845E-04     0.217307E-04     0.247463E-04     0.271184E-04
  0.246580E-04     0.289612E-04     0.336162E-04     0.253827E-04     0.283964E-04
  0.449987E-04     0.265614E-04     0.257894E-04     0.254950E-04     0.275598E-04
  0.473463E-04     0.282724E-04     0.398489E-04     0.336705E-04     0.354020E-04
  0.404307E-04     0.379024E-04     0.346517E-04     0.247894E-04     0.258255E-04
  0.242363E-04     0.325444E-04     0.319334E-04     0.271531E-04     0.309760E-04
  0.288539E-04     0.355491E-04     0.357767E-04     0.385791E-04     0.432940E-04
  0.308367E-04     0.255079E-04     0.252146E-04     0.305339E-04     0.311737E-04
  0.296053E-04     0.198371E-04     0.286129E-04     0.280518E-04     0.351631E-04
  0.270122E-04     0.231065E-04     0.517590E-04     0.271264E-04     0.272996E-04
  0.246362E-04     0.283274E-04     0.346229E-04     0.219042E-04     0.307991E-04
  0.314300E-04     0.276586E-04     0.213545E-04     0.234028E-04     0.408584E-04
  0.309583E-04     0.202366E-04     0.279886E-04     0.461512E-04     0.317302E-04
  0.294562E-04     0.261929E-04     0.162420E-04     0.257524E-04     0.200311E-04
  0.205436E-04     0.290984E-04     0.289273E-04     0.297062E-04     0.314703E-04
  0.277493E-04     0.327540E-04     0.420007E-04     0.417884E-04     0.212620E-04
  0.216615E-04     0.283226E-04     0.190865E-04     0.251677E-04     0.192561E-04
  0.187534E-04     0.205679E-04     0.226342E-04     0.210344E-04     0.186634E-04
  0.199090E-04     0.216406E-04     0.212008E-04     0.204754E-04     0.231800E-04
  0.227681E-04     0.185497E-04     0.186126E-04     0.183099E-04     0.207655E-04
  0.209199E-04     0.214290E-04     0.200149E-04     0.265052E-04     0.202055E-04
  0.214559E-04     0.273206E-04     0.203602E-04     0.229956E-04     0.210531E-04
  0.218384E-04     0.295371E-04     0.231781E-04     0.328597E-04     0.335838E-04
  0.202822E-04     0.309341E-04     0.216342E-04     0.162489E-04     0.420561E-04
  0.326096E-04     0.240187E-04     0.293912E-04     0.196830E-04     0.241077E-04
  0.146856E-04     0.178450E-04     0.274235E-04     0.310377E-04     0.251572E-04
  0.204040E-04     0.223954E-04     0.240493E-04     0.174246E-04     0.256703E-04
  0.237686E-04     0.158104E-04     0.218351E-04     0.303153E-04     0.254105E-04
  0.217430E-04     0.297642E-04     0.201032E-04     0.227221E-04     0.259934E-04
  0.177219E-04     0.243881E-04     0.168124E-04     0.256923E-04     0.195468E-04
  0.154926E-04     0.215879E-04     0.229605E-04     0.188234E-04     0.209877E-04
  0.211702E-04     0.261664E-04     0.252646E-04     0.204571E-04     0.230261E-04
  0.179990E-04     0.238451E-04     0.201433E-04     0.189703E-04     0.225767E-04
  0.233372E-04     0.217746E-04     0.208775E-04     0.234813E-04     0.229318E-04
  0.289201E-04     0.230690E-04     0.206168E-04     0.290634E-04     0.190271E-04
  0.215212E-04     0.196953E-04     0.197757E-04     0.218835E-04     0.228156E-04
  0.175708E-04     0.245591E-04     0.226832E-04     0.237745E-04     0.191923E-04
  0.279665E-04     0.319605E-04     0.240653E-04     0.215697E-04     0.224681E-04
  0.189787E-04     0.219313E-04     0.248556E-04     0.187457E-04     0.214923E-04
  0.236632E-04     0.234177E-04     0.231145E-04     0.217933E-04     0.221277E-04
  0.223749E-04     0.206382E-04     0.213807E-04     0.224482E-04     0.163476E-04
  0.262656E-04     0.206108E-04     0.201228E-04     0.256711E-04     0.182855E-04
  0.198781E-04     0.228170E-04     0.252898E-04     0.237063E-04     0.261127E-04
  0.228463E-04     0.227838E-04     0.219075E-04     0.194736E-04     0.218947E-04
  0.347236E-04     0.287428E-04     0.232132E-04     0.221101E-04     0.185224E-04
  0.210094E-04     0.204427E-04     0.218736E-04     0.213285E-04     0.216650E-04
  0.216961E-04     0.249508E-04     0.220422E-04     0.235431E-04     0.229201E-04
  0.252747E-04     0.200718E-04     0.222784E-04     0.237294E-04     0.163926E-04
  0.239013E-04     0.257067E-04     0.211588E-04     0.239284E-04     0.183017E-04
  0.238719E-04     0.260248E-04     0.246066E-04     0.283820E-04     0.297732E-04
  0.243558E-04     0.221278E-04     0.220533E-04     0.249777E-04     0.211473E-04
  0.245358E-04     0.256926E-04     0.207801E-04     0.261963E-04     0.234114E-04
  0.261570E-04     0.245596E-04     0.269464E-04     0.259220E-04     0.247233E-04
  0.253665E-04     0.274407E-04     0.268717E-04     0.252744E-04     0.285768E-04
  0.212081E-04     0.309462E-04     0.256527E-04     0.234073E-04     0.206003E-04
  0.316396E-04     0.339917E-04     0.295283E-04     0.290298E-04     0.259177E-04
  0.250653E-04     0.242526E-04     0.295350E-04     0.245988E-04     0.255073E-04
  0.268590E-04     0.305261E-04     0.314516E-04     0.281392E-04     0.251699E-04
  0.273803E-04     0.245579E-04     0.230861E-04     0.276314E-04     0.258630E-04
  0.205395E-04     0.303327E-04     0.284737E-04     0.249549E-04     0.282320E-04
  0.286071E-04     0.277800E-04     0.274904E-04     0.242424E-04     0.311665E-04
  0.302724E-04     0.268539E-04     0.246090E-04     0.274137E-04     0.284466E-04
  0.260182E-04     0.266604E-04     0.282116E-04     0.297124E-04     0.248098E-04
  0.331294E-04     0.274572E-04     0.270047E-04     0.272239E-04     0.279225E-04
  0.300957E-04     0.265257E-04     0.317717E-04     0.289691E-04     0.283059E-04
  0.269511E-04     0.313690E-04     0.295464E-04     0.345729E-04     0.302665E-04
  0.330423E-04     0.344252E-04     0.336873E-04     0.338601E-04     0.333351E-04
  0.342617E-04     0.261230E-04     0.260083E-04     0.314976E-04     0.307734E-04
  0.372669E-04     0.300334E-04     0.359564E-04     0.314829E-04     0.321973E-04
  0.308744E-04     0.287870E-04     0.304628E-04     0.402694E-04     0.309617E-04
  0.252160E-04     0.302728E-04     0.288701E-04     0.362631E-04     0.288912E-04
  0.399018E-04     0.312918E-04     0.293758E-04     0.295983E-04     0.285564E-04
  0.260174E-04     0.320037E-04     0.287211E-04     0.302574E-04     0.365423E-04
  0.304732E-04     0.262370E-04     0.284998E-04     0.247525E-04     0.328177E-04
  0.304973E-04     0.295758E-04     0.310818E-04     0.310139E-04     0.329919E-04
  0.282092E-04     0.283088E-04     0.294952E-04     0.303421E-04     0.309237E-04
  0.329379E-04     0.321570E-04     0.303135E-04     0.336957E-04     0.284942E-04
  0.329135E-04     0.305845E-04     0.297619E-04     0.317100E-04     0.288914E-04
  0.247167E-04     0.286496E-04     0.321933E-04     0.379211E-04     0.278551E-04
  0.323393E-04     0.306170E-04     0.333421E-04     0.387571E-04     0.323290E-04
  0.311405E-04     0.382426E-04     0.286481E-04     0.267544E-04     0.298790E-04
  0.380968E-04     0.304143E-04     0.321695E-04     0.379488E-04     0.317235E-04
  0.281882E-04     0.431041E-04     0.299738E-04     0.387808E-04     0.312720E-04
  0.355299E-04     0.394913E-04     0.405791E-04     0.361967E-04     0.267447E-04
  0.324310E-04     0.324542E-04     0.293812E-04     0.318248E-04     0.330659E-04
  0.369607E-04     0.299024E-04     0.302202E-04     0.394039E-04     0.314854E-04
  0.334936E-04     0.352770E-04     0.434275E-04     0.391621E-04     0.438640E-04
  0.296893E-04     0.250241E-04     0.337156E-04     0.477901E-04     0.375657E-04
  0.250305E-04     0.275275E-04     0.316026E-04     0.307724E-04     0.266277E-04
  0.251090E-04     0.271268E-04     0.229621E-04     0.284367E-04     0.350177E-04
  0.300649E-04     0.313492E-04     0.320326E-04     0.384158E-04     0.287257E-04
  0.308968E-04     0.272174E-04     0.283732E-04     0.305025E-04     0.255377E-04
  0.429679E-04     0.428978E-04     0.289167E-04     0.419997E-04     0.275927E-04
  0.414945E-04     0.329250E-04     0.356867E-04     0.619660E-04     0.477691E-04
  0.362379E-04     0.441342E-04     0.462274E-04     0.410223E-04     0.450174E-04
  0.297433E-04     0.454793E-04     0.570612E-04     0.313051E-04     0.536485E-04
  0.528137E-04     0.314623E-04     0.449410E-04     0.364844E-04     0.411472E-04
  0.633247E-04     0.379112E-04     0.397145E-04     0.505906E-04     0.332436E-04
  0.386896E-04     0.358246E-04     0.367728E-04     0.371479E-04     0.336191E-04
  0.538556E-04     0.427406E-04     0.299089E-04     0.347295E-04     0.390294E-04
  0.370049E-04     0.335818E-04     0.396324E-04     0.407882E-04     0.499008E-04
  0.326719E-04     0.396362E-04     0.523414E-04     0.348824E-04     0.486133E-04
  0.739865E-04     0.459057E-04     0.299288E-04     0.331581E-04     0.533860E-04
  0.586141E-04     0.475491E-04     0.247307E-04     0.303234E-04     0.254015E-04
  0.358188E-04     0.369271E-04     0.303406E-04     0.372239E-04     0.515944E-04
  0.529397E-04     0.246778E-04     0.273509E-04     0.475315E-04     0.684204E-04
  0.567159E-04     0.266859E-04     0.373030E-04     0.395046E-04     0.302700E-04
  0.379015E-04     0.383802E-04     0.287678E-04     0.378213E-04     0.384707E-04
  0.328708E-04     0.371033E-04     0.357552E-04     0.273724E-04     0.390050E-04
  0.227502E-04     0.310162E-04     0.223491E-04     0.341676E-04     0.337657E-04
  0.392552E-04     0.272320E-04     0.473974E-04     0.385702E-04     0.436708E-04
  0.461340E-04     0.409323E-04     0.397033E-04     0.402618E-04     0.172036E-04
  0.400011E-04     0.356448E-04     0.441916E-04     0.270444E-04     0.286793E-04
  0.749641E-04     0.962272E-04     0.179711E-03     0.113849E-03     0.158319E-03
  0.204026E-03     0.145763E-03     0.167146E-03     0.268967E-03     0.211656E-03
  0.379042E-03     0.279929E-03     0.534579E-03     0.661809E-03     0.558705E-03
  0.553060E-03     0.342095E-03     0.825179E-03     0.782236E-03     0.106827E-02
  0.128893E-02     0.114768E-02     0.942709E-03     0.129462E-02     0.190214E-02
  0.148444E-02     0.136374E-02     0.165449E-02     0.120725E-02     0.182615E-02
  0.166338E-02     0.160483E-02     0.254586E-02     0.222255E-02     0.230867E-02
  0.313785E-02     0.177741E-02     0.394915E-02     0.330751E-02     0.437672E-02
  0.498578E-02     0.360735E-02     0.441939E-02     0.407015E-02     0.506750E-02
  0.594868E-02     0.477272E-02     0.382612E-02     0.747702E-02     0.624846E-02
  0.527957E-02     0.634340E-02     0.660424E-02     0.122953E-01     0.115137E-01
  0.112823E-01     0.736517E-02     0.206723E-01
 eigen energies, in eV 
    -44.454602       -44.428179       -44.382272       -44.200107       -43.913446
    -28.393870       -28.300772       -28.269072       -28.258651       -28.200852
    -28.099907       -28.091601       -28.070570       -28.048022       -27.867534
    -27.860377       -27.853047       -27.850863       -27.840253       -27.819053
    -27.814339       -27.805912       -27.801589       -27.792126       -27.785822
    -27.770426       -27.741530       -27.741310       -27.704990       -27.702495
    -27.625070       -27.618596       -27.606947       -27.532605       -27.516299
    -27.515657       -27.482953       -27.441252       -27.440204       -27.428708
    -27.413505       -27.413290       -27.381027       -27.359220       -27.279857
    -27.254893       -27.232523       -27.206577       -27.195249       -27.191466
    -27.184411       -27.178279       -27.158413       -27.155936       -27.127685
    -27.093687       -27.092626       -27.032213       -27.026373       -27.018936
    -26.980975       -26.955580       -26.926843       -26.847969       -26.828139
    -26.802011       -26.747579       -26.745363       -26.685770       -26.661780
    -26.648409       -26.627347       -26.561131       -26.508445       -26.491835
    -26.385960       -26.372297       -26.333329       -26.294422       -26.282527
    -26.281872       -26.278939       -26.246912       -26.218198       -26.196842
    -26.188205       -26.104738       -26.097068       -26.089199       -26.084594
    -26.068141       -25.996423       -25.993448       -25.964402       -25.949288
    -25.933489       -25.933089       -25.889002       -25.878376       -25.864583
    -25.841301       -25.797942       -25.795721       -25.788272       -25.761615
    -25.748353       -25.728636       -25.725602       -25.723957       -25.699923
    -25.693518       -25.680304       -25.664535       -25.650782       -25.629964
    -25.614556       -25.598228       -25.593762       -25.588845       -25.573492
    -25.563587       -25.549402       -25.545454       -25.497450       -25.487109
    -25.473912       -25.436189       -25.432293       -25.425846       -25.375783
    -25.373582       -25.309506       -25.261782       -25.169651       -25.158621
    -23.906726       -23.816505       -23.799569       -23.769651       -23.544148
    -23.498687       -23.433951       -23.388863       -23.385464       -23.347872
    -23.332590       -23.285209       -23.175095       -23.172955       -23.164506
    -23.144646       -23.090388       -23.080839       -23.077835       -23.073099
    -23.068445       -23.063581       -23.058247       -23.049362       -22.993926
    -22.949618       -22.878488       -22.872065       -22.833696       -22.830849
    -22.799076       -22.790506       -22.458082       -22.378811       -22.086914
    -22.048323       -21.560812       -21.530979       -21.329149       -21.306153
    -21.299381       -21.298793       -21.207706       -21.197704       -21.121343
    -21.083984       -21.081085       -21.053907       -21.047316       -20.901593
    -20.818768       -20.816373       -20.791093       -20.746344       -20.676354
    -18.438833       -18.420817       -18.203074       -18.145039       -18.053115
    -16.521004       -16.248310       -16.214026       -16.126039       -16.115900
    -16.030339       -16.013204       -16.009598       -15.931972       -15.821745
    -15.819586       -15.753758       -15.694681       -15.654095       -15.534507
    -15.288663       -15.256456       -15.006726       -14.999311       -14.950440
    -14.920342       -14.906543       -14.823486       -14.820359       -14.778581
    -14.737438       -14.728856       -14.662533       -14.636404       -14.615337
    -14.606419       -14.548784       -14.492232       -14.470902       -14.384425
    -14.369021       -14.364010       -14.343464       -14.338436       -14.318431
    -13.903992       -13.767635       -13.726278       -13.701025       -13.677278
    -13.612807       -13.596474       -13.572958       -13.559657       -13.556528
    -13.554128       -13.509777       -13.497793       -13.472925       -13.459864
    -13.457520       -13.422424       -13.416747       -13.401897       -13.367618
    -13.355607       -13.341920       -13.339429       -13.291842       -13.244731
    -13.207318       -13.190856       -13.187234       -12.991394       -12.916082
    -12.198022       -12.169260       -12.135857       -12.125987       -12.117641
    -12.014102       -11.985512       -11.953620       -11.928785       -11.919881
    -11.890676       -11.838305       -11.819775       -11.788921       -11.784379
    -11.676895       -11.637608       -11.605204       -11.575817       -11.531655
    -11.493001       -11.482575       -11.450731       -11.447095       -11.445782
    -11.434351       -11.420777       -11.403712       -11.366988       -11.318089
    -11.279999       -11.277857       -11.267512       -11.204767       -11.183323
    -11.157343       -11.029642       -10.973904       -10.934874       -10.934368
    -10.865561       -10.745256       -10.726583       -10.706419       -10.696506
    -10.677931       -10.598006       -10.574917       -10.552739       -10.549646
    -10.494791       -10.477515       -10.470990       -10.427769       -10.422730
    -10.418236       -10.403445       -10.382992       -10.372073       -10.363826
    -10.353625       -10.348826       -10.321499       -10.313349       -10.298839
    -10.288023       -10.267071       -10.260121       -10.247169       -10.236534
    -10.224264       -10.217837       -10.205025       -10.189442       -10.184893
    -10.182435       -10.123759       -10.117737       -10.108776       -10.067357
    -10.050042       -10.045154       -10.038498        -9.997892        -9.982878
     -9.981707        -9.969824        -9.959414        -9.955673        -9.951397
     -9.938153        -9.926026        -9.906102        -9.904707        -9.896741
     -9.888897        -9.872172        -9.853992        -9.827163        -9.822720
     -9.812572        -9.796941        -9.795516        -9.787423        -9.763887
     -9.744677        -9.725830        -9.714769        -9.699907        -9.691377
     -9.688702        -9.682866        -9.673525        -9.641407        -9.627072
     -9.618549        -9.609985        -9.600047        -9.587078        -9.576718
     -9.574420        -9.558939        -9.543700        -9.527253        -9.516996
     -9.510368        -9.500517        -9.481654        -9.478985        -9.463239
     -9.450108        -9.449191        -9.423440        -9.405946        -9.388801
     -9.359603        -9.334781        -9.298251        -9.290127        -9.283395
     -9.278319        -9.275405        -9.267701        -9.257317        -9.253350
     -9.240259        -9.225044        -9.213937        -9.197650        -9.188555
     -9.163262        -9.125089        -9.110012        -9.106624        -9.096904
     -9.076621        -9.071172        -9.055829        -9.051266        -9.044967
     -9.037416        -9.030893        -9.018850        -9.002468        -8.997113
     -8.988976        -8.956239        -8.947338        -8.906477        -8.897096
     -8.886172        -8.874162        -8.868727        -8.859173        -8.857674
     -8.842115        -8.840407        -8.833322        -8.817275        -8.802682
     -8.785547        -8.776550        -8.759193        -8.743824        -8.710432
     -8.702874        -8.686911        -8.674396        -8.666322        -8.639304
     -8.635925        -8.615211        -8.595228        -8.584815        -8.567323
     -8.563830        -8.516856        -8.511851        -8.487885        -8.464646
     -8.448126        -8.439508        -8.431632        -8.421338        -8.392082
     -8.377726        -8.363538        -8.333816        -8.292640        -8.287104
     -8.283264        -8.267505        -8.262276        -8.242316        -8.205633
     -8.197679        -8.188038        -8.143609        -8.131178        -8.123570
     -8.060497        -7.994416        -7.990800        -7.976494        -7.957815
     -7.938503        -7.931056        -7.894251        -7.884446        -7.872425
     -7.856708        -7.821878        -7.778506        -7.774715        -7.769836
     -7.755828        -7.707413        -7.696354        -7.668129        -7.662958
     -7.625677        -7.616825        -7.595221        -7.587751        -7.573318
     -7.546837        -7.540632        -7.505293        -7.498487        -7.494060
     -7.425881        -7.398577        -7.386826        -7.349884        -7.334346
     -7.305687        -7.250735        -7.241893        -7.233365        -7.206611
     -7.192481        -7.180802        -7.175973        -7.148157        -7.122161
     -7.112196        -7.098433        -7.077508        -7.075175        -7.068735
     -7.063084        -7.053938        -7.043059        -6.988177        -6.983862
     -6.975981        -6.960095        -6.925089        -6.913308        -6.884649
     -6.874460        -6.841894        -6.832640        -6.817389        -6.813217
     -6.793864        -6.787120        -6.759217        -6.737293        -6.710117
     -6.706523        -6.685170        -6.673949        -6.646749        -6.638510
     -6.612143        -6.609186        -6.598493        -6.595200        -6.568911
     -6.558524        -6.537794        -6.535078        -6.521084        -6.514565
     -6.500778        -6.498003        -6.488639        -6.466433        -6.452013
     -6.431297        -6.425893        -6.414381        -6.409247        -6.388187
     -6.383817        -6.380843        -6.357897        -6.352173        -6.343827
     -6.334679        -6.328392        -6.320568        -6.318287        -6.307414
     -6.302980        -6.293538        -6.284471        -6.269008        -6.258406
     -6.254915        -6.251062        -6.247574        -6.228204        -6.223088
     -6.201628        -6.190420        -6.176810        -6.169431        -6.158501
     -6.154539        -6.146130        -6.143995        -6.133964        -6.108604
     -6.093938        -6.087811        -6.069122        -6.062685        -6.061528
     -6.053640        -6.052149        -6.031888        -6.031524        -6.024044
     -6.019784        -6.016348        -6.003288        -5.995271        -5.984308
     -5.979243        -5.978541        -5.953424        -5.949774        -5.938477
     -5.932112        -5.926257        -5.923438        -5.917503        -5.905476
     -5.899180        -5.889704        -5.883875        -5.867716        -5.857027
     -5.847739        -5.840993        -5.834763        -5.831899        -5.818066
     -5.811984        -5.810621        -5.797600        -5.777313        -5.764044
     -5.758780        -5.753425        -5.741352        -5.736518        -5.733031
     -5.726069        -5.719004        -5.707606        -5.703133        -5.695065
     -5.690312        -5.677029        -5.673631        -5.667328        -5.654221
     -5.653298        -5.651215        -5.641549        -5.632505        -5.622287
     -5.618709        -5.608720        -5.604301        -5.599202        -5.588103
     -5.581012        -5.575863        -5.571660        -5.567161        -5.558802
     -5.558076        -5.549382        -5.539305        -5.534175        -5.530118
     -5.528619        -5.514686        -5.509508        -5.505257        -5.501316
     -5.495486        -5.491615        -5.483516        -5.481365        -5.472430
     -5.465604        -5.459559        -5.455547        -5.437448        -5.429885
     -5.423153        -5.419450        -5.417457        -5.412353        -5.406489
     -5.400344        -5.393897        -5.383055        -5.378651        -5.377727
     -5.371501        -5.367788        -5.354215        -5.341185        -5.337416
     -5.333410        -5.329055        -5.320608        -5.305504        -5.299179
     -5.286162        -5.283732        -5.279704        -5.268479        -5.265553
     -5.259049        -5.248700        -5.242303        -5.240989        -5.238669
     -5.231506        -5.219299        -5.218101        -5.213630        -5.204077
     -5.200772        -5.195503        -5.192415        -5.185101        -5.177401
     -5.168859        -5.160584        -5.157207        -5.151174        -5.145437
     -5.135443        -5.121265        -5.109230        -5.106219        -5.104153
     -5.099382        -5.092807        -5.086431        -5.079236        -5.074400
     -5.060538        -5.056362        -5.051824        -5.047580        -5.041304
     -5.038739        -5.031904        -5.025256        -5.018408        -5.014384
     -5.008945        -5.002929        -4.994936        -4.988157        -4.985307
     -4.974555        -4.967896        -4.959261        -4.952067        -4.950272
     -4.938293        -4.930837        -4.924401        -4.919328        -4.910941
     -4.904606        -4.901303        -4.899929        -4.891629        -4.885046
     -4.881021        -4.875609        -4.872888        -4.865754        -4.861525
     -4.857165        -4.851481        -4.846575        -4.844868        -4.840712
     -4.834060        -4.827171        -4.819730        -4.816200        -4.813724
     -4.801249        -4.794432        -4.787196        -4.777471        -4.767428
     -4.764440        -4.754682        -4.747432        -4.730146        -4.722616
     -4.718535        -4.705854        -4.693558        -4.683690        -4.677691
     -4.669831        -4.662827        -4.651007        -4.642125        -4.635050
     -4.629788        -4.627684        -4.621098        -4.608901        -4.590890
     -4.584119        -4.562498        -4.561579        -4.545232        -4.543344
     -4.536150        -4.526591        -4.523411        -4.514540        -4.496160
     -4.483142        -4.479379        -4.464079        -4.461257        -4.441154
     -4.411785        -4.404116        -4.382556        -4.336272        -4.321746
     -4.310234        -4.299861        -4.277514        -4.265946        -4.259912
     -4.243321        -4.210646        -4.178214        -4.158950        -4.142059
     -4.117106        -4.110715        -4.081197        -4.066362        -4.062315
     -4.051383        -4.040034        -3.978328        -3.966117        -3.951475
     -3.940537        -3.910043        -3.892362        -3.886596        -3.873531
     -3.858137        -3.850168        -3.815002        -3.797518        -3.791648
     -3.774539        -3.744619        -3.731060        -3.703981        -3.699272
     -3.674390        -3.655384        -3.645324        -3.623738        -3.610034
     -3.595978        -3.586109        -3.568922        -3.563498        -3.545472
     -3.533866        -3.529648        -3.523122        -3.512306        -3.488949
     -3.469148        -3.462472        -3.453482        -3.445086        -3.435509
     -3.424153        -3.416694        -3.407398        -3.400168        -3.392815
     -3.385637        -3.370388        -3.366727        -3.359602        -3.330381
     -3.307922        -3.306946        -3.297293        -3.294477        -3.294287
     -3.271835        -3.260715        -3.248440        -3.243502        -3.182725
     -3.178339        -3.173165        -3.162492        -3.146719        -3.118044
     -3.102909        -3.099923        -3.076856        -3.054788        -3.042172
     -3.023419        -2.990880        -2.982424        -2.953959        -2.901850
     -2.885533        -2.876302        -2.799469        -2.765209        -2.758319
     -2.740532        -2.711188        -2.709784        -2.686851        -2.643891
     -2.632970        -2.630425        -2.628244        -2.606733        -2.595563
     -2.561120        -2.521052        -2.453090        -2.426920        -2.421639
     -2.382117        -2.374218        -2.317887        -2.274614        -2.259228
     -2.249780        -2.241393        -2.228126        -2.210212        -2.129833
     -2.117940        -1.998017        -1.987022        -1.902574        -1.874640
      2.644347         2.799225         2.856402         3.030566         3.058934
      3.067938         3.141758         3.161928         3.171813         3.196961
      3.322087         3.354736         3.420911         3.436805         3.470953
      3.498416         3.581021         3.616161         3.626884         3.682097
      3.729833         3.749506         3.760690         3.813534         3.819545
      3.842861         3.873497         3.891693         3.921573         3.949913
      3.982639         4.013615         4.021167         4.036573         4.055119
      4.064194         4.096656         4.104319         4.123279         4.156425
      4.160059         4.189369         4.199780         4.229305         4.232044
      4.261724         4.291171         4.322035         4.359118         4.385196
      4.399850         4.407874         4.434077         4.447713         4.473766
      4.506384         4.521951         4.526098
 *********************************
 total computation time (sec)=   1995.76615905762     
