 AEM_Eatom=  0.828261559297347     
 AEM_Egroup=  0.120702169191401     
 AEM_Etot=  1.056919229408468E-002
 AEM_F=   1.48010708400447     
