 AEM_Eatom=  6.430359323508394E-003
 AEM_Egroup=  4.194258404517213E-004
 AEM_Etot=  8.681571307477265E-004
 AEM_F=  0.500673582844422     
