           4           1
 PRECISION  = SINGLE     
 JOB       = SCF
 IN.PSP1   = /home/sabs/shenjie/Pseudopotential/Li.nc.pbe.UPF
 IN.PSP2   = /home/sabs/shenjie/Pseudopotential/C.nc.pbe.UPF
 IN.PSP3   = /home/sabs/shenjie/Pseudopotential/O.nc.pbe.UPF
 IN.PSP4   = /home/sabs/shenjie/Pseudopotential/N.nc.pbe.UPF
 IN.PSP5   = /home/sabs/shenjie/Pseudopotential/S.nc.pbe.UPF
 IN.PSP6   = /home/sabs/shenjie/Pseudopotential/F.nc.pbe.UPF
 IN.PSP7   = /home/sabs/shenjie/Pseudopotential/H.nc.pbe.UPF
 IN.PSP8   = /home/sabs/shenjie/Pseudopotential/P.nc.pbe.UPF
 IN.ATOM   = atom.config         
 CONVERGENCE  = EASY
 ACCURACY  = NORM
 VFF_DETAIL =   1   500  0.50000000E-02     30.00000     4.00000     0.00000     1.00000  
 EGG_DETAIL =            3           3           3
 SPIN      =   1
 CONSTRAINT_MAG =           0
 RANDOM_SEED=           0
 QIJ_DETAIL =   0  1
 SCF_MIX = CHARGE
 PWSCF_OUTPUT     =  F
 Ecut      =    60.0000000000000     
 Ecut2     =    120.000000000000     
 Ecut2L    =    120.000000000000     
 EcutP    =    60.0000000000000     
 N123      =   120   120   120
 NS123     =    40    40    40
 N123L     =   120   120   120
 STRESS_CORR =   0.100000E+01  0.000000E+00  0.200000E+01  0.000000E+00
 XCFUNCTIONAL = LDA
 HSE_DETAIL    =      1.00000000    1     0.00000000    6 1 1
 RELAX_HSE    =    20   0.50000E-01     2
 VDW       = NONE
 LONDON_S6      =   0.000000000000000E+000
 LONDON_C6(1)      =   -1.00000000000000     
 LONDON_C6(2)      =   -1.00000000000000     
 LONDON_C6(3)      =   -1.00000000000000     
 LONDON_C6(4)      =   -1.00000000000000     
 LONDON_C6(5)      =   -1.00000000000000     
 LONDON_C6(6)      =   -1.00000000000000     
 LONDON_C6(7)      =   -1.00000000000000     
 LONDON_C6(8)      =   -1.00000000000000     
 LONDON_RCUT      =   0.000000000000000E+000
 DFTD3_S6        =   0.000000000000000E+000
 DFTD3_RS6        =   0.000000000000000E+000
 DFTD3_S18        =   0.000000000000000E+000
 DFTD3_RS18        =   0.000000000000000E+000
 DFTD3_ALPHA6        =   0.000000000000000E+000
 DFTD3_VERSION        =            0
 DFTD3_3BODY        =  F
 COULOMB   =    0
 IN.WG     =  F
 OUT.WG    =  F
 IN.RHO    =  F
 OUT.RHOATOM =  F
 OUT.RHO   =  F
 IN.VR     =  F
 OUT.VR    =  F
 OUT.ELF   =  F
 IN.VEXT   =  F
 OUT.VATOM   =  F
 OUT.FORCE =  T
 OUT.STRESS =  F
 IN.KPT    =  F
 IN.SYMM   =  F
 SYMM_PREC =    0.10000E-04
 MP_N123 =      1      1      1      0      0      0      0
 NUM_KPT =            1
 CHARGE_DECOMP = F
 ENERGY_DECOMP = F 
 IN.SOLVENT =  F
 NUM_ELECTRON =   1940.00000000000     
 FIX_FERMI =   F  0.000000E+00  0.000000E+00  0.000000E+00
 IN.NONSCF    =  F
 NUM_BAND  =  1028
 OUT.REAL.RHOWF_SP= 0
 WG_ERROR  =   1.000000000000000E-004
 E_ERROR   =   5.279008887880000E-003
 RHO_ERROR =   5.000000000000000E-005
 RHO_RELATIVE_ERROR      =   0.000000000000000E+000
 FORCE_RELATIVE_ERROR     =   0.000000000000000E+000
 MIN_SCF_ITER     =            1
 SYS_TYPE   =            1
 PULAY_MIX_OPT =     30  1  0       1.00000       0.00000
 PULAY_METRIC_Q0 =       -1.00000
 IN.OCC    =  F          -1
 IN.CC    =  F
 IN.OCC_ADIA    =  F
 SCF_ITER0_1 =    6   4    3    0.0000     0.02500    1
 SCF_ITER0_2 =   94   4    3    1.0000     0.02500    1
 SCF_ITER1_1 =   40   4    3    1.0000     0.02500    1
 NONLOCAL  =  2
 IN.A_FIELD =  F       0.00000       0.00000       0.00000
 RCUT      =    4.00000000000000     
 IN.PSP_RCUT1 =   4.00000000000000     
 IN.PSP_RCUT2 =   4.00000000000000     
 IN.PSP_RCUT3 =   4.00000000000000     
 IN.PSP_RCUT4 =   4.00000000000000     
 IN.PSP_RCUT5 =   4.00000000000000     
 IN.PSP_RCUT6 =   4.00000000000000     
 IN.PSP_RCUT7 =   4.00000000000000     
 IN.PSP_RCUT8 =   4.00000000000000     
 MD_VV_SCALE =    100
 LDAU_PSP1   =           -1  2.721138638331097E-009  2.721138638331097E-009  eV
 LDAU_PSP2   =           -1  2.721138638331097E-009  2.721138638331097E-009  eV
 LDAU_PSP3   =           -1  2.721138638331097E-009  2.721138638331097E-009  eV
 LDAU_PSP4   =           -1  2.721138638331097E-009  2.721138638331097E-009  eV
 LDAU_PSP5   =           -1  2.721138638331097E-009  2.721138638331097E-009  eV
 LDAU_PSP6   =           -1  2.721138638331097E-009  2.721138638331097E-009  eV
 LDAU_PSP7   =           -1  2.721138638331097E-009  2.721138638331097E-009  eV
 LDAU_PSP8   =           -1  2.721138638331097E-009  2.721138638331097E-009  eV
 NUM_BLOCKED_PSI=  F
 WF_STORE2DISK  =            0
 NUM_DOS_GRID =         4000
 NMAP_MAX =        50000
 KERK_AMIN =   0.300000000000000     
 KERK_AMIX =   0.400000000000000     
 KERK_AMIX_MAG =   0.800000000000000     
 KERK_BMIX =   0.500000000000000     
 LDAU_MIX =   0.700000000000000     
 PULAY_WEIGHT_SPIN =    1.00000000000000     
 PULAY_WEIGHT_NS =    1.00000000000000     
 OUT.MLMD    =  F
 NUM_MPI_PER_GPU =     1
 FLAG_CYLINDER =            0
 SET_OUT_FERMI_POS =  F           0
 E_FINITE =  F   0.00000E+00   0.00000E+00   0.00000E+00
 MLINE_EIGEN =      1
 
 ------------------------------------------------
 total number of K-point:           1
   0.00000     0.00000    0.00000     1.00000            
 ------------------------------------------------
 
 
 *********************************************
 *********** end of etot.input report ********
 minimum n1,n2,n3 from Ecut2
     118.970      119.148      119.089
 minimum n1L,n2L,n3L from Ecut2L
     118.970      119.148      119.089
 *********************************************
 
 
Weighted average num_of_PW for all kpoint=                       312673.000
 ************************************
 E_Hxc(eV)         51361.4236687228     
 E_ion(eV)        -223695.074215139     
 E_Coul(eV)        79676.3890906948     
 E_Hxc+E_ion(eV)  -172333.650546416     
 NONSCF     1          AVE_STATE_ERROR= 0.5919E+01
 NONSCF     2          AVE_STATE_ERROR= 0.1636E+01
 NONSCF     3          AVE_STATE_ERROR= 0.5114E+00
 NONSCF     4          AVE_STATE_ERROR= 0.9534E-01
 NONSCF     5          AVE_STATE_ERROR= 0.1572E-01
 NONSCF     6          AVE_STATE_ERROR= 0.3008E-02
 iter=   7   ave_lin=  4.0  iCGmth=   3
 Ef(eV)               = -.1049308E+01
 err of ug            = 0.1179E-02
 dv_ave, drho_tot     = 0.0000E+00 0.1236E+00
 E_tot(eV)            = -.13304985218856E+06    -.1330E+06
 -------------------------------------------
 iter=   8   ave_lin=  4.0  iCGmth=   3
 Ef(eV)               = -.1273384E+01
 err of ug            = 0.1082E-01
 dv_ave, drho_tot     = 0.1755E-01 0.7131E-01
 E_tot(eV)            = -.13294020803763E+06    0.1096E+03
 -------------------------------------------
 iter=   9   ave_lin=  4.0  iCGmth=   3
 Ef(eV)               = -.8630588E+00
 err of ug            = 0.6790E-02
 dv_ave, drho_tot     = 0.1415E-01 0.3051E-01
 E_tot(eV)            = -.13290579432802E+06    0.3441E+02
 -------------------------------------------
 iter=  10   ave_lin=  4.0  iCGmth=   3
 Ef(eV)               = -.7754880E+00
 err of ug            = 0.2125E-02
 dv_ave, drho_tot     = 0.6992E-02 0.1088E-01
 E_tot(eV)            = -.13290024245349E+06    0.5552E+01
 -------------------------------------------
 iter=  11   ave_lin=  4.0  iCGmth=   3
 Ef(eV)               = -.7361910E+00
 err of ug            = 0.5666E-03
 dv_ave, drho_tot     = 0.3099E-02 0.6127E-02
 E_tot(eV)            = -.13289955695907E+06    0.6855E+00
 -------------------------------------------
 iter=  12   ave_lin=  4.0  iCGmth=   3
 Ef(eV)               = -.7107576E+00
 err of ug            = 0.3159E-03
 dv_ave, drho_tot     = 0.3533E-02 0.3658E-02
 E_tot(eV)            = -.13289905077747E+06    0.5062E+00
 -------------------------------------------
 iter=  13   ave_lin=  4.0  iCGmth=   3
 Ef(eV)               = -.6334129E+00
 err of ug            = 0.3479E-03
 dv_ave, drho_tot     = 0.3859E-02 0.2813E-02
 E_tot(eV)            = -.13289858762617E+06    0.4632E+00
 -------------------------------------------
 iter=  14   ave_lin=  4.0  iCGmth=   3
 Ef(eV)               = -.5765535E+00
 err of ug            = 0.3214E-03
 dv_ave, drho_tot     = 0.5271E-02 0.2227E-02
 E_tot(eV)            = -.13289815694840E+06    0.4307E+00
 -------------------------------------------
 iter=  15   ave_lin=  4.0  iCGmth=   3
 Ef(eV)               = -.5175916E+00
 err of ug            = 0.3424E-03
 dv_ave, drho_tot     = 0.6423E-02 0.1784E-02
 E_tot(eV)            = -.13289783193985E+06    0.3250E+00
 -------------------------------------------
 iter=  16   ave_lin=  4.0  iCGmth=   3
 Ef(eV)               = 0.1482883E+01
 err of ug            = 0.2559E-03
 dv_ave, drho_tot     = 0.4343E-02 0.1372E-02
 E_tot(eV)            = -.13289774321589E+06    0.8872E-01
 -------------------------------------------
 iter=  17   ave_lin=  4.0  iCGmth=   3
 Ef(eV)               = 0.1479163E+01
 err of ug            = 0.1921E-03
 dv_ave, drho_tot     = 0.3671E-02 0.1073E-02
 E_tot(eV)            = -.13289771091303E+06    0.3230E-01
 -------------------------------------------
 iter=  18   ave_lin=  4.0  iCGmth=   3
 Ef(eV)               = 0.1557423E+01
 err of ug            = 0.1280E-03
 dv_ave, drho_tot     = 0.2970E-02 0.7971E-03
 E_tot(eV)            = -.13289769375748E+06    0.1716E-01
 -------------------------------------------
 iter=  19   ave_lin=  4.0  iCGmth=   3
 Ef(eV)               = 0.1627634E+01
 err of ug            = 0.1083E-03
 dv_ave, drho_tot     = 0.2436E-02 0.6062E-03
 E_tot(eV)            = -.13289767601849E+06    0.1774E-01
 -------------------------------------------
 iter=  20   ave_lin=  4.0  iCGmth=   3
 Ef(eV)               = 0.1680128E+01
 err of ug            = 0.9518E-04
 dv_ave, drho_tot     = 0.2392E-02 0.4541E-03
 E_tot(eV)            = -.13289766391456E+06    0.1210E-01
 -------------------------------------------
 iter=  21   ave_lin=  4.0  iCGmth=   3
 Ef(eV)               = -.3666285E+00
 err of ug            = 0.6477E-04
 dv_ave, drho_tot     = 0.1125E-02 0.3723E-03
 E_tot(eV)            = -.13289765656585E+06    0.7349E-02
 -------------------------------------------
 iter=  22   ave_lin=  4.0  iCGmth=   3
 Ef(eV)               = -.3476836E+00
 err of ug            = 0.6094E-04
 dv_ave, drho_tot     = 0.1010E-02 0.3022E-03
 E_tot(eV)            = -.13289765045408E+06    0.6112E-02
 -------------------------------------------
 iter=  23   ave_lin=  4.0  iCGmth=   3
 Ef(eV)               = -.3393410E+00
 err of ug            = 0.5302E-04
 dv_ave, drho_tot     = 0.8403E-03 0.2492E-03
 E_tot(eV)            = -.13289764670944E+06    0.3745E-02
 -------------------------------------------
 E_Fermi(eV)= -0.339341026103556     
 ---------------------------------------------------
 Ef(eV)               = -.3393410E+00
 dvE, dvE(n)-dvE(n-1) = 0.7061E-06 -.3136E-06
 dv_ave, drho_tot     = 0.8403E-03 0.2492E-03
 err of ug            = 0.5302E-04
 ---------------------------------------------------
 ending_scf_reason = tol Etot_err  5.279008887880000E-003
 Ewald        = -.40302743199754E+05
 Alpha        = 0.15207970391171E+04
 E_extV       = 0.00000000000000E+00    0.0000E+00
 E_NSC        = -.21581267946433E+05    0.6021E+00
 E[-rho*V_Hxc]= -.12517790946018E+06    -.5984E+00
 E_Hxc        = 0.52643476857815E+05    0.6265E+00
 -TS          = -.35505862133968E-26    0.0000E+00
 E_tot(eV)    = -.13289764670944E+06    0.3745E-02
 E_tot(Ryd)   = -.97677969517437E+04    0.1376E-03
 ---------------------------------------------------
 ---------------------------------------------------
 occup for:      kpt=1,spin=1,m=(totN/2-2,totN/2+2)
   1.000    1.000    1.000    0.000    0.000
 eigen(eV) for:  kpt=1,spin=1,m=(totN/2-2,totN/2+2)
  -1.932   -1.923   -1.625    2.271    2.427
 ---------------------------------------------------
 ---------------------------------------------------
 E_Hart,E_xc,E_ion =0.81500411990228E+05  -.28856935132413E+05  -.22634744983555E+06
 E_Hxc+E_ion       =-.17370397297773E+06
 E_kin+E_nonloc    =0.79588272428928E+05
 E_rhoVext,E_IVext     =0.00000000000000E+00  0.00000000000000E+00
 E_psiV,E_dDrho =-.10116966988353E+06  0.00000000000000E+00
 ave(vtot):v0 =-.76734401121639E+01
 ave(V_ion_s(or p,d))=ave(V_Hatree)=0; ave(Vtot)=ave(V_xc)=v0
 ---------------------------------------------------
 *********************************
 Eigen energies are values after setting ave(Vtot)=0
 For Vtot=V_ion+V_Hartree+V_xc, and
 ave(V_ion+V_Hatree)=0, ave(V_xc).ne.0:  E=E+v0
 *********************************
iislda,kpt=   1,    1      0.000000     0.000000     0.000000             kpoint in xyz unit 
 err of each states, A.U
  0.724238E-03     0.175566E-04     0.142118E-03     0.188265E-04     0.249046E-04
  0.379059E-04     0.245187E-04     0.209851E-04     0.149509E-04     0.325653E-04
  0.198452E-04     0.309634E-04     0.222254E-04     0.157798E-04     0.187250E-04
  0.343430E-04     0.297878E-04     0.755722E-04     0.259153E-04     0.147568E-04
  0.264309E-04     0.538438E-04     0.328088E-04     0.242349E-04     0.140037E-04
  0.330138E-04     0.145424E-04     0.124481E-04     0.159477E-04     0.180520E-04
  0.321822E-04     0.151135E-04     0.184146E-04     0.358716E-04     0.293974E-04
  0.169967E-04     0.280937E-04     0.301945E-04     0.444361E-04     0.180773E-04
  0.420939E-04     0.190055E-04     0.198804E-04     0.163284E-04     0.343483E-04
  0.187811E-04     0.943216E-04     0.171283E-04     0.132089E-03     0.180427E-04
  0.157989E-04     0.153729E-04     0.185441E-04     0.288949E-04     0.260294E-04
  0.285264E-04     0.137042E-03     0.273533E-04     0.265371E-04     0.288760E-04
  0.154116E-04     0.283693E-04     0.133588E-04     0.253992E-04     0.203902E-04
  0.147353E-04     0.201996E-04     0.115915E-04     0.139915E-04     0.134285E-04
  0.256550E-04     0.129226E-04     0.211529E-04     0.305013E-04     0.496602E-04
  0.124473E-04     0.136335E-04     0.136729E-04     0.309059E-04     0.186104E-04
  0.152606E-04     0.124150E-04     0.193703E-04     0.138953E-04     0.131142E-04
  0.410887E-04     0.692127E-04     0.305486E-04     0.132241E-04     0.113207E-04
  0.195198E-04     0.126971E-04     0.290674E-04     0.108155E-04     0.127207E-04
  0.154780E-04     0.141395E-04     0.440409E-04     0.112105E-04     0.118637E-04
  0.175365E-04     0.978587E-04     0.589377E-04     0.227316E-04     0.145816E-04
  0.218222E-04     0.160492E-04     0.130745E-04     0.118261E-04     0.185063E-04
  0.125821E-04     0.423658E-04     0.302301E-04     0.290781E-04     0.186804E-04
  0.175412E-04     0.193660E-04     0.248490E-04     0.160983E-04     0.108434E-04
  0.114392E-04     0.108824E-04     0.232737E-04     0.336539E-04     0.172487E-04
  0.137367E-04     0.591855E-04     0.112698E-04     0.136202E-04     0.157890E-04
  0.124925E-04     0.142084E-04     0.148076E-04     0.147798E-04     0.152205E-04
  0.153018E-04     0.153473E-04     0.130809E-04     0.276126E-04     0.388567E-04
  0.592019E-04     0.191221E-04     0.111584E-04     0.141628E-04     0.695639E-04
  0.111732E-04     0.360283E-04     0.142946E-04     0.120053E-04     0.162352E-04
  0.199631E-04     0.329704E-04     0.637227E-04     0.166474E-04     0.280191E-04
  0.466329E-04     0.594215E-04     0.228247E-04     0.306431E-04     0.134608E-04
  0.213562E-04     0.101021E-04     0.281152E-04     0.248884E-04     0.169245E-04
  0.134364E-04     0.145325E-04     0.238069E-04     0.233910E-04     0.201115E-04
  0.342128E-04     0.242997E-04     0.179493E-04     0.167126E-04     0.129732E-03
  0.200456E-04     0.111188E-03     0.337529E-04     0.968779E-05     0.412462E-04
  0.115808E-04     0.130158E-04     0.141991E-04     0.144560E-04     0.960761E-05
  0.934617E-05     0.242239E-04     0.419003E-04     0.119754E-04     0.986413E-05
  0.140791E-04     0.150822E-04     0.161734E-04     0.164479E-04     0.110166E-04
  0.226741E-04     0.133999E-04     0.113087E-04     0.116773E-04     0.225816E-04
  0.187749E-04     0.182962E-04     0.109903E-04     0.192406E-04     0.175593E-04
  0.276610E-04     0.104925E-04     0.120089E-04     0.284592E-04     0.175215E-04
  0.117885E-04     0.175562E-04     0.122128E-04     0.142286E-04     0.127468E-04
  0.241430E-04     0.178736E-04     0.209596E-04     0.181102E-04     0.139269E-04
  0.119472E-04     0.143962E-04     0.204743E-04     0.152727E-04     0.166347E-04
  0.201139E-04     0.111762E-04     0.993596E-05     0.139725E-04     0.167201E-04
  0.123248E-04     0.208739E-04     0.122196E-04     0.108614E-04     0.163135E-04
  0.137382E-04     0.150111E-04     0.121855E-04     0.168364E-04     0.115435E-04
  0.192942E-04     0.174378E-04     0.246897E-04     0.111882E-04     0.137386E-04
  0.202288E-04     0.213132E-04     0.119867E-04     0.189009E-04     0.231139E-04
  0.149458E-04     0.132648E-04     0.224296E-04     0.158164E-04     0.132506E-04
  0.278585E-04     0.139749E-04     0.154052E-04     0.160979E-04     0.155917E-04
  0.205261E-04     0.198092E-04     0.132347E-04     0.145837E-04     0.161281E-04
  0.156950E-04     0.229247E-04     0.242529E-04     0.173206E-04     0.168436E-04
  0.203489E-04     0.144610E-04     0.206162E-04     0.153989E-04     0.252497E-04
  0.169373E-04     0.156646E-04     0.167723E-04     0.170330E-04     0.207427E-04
  0.236569E-04     0.219762E-04     0.226892E-04     0.212041E-04     0.235822E-04
  0.206093E-04     0.206190E-04     0.189066E-04     0.153530E-04     0.194531E-04
  0.207934E-04     0.170658E-04     0.177940E-04     0.363000E-04     0.290473E-04
  0.125798E-04     0.173711E-04     0.220706E-04     0.185314E-04     0.188470E-04
  0.260271E-04     0.231689E-04     0.218311E-04     0.225991E-04     0.175469E-04
  0.166397E-04     0.180465E-04     0.155394E-04     0.144883E-04     0.156593E-04
  0.213874E-04     0.163064E-04     0.158394E-04     0.180153E-04     0.237533E-04
  0.270271E-04     0.248807E-04     0.337207E-04     0.232295E-04     0.221401E-04
  0.281575E-04     0.260696E-04     0.418968E-04     0.238734E-04     0.240089E-04
  0.215129E-04     0.251349E-04     0.267463E-04     0.194307E-04     0.221089E-04
  0.249617E-04     0.217481E-04     0.236224E-04     0.264377E-04     0.247764E-04
  0.162554E-04     0.167544E-04     0.244470E-04     0.257454E-04     0.190018E-04
  0.254504E-04     0.222792E-04     0.191900E-04     0.213096E-04     0.204529E-04
  0.188658E-04     0.177528E-04     0.216909E-04     0.141788E-04     0.235813E-04
  0.190040E-04     0.270359E-04     0.228922E-04     0.233442E-04     0.199097E-04
  0.254072E-04     0.209991E-04     0.241245E-04     0.247553E-04     0.256415E-04
  0.323294E-04     0.252302E-04     0.199310E-04     0.152375E-04     0.195949E-04
  0.201209E-04     0.233917E-04     0.186452E-04     0.246914E-04     0.180698E-04
  0.235557E-04     0.224764E-04     0.168205E-04     0.233629E-04     0.254810E-04
  0.256214E-04     0.279247E-04     0.262127E-04     0.225419E-04     0.207790E-04
  0.161631E-04     0.187682E-04     0.376928E-04     0.327810E-04     0.283080E-04
  0.189909E-04     0.219553E-04     0.202342E-04     0.206358E-04     0.327312E-04
  0.260768E-04     0.216035E-04     0.316260E-04     0.199620E-04     0.156588E-04
  0.273459E-04     0.198288E-04     0.218381E-04     0.243085E-04     0.332999E-04
  0.269685E-04     0.322075E-04     0.271103E-04     0.236073E-04     0.335192E-04
  0.266647E-04     0.229255E-04     0.270938E-04     0.253282E-04     0.299324E-04
  0.228629E-04     0.243003E-04     0.206055E-04     0.205332E-04     0.194488E-04
  0.187258E-04     0.236120E-04     0.255428E-04     0.205668E-04     0.238719E-04
  0.202002E-04     0.225599E-04     0.214798E-04     0.276003E-04     0.225279E-04
  0.269333E-04     0.303031E-04     0.304888E-04     0.301086E-04     0.280697E-04
  0.255363E-04     0.375996E-04     0.276297E-04     0.302344E-04     0.233591E-04
  0.301045E-04     0.257698E-04     0.256069E-04     0.379813E-04     0.260043E-04
  0.289633E-04     0.240897E-04     0.252086E-04     0.359297E-04     0.199524E-04
  0.346695E-04     0.290759E-04     0.550254E-04     0.213922E-04     0.386362E-04
  0.252094E-04     0.298912E-04     0.366142E-04     0.245673E-04     0.328720E-04
  0.357063E-04     0.320317E-04     0.280527E-04     0.230827E-04     0.227364E-04
  0.215967E-04     0.120084E-04     0.367386E-04     0.170542E-04     0.219313E-04
  0.396901E-04     0.259729E-04     0.312979E-04     0.208336E-04     0.183233E-04
  0.259943E-04     0.187795E-04     0.211569E-04     0.245241E-04     0.434730E-04
  0.212490E-04     0.237191E-04     0.235140E-04     0.296699E-04     0.218057E-04
  0.120781E-04     0.206693E-04     0.313635E-04     0.139055E-04     0.247893E-04
  0.214504E-04     0.189005E-04     0.210783E-04     0.212087E-04     0.338761E-04
  0.202171E-04     0.194867E-04     0.199776E-04     0.194072E-04     0.272474E-04
  0.235939E-04     0.152714E-04     0.214189E-04     0.173712E-04     0.180785E-04
  0.194584E-04     0.160058E-04     0.171973E-04     0.161275E-04     0.225700E-04
  0.162122E-04     0.226153E-04     0.164681E-04     0.160930E-04     0.142511E-04
  0.132692E-04     0.193171E-04     0.169263E-04     0.256933E-04     0.200422E-04
  0.168024E-04     0.294357E-04     0.197415E-04     0.231295E-04     0.190344E-04
  0.167117E-04     0.176687E-04     0.245780E-04     0.187870E-04     0.178345E-04
  0.194797E-04     0.236849E-04     0.226542E-04     0.171001E-04     0.245562E-04
  0.264074E-04     0.261256E-04     0.245023E-04     0.131432E-04     0.197115E-04
  0.200050E-04     0.168008E-04     0.279889E-04     0.297824E-04     0.259884E-04
  0.179707E-04     0.164522E-04     0.224624E-04     0.243726E-04     0.205752E-04
  0.154175E-04     0.222911E-04     0.230330E-04     0.215285E-04     0.253569E-04
  0.240604E-04     0.250260E-04     0.289023E-04     0.213277E-04     0.203486E-04
  0.249275E-04     0.301090E-04     0.263863E-04     0.275386E-04     0.258732E-04
  0.365264E-04     0.237191E-04     0.201428E-04     0.220454E-04     0.178183E-04
  0.215627E-04     0.210679E-04     0.212957E-04     0.218938E-04     0.205206E-04
  0.219554E-04     0.209526E-04     0.179255E-04     0.204300E-04     0.241861E-04
  0.231684E-04     0.211705E-04     0.211845E-04     0.157823E-04     0.223680E-04
  0.241825E-04     0.226075E-04     0.260196E-04     0.197003E-04     0.233167E-04
  0.177450E-04     0.202477E-04     0.174411E-04     0.220316E-04     0.199516E-04
  0.247365E-04     0.196650E-04     0.307211E-04     0.233081E-04     0.237561E-04
  0.278276E-04     0.201977E-04     0.183048E-04     0.183462E-04     0.209408E-04
  0.220761E-04     0.224280E-04     0.226426E-04     0.185072E-04     0.224208E-04
  0.239133E-04     0.203206E-04     0.263952E-04     0.211221E-04     0.219344E-04
  0.199331E-04     0.200291E-04     0.182178E-04     0.207135E-04     0.208876E-04
  0.215872E-04     0.151375E-04     0.208259E-04     0.238253E-04     0.187297E-04
  0.224212E-04     0.215692E-04     0.211414E-04     0.219762E-04     0.252367E-04
  0.313100E-04     0.202942E-04     0.181274E-04     0.258644E-04     0.256140E-04
  0.190074E-04     0.212285E-04     0.210132E-04     0.175552E-04     0.204941E-04
  0.192757E-04     0.204932E-04     0.241149E-04     0.229676E-04     0.232664E-04
  0.240360E-04     0.191534E-04     0.195670E-04     0.270681E-04     0.163125E-04
  0.196774E-04     0.282234E-04     0.286372E-04     0.247873E-04     0.223486E-04
  0.236241E-04     0.256658E-04     0.229864E-04     0.280974E-04     0.263893E-04
  0.220095E-04     0.219220E-04     0.247486E-04     0.249280E-04     0.312250E-04
  0.328606E-04     0.232491E-04     0.244402E-04     0.197552E-04     0.271231E-04
  0.260669E-04     0.277813E-04     0.243349E-04     0.247944E-04     0.226269E-04
  0.256566E-04     0.248465E-04     0.234945E-04     0.250630E-04     0.265481E-04
  0.279760E-04     0.210312E-04     0.242979E-04     0.244830E-04     0.333900E-04
  0.216895E-04     0.234999E-04     0.247494E-04     0.306155E-04     0.236516E-04
  0.226489E-04     0.279060E-04     0.286632E-04     0.281372E-04     0.340320E-04
  0.279367E-04     0.265621E-04     0.246727E-04     0.277440E-04     0.260512E-04
  0.235085E-04     0.250741E-04     0.260554E-04     0.227460E-04     0.240996E-04
  0.247389E-04     0.230629E-04     0.253618E-04     0.240368E-04     0.273684E-04
  0.294233E-04     0.247377E-04     0.279671E-04     0.270713E-04     0.274962E-04
  0.283869E-04     0.267200E-04     0.269545E-04     0.282469E-04     0.321477E-04
  0.267667E-04     0.333940E-04     0.265223E-04     0.297316E-04     0.243988E-04
  0.224189E-04     0.255924E-04     0.279485E-04     0.245547E-04     0.262700E-04
  0.282273E-04     0.288901E-04     0.218017E-04     0.282742E-04     0.267764E-04
  0.360887E-04     0.281294E-04     0.341738E-04     0.296934E-04     0.300825E-04
  0.245935E-04     0.226718E-04     0.260579E-04     0.286347E-04     0.271399E-04
  0.320377E-04     0.358628E-04     0.290459E-04     0.331632E-04     0.294973E-04
  0.261731E-04     0.269964E-04     0.321236E-04     0.329264E-04     0.285772E-04
  0.258376E-04     0.341047E-04     0.288254E-04     0.230222E-04     0.247386E-04
  0.335539E-04     0.287747E-04     0.308430E-04     0.339157E-04     0.265377E-04
  0.366216E-04     0.304882E-04     0.336483E-04     0.285498E-04     0.298121E-04
  0.334798E-04     0.261658E-04     0.341437E-04     0.348351E-04     0.357082E-04
  0.317211E-04     0.318134E-04     0.300433E-04     0.237779E-04     0.342139E-04
  0.303655E-04     0.237714E-04     0.292666E-04     0.274080E-04     0.276749E-04
  0.241943E-04     0.407455E-04     0.263093E-04     0.272153E-04     0.288487E-04
  0.325855E-04     0.317742E-04     0.281077E-04     0.475946E-04     0.340276E-04
  0.310256E-04     0.234098E-04     0.344569E-04     0.410908E-04     0.334833E-04
  0.370785E-04     0.306662E-04     0.295613E-04     0.360398E-04     0.329974E-04
  0.318300E-04     0.272675E-04     0.258344E-04     0.283363E-04     0.318820E-04
  0.303191E-04     0.285530E-04     0.387012E-04     0.231736E-04     0.282659E-04
  0.240210E-04     0.286176E-04     0.305744E-04     0.292632E-04     0.239575E-04
  0.261355E-04     0.288596E-04     0.264271E-04     0.230460E-04     0.177383E-04
  0.257010E-04     0.283415E-04     0.276934E-04     0.243114E-04     0.289252E-04
  0.248042E-04     0.285001E-04     0.240862E-04     0.285672E-04     0.253992E-04
  0.309033E-04     0.347501E-04     0.385544E-04     0.351753E-04     0.274563E-04
  0.309391E-04     0.350640E-04     0.343023E-04     0.274086E-04     0.402881E-04
  0.323411E-04     0.313331E-04     0.347053E-04     0.267611E-04     0.255737E-04
  0.246474E-04     0.382703E-04     0.352673E-04     0.486777E-04     0.392807E-04
  0.355153E-04     0.326252E-04     0.373812E-04     0.368838E-04     0.286245E-04
  0.323010E-04     0.300006E-04     0.475934E-04     0.274990E-04     0.297866E-04
  0.427734E-04     0.310431E-04     0.263137E-04     0.453782E-04     0.373286E-04
  0.325612E-04     0.285712E-04     0.306023E-04     0.264288E-04     0.436851E-04
  0.201062E-04     0.316985E-04     0.386774E-04     0.399689E-04     0.234223E-04
  0.271728E-04     0.298397E-04     0.701247E-04     0.236728E-04     0.242589E-04
  0.751433E-04     0.283612E-04     0.486098E-04     0.370526E-04     0.505479E-04
  0.505865E-04     0.370599E-04     0.364555E-04     0.313654E-04     0.274443E-04
  0.290628E-04     0.306336E-04     0.382423E-04     0.379484E-04     0.396125E-04
  0.378537E-04     0.257475E-04     0.390255E-04     0.359917E-04     0.475658E-04
  0.433105E-04     0.244737E-04     0.370413E-04     0.384929E-04     0.251112E-04
  0.233016E-04     0.251990E-04     0.259361E-04     0.294000E-04     0.794737E-04
  0.239105E-04     0.426750E-04     0.252635E-04     0.285102E-04     0.354730E-04
  0.435379E-04     0.426251E-04     0.558577E-04     0.185979E-04     0.323609E-04
  0.510913E-04     0.287262E-04     0.304669E-04     0.382111E-04     0.290631E-04
  0.357665E-04     0.327900E-04     0.231750E-04     0.247067E-04     0.240022E-04
  0.434842E-04     0.367730E-04     0.385780E-04     0.309631E-04     0.306103E-04
  0.371969E-04     0.579063E-04     0.426628E-04     0.242687E-04     0.358321E-04
  0.328223E-04     0.424090E-04     0.229105E-04     0.449278E-04     0.326958E-04
  0.303930E-04     0.535051E-04     0.318605E-04     0.252871E-04     0.263583E-04
  0.278139E-04     0.246163E-04     0.333102E-04     0.246039E-04     0.400807E-04
  0.455318E-04     0.220833E-04     0.425549E-04     0.462150E-04     0.347525E-04
  0.401903E-04     0.508245E-04     0.210431E-04     0.307752E-04     0.243197E-04
  0.290632E-04     0.418706E-04     0.371577E-04     0.364101E-04     0.243245E-04
  0.919667E-04     0.508649E-04     0.127121E-03     0.178741E-03     0.959171E-04
  0.956420E-04     0.855525E-04     0.266851E-03     0.154414E-03     0.199580E-03
  0.323353E-03     0.330685E-03     0.250165E-03     0.531831E-03     0.506749E-03
  0.468776E-03     0.554919E-03     0.513004E-03     0.685475E-03     0.834074E-03
  0.878311E-03     0.110710E-02     0.128928E-02     0.117034E-02     0.108098E-02
  0.133299E-02     0.100230E-02     0.148940E-02     0.141123E-02     0.141339E-02
  0.133971E-02     0.228220E-02     0.214035E-02     0.184433E-02     0.145187E-02
  0.180016E-02     0.244131E-02     0.157360E-02     0.249704E-02     0.320647E-02
  0.151822E-02     0.300295E-02     0.290228E-02     0.367633E-02     0.503351E-02
  0.632779E-02     0.431427E-02     0.309780E-02     0.510063E-02     0.528155E-02
  0.576230E-02     0.584449E-02     0.753306E-02     0.896281E-02     0.810321E-02
  0.736365E-02     0.953406E-02     0.141864E-01
 eigen energies, in eV 
    -44.569080       -44.448290       -44.391500       -44.230724       -44.161619
    -29.219850       -29.087969       -28.976890       -28.959611       -28.958695
    -28.700744       -28.689504       -28.622052       -28.621225       -28.604282
    -28.597658       -28.597402       -28.587528       -28.535879       -28.528323
    -28.505805       -28.498294       -28.457554       -28.412156       -28.370577
    -28.359355       -28.342211       -28.295893       -28.265827       -28.175447
    -28.147552       -28.122280       -28.105038       -28.040746       -28.033960
    -28.031292       -28.025077       -28.013271       -27.986049       -27.938785
    -27.916444       -27.904406       -27.889146       -27.807202       -27.796241
    -27.721428       -27.656289       -27.615546       -27.598662       -27.561839
    -27.517518       -27.501475       -27.498774       -27.488940       -27.476921
    -27.428396       -27.403265       -27.375945       -27.365450       -27.334363
    -27.321511       -27.316347       -27.312670       -27.280255       -27.269875
    -27.219199       -27.189752       -27.172746       -27.168734       -27.086313
    -27.040864       -27.009207       -26.961940       -26.894042       -26.847904
    -26.803079       -26.768989       -26.754737       -26.741415       -26.674239
    -26.646267       -26.637494       -26.629683       -26.592495       -26.575185
    -26.560562       -26.551588       -26.517849       -26.496493       -26.484468
    -26.475992       -26.424455       -26.410265       -26.333985       -26.309542
    -26.304045       -26.286433       -26.273004       -26.254096       -26.245227
    -26.242817       -26.214933       -26.200455       -26.183313       -26.178132
    -26.131302       -26.130116       -26.114597       -26.079581       -26.042030
    -26.038093       -26.033164       -26.008214       -26.007123       -25.975969
    -25.974298       -25.921845       -25.890631       -25.865588       -25.858535
    -25.840320       -25.839726       -25.801230       -25.775692       -25.680518
    -25.617776       -25.526750       -25.517505       -25.514955       -25.465790
    -25.459772       -25.458575       -25.349477       -25.324837       -25.183672
    -24.478245       -24.263108       -24.216691       -23.963767       -23.853258
    -23.760179       -23.745968       -23.622924       -23.589770       -23.552290
    -23.545464       -23.464772       -23.415892       -23.354592       -23.211251
    -23.129302       -23.096982       -23.024304       -22.997647       -22.963136
    -22.937712       -22.911576       -22.888261       -22.825344       -22.792898
    -22.708104       -22.616810       -22.354560       -22.319735       -22.212686
    -22.177263       -22.156050       -22.048589       -22.029446       -21.980846
    -21.911496       -21.802015       -21.705724       -21.566359       -21.481699
    -21.425460       -21.377257       -21.297068       -21.262450       -21.174655
    -21.127001       -21.120839       -21.111663       -21.068154       -21.032192
    -21.016754       -20.758910       -20.705134       -20.431973       -20.243740
    -18.878159       -18.456150       -18.334179       -18.219858       -18.148633
    -16.176808       -16.066038       -15.947741       -15.936677       -15.914343
    -15.773838       -15.751788       -15.679902       -15.634711       -15.473407
    -15.467746       -15.444175       -15.403362       -15.390448       -15.329548
    -15.286662       -15.275998       -15.264055       -15.208647       -15.098633
    -15.097117       -14.994376       -14.966757       -14.926589       -14.737448
    -14.732832       -14.726553       -14.697768       -14.645464       -14.629296
    -14.591881       -14.568115       -14.412146       -14.387919       -14.377420
    -14.356558       -14.321144       -14.299931       -14.281078       -14.236389
    -13.883342       -13.846989       -13.773243       -13.693700       -13.688837
    -13.667349       -13.665126       -13.626992       -13.616963       -13.554471
    -13.522895       -13.519290       -13.431611       -13.425907       -13.403102
    -13.379781       -13.372632       -13.352693       -13.331379       -13.281260
    -13.193076       -13.174984       -13.143707       -13.113264       -13.093410
    -13.073553       -13.066334       -12.941142       -12.872942       -12.787715
    -12.557016       -12.321574       -12.304963       -12.257677       -12.181902
    -12.171580       -12.098672       -12.067300       -12.011993       -12.000533
    -11.997313       -11.965321       -11.939919       -11.932811       -11.839679
    -11.829842       -11.818277       -11.771383       -11.751330       -11.731391
    -11.705080       -11.696588       -11.689906       -11.608840       -11.540947
    -11.520470       -11.473941       -11.457114       -11.444549       -11.433803
    -11.414256       -11.396414       -11.388337       -11.343105       -11.335406
    -11.313027       -11.285576       -11.284625       -11.272861       -11.266426
    -11.113799       -11.092137       -11.049839       -11.012499       -10.934872
    -10.907030       -10.854695       -10.797810       -10.779509       -10.746327
    -10.721441       -10.686434       -10.661430       -10.639718       -10.639330
    -10.596379       -10.588393       -10.572616       -10.546885       -10.538201
    -10.526034       -10.501028       -10.498869       -10.491335       -10.486658
    -10.480025       -10.460155       -10.448108       -10.442245       -10.437872
    -10.405659       -10.405052       -10.373072       -10.370024       -10.365464
    -10.354957       -10.338552       -10.337032       -10.320964       -10.312906
    -10.293241       -10.283175       -10.274350       -10.259096       -10.243473
    -10.238299       -10.214795       -10.196436       -10.190189       -10.185253
    -10.180422       -10.169511       -10.155450       -10.140430       -10.135524
    -10.121386       -10.094410       -10.076515       -10.073703       -10.045237
    -10.044863       -10.022284       -10.021151       -10.015200       -10.008107
    -10.003090        -9.992487        -9.980269        -9.977293        -9.954238
     -9.942824        -9.924495        -9.920360        -9.911776        -9.906711
     -9.891782        -9.889271        -9.882263        -9.870792        -9.798796
     -9.766666        -9.754346        -9.747032        -9.740223        -9.716896
     -9.697548        -9.663746        -9.654679        -9.648421        -9.638639
     -9.635718        -9.615292        -9.600022        -9.582228        -9.575497
     -9.570560        -9.563971        -9.531253        -9.528936        -9.521086
     -9.496854        -9.478232        -9.462809        -9.451929        -9.435208
     -9.423918        -9.411830        -9.383956        -9.383459        -9.375798
     -9.355872        -9.347360        -9.336835        -9.334993        -9.328352
     -9.317659        -9.285204        -9.222203        -9.211626        -9.200885
     -9.185013        -9.174055        -9.170811        -9.149315        -9.137649
     -9.123048        -9.115860        -9.112903        -9.096619        -9.085531
     -9.068517        -9.058497        -9.045650        -9.035809        -9.015106
     -9.004824        -8.997392        -8.987490        -8.974584        -8.955135
     -8.944087        -8.935737        -8.932665        -8.919342        -8.907484
     -8.883848        -8.845708        -8.842845        -8.836358        -8.815413
     -8.807414        -8.794844        -8.764954        -8.755794        -8.747485
     -8.739362        -8.715225        -8.642782        -8.618809        -8.613140
     -8.582996        -8.564179        -8.532725        -8.523903        -8.487732
     -8.474352        -8.457462        -8.421840        -8.418401        -8.400770
     -8.397372        -8.388564        -8.384679        -8.323500        -8.297896
     -8.286662        -8.278899        -8.263032        -8.254750        -8.195301
     -8.189509        -8.171950        -8.168194        -8.149538        -8.147285
     -8.115525        -8.077639        -7.982698        -7.974814        -7.961950
     -7.912459        -7.887287        -7.851150        -7.839817        -7.824707
     -7.812739        -7.802905        -7.782895        -7.778963        -7.706418
     -7.698412        -7.691852        -7.669644        -7.665176        -7.646519
     -7.632630        -7.610197        -7.591976        -7.559315        -7.547382
     -7.532398        -7.503534        -7.477632        -7.418613        -7.392999
     -7.392070        -7.389545        -7.371380        -7.358052        -7.348205
     -7.298830        -7.294567        -7.280775        -7.255808        -7.247645
     -7.239461        -7.232908        -7.215421        -7.185366        -7.181706
     -7.123500        -7.113626        -7.101273        -7.093242        -7.086639
     -7.052152        -7.024840        -7.018617        -7.014402        -6.998448
     -6.972128        -6.963482        -6.954245        -6.934679        -6.932390
     -6.926619        -6.901039        -6.890651        -6.883883        -6.867732
     -6.862612        -6.858629        -6.851540        -6.842078        -6.831491
     -6.819034        -6.806506        -6.764864        -6.755946        -6.754393
     -6.744264        -6.715174        -6.708856        -6.700963        -6.692073
     -6.679836        -6.671094        -6.662147        -6.646190        -6.637483
     -6.635837        -6.594061        -6.592928        -6.580773        -6.577443
     -6.552281        -6.532441        -6.522644        -6.511643        -6.505613
     -6.495552        -6.490072        -6.481008        -6.479738        -6.463633
     -6.457004        -6.439957        -6.433275        -6.408885        -6.395717
     -6.380139        -6.359621        -6.357719        -6.348910        -6.345773
     -6.329596        -6.326113        -6.320995        -6.307521        -6.296111
     -6.280469        -6.275463        -6.258031        -6.237474        -6.226432
     -6.222859        -6.212799        -6.200341        -6.177886        -6.167783
     -6.160276        -6.143827        -6.120897        -6.116398        -6.108011
     -6.087772        -6.066694        -6.064799        -6.059019        -6.054900
     -6.049476        -6.043957        -6.035488        -6.032309        -6.021968
     -6.014331        -6.005454        -5.996317        -5.991108        -5.988199
     -5.982884        -5.977448        -5.966381        -5.965323        -5.956593
     -5.950453        -5.940363        -5.935258        -5.917687        -5.910221
     -5.905192        -5.901228        -5.896276        -5.879830        -5.873067
     -5.865535        -5.856726        -5.854033        -5.845058        -5.829916
     -5.824052        -5.813178        -5.802973        -5.800402        -5.791773
     -5.789313        -5.772058        -5.763802        -5.758704        -5.755864
     -5.748004        -5.742934        -5.738734        -5.730606        -5.724159
     -5.714404        -5.705192        -5.703601        -5.695880        -5.690550
     -5.678211        -5.667940        -5.657641        -5.653556        -5.645277
     -5.638776        -5.628256        -5.623550        -5.613444        -5.607341
     -5.602262        -5.595861        -5.591518        -5.590051        -5.583969
     -5.568781        -5.565257        -5.553861        -5.546823        -5.528071
     -5.522512        -5.514609        -5.512380        -5.509579        -5.506257
     -5.505206        -5.497342        -5.493635        -5.478054        -5.468926
     -5.465321        -5.464436        -5.454813        -5.444627        -5.439591
     -5.437322        -5.431627        -5.428371        -5.422844        -5.407794
     -5.401776        -5.398807        -5.396178        -5.380887        -5.360589
     -5.360326        -5.346373        -5.335057        -5.329705        -5.321998
     -5.317229        -5.306553        -5.303308        -5.301180        -5.299928
     -5.282767        -5.279137        -5.267669        -5.262322        -5.256583
     -5.244373        -5.232633        -5.224266        -5.217398        -5.210933
     -5.209465        -5.200318        -5.196984        -5.190599        -5.188467
     -5.179071        -5.168453        -5.156959        -5.151208        -5.144543
     -5.143173        -5.137473        -5.136377        -5.126944        -5.121815
     -5.115043        -5.109552        -5.100184        -5.098359        -5.089968
     -5.088077        -5.084904        -5.076966        -5.073612        -5.066594
     -5.061296        -5.053267        -5.049188        -5.048894        -5.038092
     -5.034185        -5.027596        -5.009289        -5.000510        -4.995699
     -4.986531        -4.977353        -4.973048        -4.971326        -4.968433
     -4.951188        -4.949415        -4.946335        -4.940835        -4.937522
     -4.925302        -4.914756        -4.913871        -4.908953        -4.895116
     -4.894302        -4.888984        -4.855926        -4.854447        -4.842702
     -4.833333        -4.831967        -4.825955        -4.820976        -4.817387
     -4.814378        -4.806793        -4.805336        -4.803494        -4.794374
     -4.786787        -4.766754        -4.737608        -4.729926        -4.713919
     -4.709770        -4.701965        -4.691428        -4.677130        -4.663067
     -4.640464        -4.624024        -4.606584        -4.590930        -4.572175
     -4.559294        -4.553366        -4.537105        -4.535536        -4.524301
     -4.519396        -4.509978        -4.502295        -4.490300        -4.462660
     -4.449871        -4.428904        -4.416197        -4.408502        -4.395649
     -4.379148        -4.351763        -4.346606        -4.319306        -4.296703
     -4.287739        -4.273198        -4.266826        -4.253104        -4.234464
     -4.181152        -4.172794        -4.165374        -4.158465        -4.144982
     -4.133010        -4.120502        -4.099267        -4.084663        -4.082668
     -4.079615        -4.054086        -4.044213        -4.019490        -3.998289
     -3.992331        -3.949891        -3.932771        -3.922254        -3.916052
     -3.896291        -3.846900        -3.838768        -3.833952        -3.813865
     -3.791533        -3.788037        -3.758050        -3.736808        -3.696316
     -3.690349        -3.653233        -3.647398        -3.636829        -3.620025
     -3.589895        -3.577817        -3.553790        -3.480918        -3.449883
     -3.434768        -3.429105        -3.421069        -3.406754        -3.394165
     -3.376636        -3.371924        -3.363218        -3.360298        -3.320744
     -3.282791        -3.276089        -3.245453        -3.243463        -3.232212
     -3.216961        -3.214162        -3.184249        -3.173167        -3.167060
     -3.141390        -3.112550        -3.109054        -3.066643        -3.059715
     -3.056773        -3.037797        -3.032535        -3.014401        -2.990624
     -2.984470        -2.980402        -2.950746        -2.939242        -2.907968
     -2.878619        -2.852875        -2.846895        -2.824880        -2.823339
     -2.816277        -2.811765        -2.795223        -2.784353        -2.774641
     -2.762875        -2.748087        -2.713692        -2.705797        -2.698461
     -2.654568        -2.635957        -2.622436        -2.611185        -2.605561
     -2.589348        -2.578438        -2.564595        -2.563099        -2.553212
     -2.547380        -2.533920        -2.475190        -2.455250        -2.407216
     -2.392651        -2.373572        -2.364270        -2.356267        -2.325848
     -2.320341        -2.296004        -2.271193        -2.245530        -2.215457
     -2.174969        -2.164298        -2.102552        -2.034304        -2.008987
     -1.985514        -1.951391        -1.931801        -1.922797        -1.625109
      2.271487         2.427182         2.548744         2.675832         2.833351
      2.963196         3.084237         3.239263         3.286892         3.360962
      3.398940         3.470124         3.506733         3.541247         3.595998
      3.629821         3.672544         3.749624         3.774337         3.843510
      3.849378         3.900832         3.972437         4.010683         4.022290
      4.038907         4.061281         4.104099         4.120196         4.158549
      4.166440         4.194075         4.206417         4.236569         4.263282
      4.271533         4.297824         4.321608         4.336916         4.362942
      4.381839         4.398703         4.425617         4.437467         4.456724
      4.507022         4.520955         4.543462         4.587161         4.610658
      4.620962         4.679805         4.687494         4.694450         4.726629
      4.746236         4.775544         4.788114
 *********************************
 total computation time (sec)=   1997.45162916183     
