 AEM_Eatom=  2.498904338714833E-002
 AEM_Egroup=  2.251542732907582E-003
 AEM_Etot=  1.354349285144623E-002
 AEM_F=  0.575317993981803     
