 AEM_Eatom=  4.986698016792471E-003
 AEM_Egroup=  8.379757619611197E-004
 AEM_Etot=  2.449431203086105E-003
 AEM_F=  0.502532749872623     
