           4           1
 PRECISION  = SINGLE     
 JOB       = SCF
 IN.PSP1   = /home/sabs/shenjie/Pseudopotential/Li.nc.pbe.UPF
 IN.PSP2   = /home/sabs/shenjie/Pseudopotential/C.nc.pbe.UPF
 IN.PSP3   = /home/sabs/shenjie/Pseudopotential/O.nc.pbe.UPF
 IN.PSP4   = /home/sabs/shenjie/Pseudopotential/N.nc.pbe.UPF
 IN.PSP5   = /home/sabs/shenjie/Pseudopotential/S.nc.pbe.UPF
 IN.PSP6   = /home/sabs/shenjie/Pseudopotential/F.nc.pbe.UPF
 IN.PSP7   = /home/sabs/shenjie/Pseudopotential/H.nc.pbe.UPF
 IN.PSP8   = /home/sabs/shenjie/Pseudopotential/P.nc.pbe.UPF
 IN.ATOM   = atom.config         
 CONVERGENCE  = EASY
 ACCURACY  = NORM
 VFF_DETAIL =   1   500  0.50000000E-02     30.00000     4.00000     0.00000     1.00000  
 EGG_DETAIL =            3           3           3
 SPIN      =   1
 CONSTRAINT_MAG =           0
 RANDOM_SEED=           0
 QIJ_DETAIL =   0  1
 SCF_MIX = CHARGE
 PWSCF_OUTPUT     =  F
 Ecut      =    60.0000000000000     
 Ecut2     =    120.000000000000     
 Ecut2L    =    120.000000000000     
 EcutP    =    60.0000000000000     
 N123      =   120   120   120
 NS123     =    40    40    40
 N123L     =   120   120   120
 STRESS_CORR =   0.100000E+01  0.000000E+00  0.200000E+01  0.000000E+00
 XCFUNCTIONAL = LDA
 HSE_DETAIL    =      1.00000000    1     0.00000000    6 1 1
 RELAX_HSE    =    20   0.50000E-01     2
 VDW       = NONE
 LONDON_S6      =   0.000000000000000E+000
 LONDON_C6(1)      =   -1.00000000000000     
 LONDON_C6(2)      =   -1.00000000000000     
 LONDON_C6(3)      =   -1.00000000000000     
 LONDON_C6(4)      =   -1.00000000000000     
 LONDON_C6(5)      =   -1.00000000000000     
 LONDON_C6(6)      =   -1.00000000000000     
 LONDON_C6(7)      =   -1.00000000000000     
 LONDON_C6(8)      =   -1.00000000000000     
 LONDON_RCUT      =   0.000000000000000E+000
 DFTD3_S6        =   0.000000000000000E+000
 DFTD3_RS6        =   0.000000000000000E+000
 DFTD3_S18        =   0.000000000000000E+000
 DFTD3_RS18        =   0.000000000000000E+000
 DFTD3_ALPHA6        =   0.000000000000000E+000
 DFTD3_VERSION        =            0
 DFTD3_3BODY        =  F
 COULOMB   =    0
 IN.WG     =  F
 OUT.WG    =  F
 IN.RHO    =  F
 OUT.RHOATOM =  F
 OUT.RHO   =  F
 IN.VR     =  F
 OUT.VR    =  F
 OUT.ELF   =  F
 IN.VEXT   =  F
 OUT.VATOM   =  F
 OUT.FORCE =  T
 OUT.STRESS =  F
 IN.KPT    =  F
 IN.SYMM   =  F
 SYMM_PREC =    0.10000E-04
 MP_N123 =      1      1      1      0      0      0      0
 NUM_KPT =            1
 CHARGE_DECOMP = F
 ENERGY_DECOMP = F 
 IN.SOLVENT =  F
 NUM_ELECTRON =   1940.00000000000     
 FIX_FERMI =   F  0.000000E+00  0.000000E+00  0.000000E+00
 IN.NONSCF    =  F
 NUM_BAND  =  1028
 OUT.REAL.RHOWF_SP= 0
 WG_ERROR  =   1.000000000000000E-004
 E_ERROR   =   5.279008887880000E-003
 RHO_ERROR =   5.000000000000000E-005
 RHO_RELATIVE_ERROR      =   0.000000000000000E+000
 FORCE_RELATIVE_ERROR     =   0.000000000000000E+000
 MIN_SCF_ITER     =            1
 SYS_TYPE   =            1
 PULAY_MIX_OPT =     30  1  0       1.00000       0.00000
 PULAY_METRIC_Q0 =       -1.00000
 IN.OCC    =  F          -1
 IN.CC    =  F
 IN.OCC_ADIA    =  F
 SCF_ITER0_1 =    6   4    3    0.0000     0.02500    1
 SCF_ITER0_2 =   94   4    3    1.0000     0.02500    1
 SCF_ITER1_1 =   40   4    3    1.0000     0.02500    1
 NONLOCAL  =  2
 IN.A_FIELD =  F       0.00000       0.00000       0.00000
 RCUT      =    4.00000000000000     
 IN.PSP_RCUT1 =   4.00000000000000     
 IN.PSP_RCUT2 =   4.00000000000000     
 IN.PSP_RCUT3 =   4.00000000000000     
 IN.PSP_RCUT4 =   4.00000000000000     
 IN.PSP_RCUT5 =   4.00000000000000     
 IN.PSP_RCUT6 =   4.00000000000000     
 IN.PSP_RCUT7 =   4.00000000000000     
 IN.PSP_RCUT8 =   4.00000000000000     
 MD_VV_SCALE =    100
 LDAU_PSP1   =           -1  2.721138638331097E-009  2.721138638331097E-009  eV
 LDAU_PSP2   =           -1  2.721138638331097E-009  2.721138638331097E-009  eV
 LDAU_PSP3   =           -1  2.721138638331097E-009  2.721138638331097E-009  eV
 LDAU_PSP4   =           -1  2.721138638331097E-009  2.721138638331097E-009  eV
 LDAU_PSP5   =           -1  2.721138638331097E-009  2.721138638331097E-009  eV
 LDAU_PSP6   =           -1  2.721138638331097E-009  2.721138638331097E-009  eV
 LDAU_PSP7   =           -1  2.721138638331097E-009  2.721138638331097E-009  eV
 LDAU_PSP8   =           -1  2.721138638331097E-009  2.721138638331097E-009  eV
 NUM_BLOCKED_PSI=  F
 WF_STORE2DISK  =            0
 NUM_DOS_GRID =         4000
 NMAP_MAX =        50000
 KERK_AMIN =   0.300000000000000     
 KERK_AMIX =   0.400000000000000     
 KERK_AMIX_MAG =   0.800000000000000     
 KERK_BMIX =   0.500000000000000     
 LDAU_MIX =   0.700000000000000     
 PULAY_WEIGHT_SPIN =    1.00000000000000     
 PULAY_WEIGHT_NS =    1.00000000000000     
 OUT.MLMD    =  F
 NUM_MPI_PER_GPU =     1
 FLAG_CYLINDER =            0
 SET_OUT_FERMI_POS =  F           0
 E_FINITE =  F   0.00000E+00   0.00000E+00   0.00000E+00
 MLINE_EIGEN =      1
 
 ------------------------------------------------
 total number of K-point:           1
   0.00000     0.00000    0.00000     1.00000            
 ------------------------------------------------
 
 
 *********************************************
 *********** end of etot.input report ********
 minimum n1,n2,n3 from Ecut2
     118.970      119.148      119.089
 minimum n1L,n2L,n3L from Ecut2L
     118.970      119.148      119.089
 *********************************************
 
 
Weighted average num_of_PW for all kpoint=                       312673.000
 ************************************
 E_Hxc(eV)         49961.5820645301     
 E_ion(eV)        -220383.524083589     
 E_Coul(eV)        78216.3532861476     
 E_Hxc+E_ion(eV)  -170421.942019059     
 NONSCF     1          AVE_STATE_ERROR= 0.5918E+01
 NONSCF     2          AVE_STATE_ERROR= 0.1627E+01
 NONSCF     3          AVE_STATE_ERROR= 0.5011E+00
 NONSCF     4          AVE_STATE_ERROR= 0.9234E-01
 NONSCF     5          AVE_STATE_ERROR= 0.1550E-01
 NONSCF     6          AVE_STATE_ERROR= 0.3097E-02
 iter=   7   ave_lin=  4.0  iCGmth=   3
 Ef(eV)               = -.2138638E+01
 err of ug            = 0.1213E-02
 dv_ave, drho_tot     = 0.0000E+00 0.1241E+00
 E_tot(eV)            = -.13306129535620E+06    -.1331E+06
 -------------------------------------------
 iter=   8   ave_lin=  4.0  iCGmth=   3
 Ef(eV)               = -.1213085E+00
 err of ug            = 0.1078E-01
 dv_ave, drho_tot     = 0.1732E-01 0.7175E-01
 E_tot(eV)            = -.13295261121135E+06    0.1087E+03
 -------------------------------------------
 iter=   9   ave_lin=  4.0  iCGmth=   3
 Ef(eV)               = -.1094410E+01
 err of ug            = 0.6773E-02
 dv_ave, drho_tot     = 0.1392E-01 0.3044E-01
 E_tot(eV)            = -.13291873704222E+06    0.3387E+02
 -------------------------------------------
 iter=  10   ave_lin=  4.0  iCGmth=   3
 Ef(eV)               = -.1030315E+01
 err of ug            = 0.2062E-02
 dv_ave, drho_tot     = 0.6919E-02 0.1076E-01
 E_tot(eV)            = -.13291340446982E+06    0.5333E+01
 -------------------------------------------
 iter=  11   ave_lin=  4.0  iCGmth=   3
 Ef(eV)               = 0.8198761E+00
 err of ug            = 0.5484E-03
 dv_ave, drho_tot     = 0.3134E-02 0.5968E-02
 E_tot(eV)            = -.13291271467667E+06    0.6898E+00
 -------------------------------------------
 iter=  12   ave_lin=  4.0  iCGmth=   3
 Ef(eV)               = 0.5897424E+00
 err of ug            = 0.3040E-03
 dv_ave, drho_tot     = 0.3579E-02 0.3728E-02
 E_tot(eV)            = -.13291218130928E+06    0.5334E+00
 -------------------------------------------
 iter=  13   ave_lin=  4.0  iCGmth=   3
 Ef(eV)               = 0.5024496E+00
 err of ug            = 0.3591E-03
 dv_ave, drho_tot     = 0.4329E-02 0.2895E-02
 E_tot(eV)            = -.13291163793315E+06    0.5434E+00
 -------------------------------------------
 iter=  14   ave_lin=  4.0  iCGmth=   3
 Ef(eV)               = 0.6263691E+00
 err of ug            = 0.3351E-03
 dv_ave, drho_tot     = 0.5828E-02 0.2293E-02
 E_tot(eV)            = -.13291115723333E+06    0.4807E+00
 -------------------------------------------
 iter=  15   ave_lin=  4.0  iCGmth=   3
 Ef(eV)               = 0.9748065E+00
 err of ug            = 0.3637E-03
 dv_ave, drho_tot     = 0.6579E-02 0.1838E-02
 E_tot(eV)            = -.13291081865556E+06    0.3386E+00
 -------------------------------------------
 iter=  16   ave_lin=  4.0  iCGmth=   3
 Ef(eV)               = 0.1062117E+01
 err of ug            = 0.2667E-03
 dv_ave, drho_tot     = 0.4365E-02 0.1399E-02
 E_tot(eV)            = -.13291074286640E+06    0.7579E-01
 -------------------------------------------
 iter=  17   ave_lin=  4.0  iCGmth=   3
 Ef(eV)               = 0.1286264E+01
 err of ug            = 0.2051E-03
 dv_ave, drho_tot     = 0.3744E-02 0.1086E-02
 E_tot(eV)            = -.13291071720911E+06    0.2566E-01
 -------------------------------------------
 iter=  18   ave_lin=  4.0  iCGmth=   3
 Ef(eV)               = 0.1538554E+01
 err of ug            = 0.1315E-03
 dv_ave, drho_tot     = 0.2879E-02 0.8093E-03
 E_tot(eV)            = -.13291070334003E+06    0.1387E-01
 -------------------------------------------
 iter=  19   ave_lin=  4.0  iCGmth=   3
 Ef(eV)               = 0.1745140E+01
 err of ug            = 0.1112E-03
 dv_ave, drho_tot     = 0.2573E-02 0.6168E-03
 E_tot(eV)            = -.13291068641964E+06    0.1692E-01
 -------------------------------------------
 iter=  20   ave_lin=  4.0  iCGmth=   3
 Ef(eV)               = 0.1909396E+01
 err of ug            = 0.1004E-03
 dv_ave, drho_tot     = 0.2358E-02 0.4622E-03
 E_tot(eV)            = -.13291067269469E+06    0.1372E-01
 -------------------------------------------
 iter=  21   ave_lin=  4.0  iCGmth=   3
 Ef(eV)               = 0.2032706E+01
 err of ug            = 0.6474E-04
 dv_ave, drho_tot     = 0.1001E-02 0.3794E-03
 E_tot(eV)            = -.13291066528965E+06    0.7405E-02
 -------------------------------------------
 iter=  22   ave_lin=  4.0  iCGmth=   3
 Ef(eV)               = 0.2115119E+01
 err of ug            = 0.6300E-04
 dv_ave, drho_tot     = 0.1045E-02 0.3079E-03
 E_tot(eV)            = -.13291065890170E+06    0.6388E-02
 -------------------------------------------
 iter=  23   ave_lin=  4.0  iCGmth=   3
 Ef(eV)               = 0.2136877E+01
 err of ug            = 0.5403E-04
 dv_ave, drho_tot     = 0.8871E-03 0.2479E-03
 E_tot(eV)            = -.13291065523080E+06    0.3671E-02
 -------------------------------------------
 E_Fermi(eV)=   2.13687667381903     
 ---------------------------------------------------
 Ef(eV)               = 0.2136877E+01
 dvE, dvE(n)-dvE(n-1) = 0.7869E-06 -.3052E-06
 dv_ave, drho_tot     = 0.8871E-03 0.2479E-03
 err of ug            = 0.5403E-04
 ---------------------------------------------------
 ending_scf_reason = tol Etot_err  5.279008887880000E-003
 Ewald        = -.42070154605668E+05
 Alpha        = 0.15207970391171E+04
 E_extV       = 0.00000000000000E+00    0.0000E+00
 E_NSC        = -.21355450864796E+05    0.8081E+00
 E[-rho*V_Hxc]= -.12217475112996E+06    -.8044E+00
 E_Hxc        = 0.51168904330515E+05    0.8037E+00
 -TS          = -.19255303677762E-09    -.7815E-10
 E_tot(eV)    = -.13291065523080E+06    0.3671E-02
 E_tot(Ryd)   = -.97687530604364E+04    0.1349E-03
 ---------------------------------------------------
 ---------------------------------------------------
 occup for:      kpt=1,spin=1,m=(totN/2-2,totN/2+2)
   1.000    1.000    1.000    0.000    0.000
 eigen(eV) for:  kpt=1,spin=1,m=(totN/2-2,totN/2+2)
  -2.009   -1.930   -1.849    2.701    2.830
 ---------------------------------------------------
 ---------------------------------------------------
 E_Hart,E_xc,E_ion =0.79946345345477E+05  -.28777441014963E+05  -.22284074134487E+06
 E_Hxc+E_ion       =-.17167183701436E+06
 E_kin+E_nonloc    =0.79310539350113E+05
 E_rhoVext,E_IVext     =0.00000000000000E+00  0.00000000000000E+00
 E_psiV,E_dDrho =-.10066608011545E+06  0.00000000000000E+00
 ave(vtot):v0 =-.76998991983171E+01
 ave(V_ion_s(or p,d))=ave(V_Hatree)=0; ave(Vtot)=ave(V_xc)=v0
 ---------------------------------------------------
 *********************************
 Eigen energies are values after setting ave(Vtot)=0
 For Vtot=V_ion+V_Hartree+V_xc, and
 ave(V_ion+V_Hatree)=0, ave(V_xc).ne.0:  E=E+v0
 *********************************
iislda,kpt=   1,    1      0.000000     0.000000     0.000000             kpoint in xyz unit 
 err of each states, A.U
  0.563488E-04     0.602718E-04     0.299799E-04     0.335259E-04     0.604855E-04
  0.228849E-04     0.149802E-04     0.219250E-04     0.750561E-04     0.264403E-04
  0.137485E-04     0.166523E-04     0.135473E-04     0.162952E-04     0.138174E-04
  0.137892E-04     0.782789E-04     0.219787E-04     0.130024E-04     0.162085E-04
  0.252275E-04     0.140346E-04     0.148517E-04     0.237167E-04     0.214744E-04
  0.184972E-04     0.140038E-04     0.182259E-04     0.151568E-04     0.702004E-04
  0.226172E-04     0.680256E-04     0.299234E-04     0.140074E-04     0.192080E-04
  0.166866E-04     0.216952E-04     0.139622E-04     0.150831E-04     0.147544E-04
  0.175926E-04     0.132195E-04     0.193884E-04     0.172519E-04     0.150327E-04
  0.325429E-04     0.159695E-04     0.178100E-04     0.164595E-04     0.162912E-04
  0.163439E-04     0.175705E-04     0.436477E-04     0.387128E-04     0.315721E-04
  0.189828E-04     0.143922E-04     0.384098E-04     0.140094E-04     0.132551E-04
  0.301458E-04     0.506700E-04     0.260968E-04     0.130923E-04     0.327889E-04
  0.184450E-04     0.167194E-04     0.173833E-04     0.183269E-04     0.140086E-04
  0.234262E-04     0.139439E-04     0.785297E-04     0.350423E-04     0.494374E-04
  0.142255E-04     0.135791E-04     0.214739E-04     0.149297E-04     0.247825E-04
  0.101955E-04     0.135895E-04     0.492863E-04     0.108656E-04     0.138263E-04
  0.164150E-04     0.107159E-04     0.264957E-04     0.634605E-04     0.110943E-04
  0.169899E-04     0.109161E-04     0.133763E-04     0.134279E-04     0.134594E-04
  0.168400E-04     0.695370E-04     0.146910E-04     0.147734E-04     0.145133E-04
  0.260702E-04     0.134825E-04     0.148379E-04     0.127297E-04     0.133670E-04
  0.486094E-04     0.136633E-04     0.112107E-04     0.257521E-04     0.200166E-04
  0.177562E-04     0.121523E-04     0.152612E-04     0.183419E-04     0.222652E-04
  0.789448E-04     0.128874E-04     0.141158E-04     0.133571E-04     0.219093E-04
  0.156026E-04     0.169257E-04     0.137073E-04     0.107711E-04     0.431242E-04
  0.130952E-04     0.155847E-04     0.119593E-04     0.327911E-04     0.172567E-04
  0.127007E-04     0.109100E-04     0.126505E-04     0.250055E-04     0.122405E-04
  0.145080E-04     0.149124E-04     0.639418E-04     0.642795E-04     0.768552E-04
  0.132878E-04     0.614988E-04     0.502599E-04     0.178751E-04     0.168211E-04
  0.118534E-04     0.297119E-04     0.607980E-04     0.128264E-04     0.283506E-04
  0.127249E-04     0.239117E-04     0.325486E-04     0.669842E-04     0.223990E-04
  0.113383E-04     0.203278E-04     0.225995E-04     0.229986E-04     0.162191E-04
  0.177394E-04     0.116884E-04     0.125709E-04     0.358725E-04     0.112202E-04
  0.140069E-04     0.174832E-04     0.227561E-04     0.172359E-04     0.283704E-04
  0.193840E-04     0.151843E-04     0.180256E-04     0.196189E-04     0.171076E-04
  0.251020E-04     0.253570E-04     0.205794E-04     0.450273E-04     0.133478E-04
  0.135587E-04     0.161930E-04     0.111639E-04     0.204758E-04     0.163714E-04
  0.108434E-04     0.122359E-04     0.147206E-04     0.115716E-04     0.102700E-04
  0.216925E-04     0.127519E-04     0.214412E-04     0.101867E-04     0.218531E-04
  0.231739E-04     0.141700E-04     0.160033E-04     0.198165E-04     0.133739E-04
  0.171459E-04     0.114182E-04     0.194203E-04     0.128643E-04     0.139755E-04
  0.236162E-04     0.118264E-04     0.361382E-04     0.166298E-04     0.142872E-04
  0.249009E-04     0.307307E-04     0.221149E-04     0.271124E-04     0.178537E-04
  0.184514E-04     0.158304E-04     0.159499E-04     0.137383E-04     0.175016E-04
  0.195489E-04     0.172132E-04     0.202275E-04     0.166020E-04     0.131043E-04
  0.180322E-04     0.207391E-04     0.123490E-04     0.114804E-04     0.185595E-04
  0.152612E-04     0.143402E-04     0.222081E-04     0.216608E-04     0.129194E-04
  0.126667E-04     0.140898E-04     0.217366E-04     0.152319E-04     0.117340E-04
  0.146647E-04     0.176766E-04     0.145689E-04     0.237169E-04     0.219054E-04
  0.151791E-04     0.113548E-04     0.232301E-04     0.148628E-04     0.154919E-04
  0.219613E-04     0.139510E-04     0.159514E-04     0.178175E-04     0.150646E-04
  0.149153E-04     0.153913E-04     0.250468E-04     0.261279E-04     0.139615E-04
  0.127345E-04     0.241250E-04     0.143523E-04     0.162235E-04     0.148143E-04
  0.208369E-04     0.203356E-04     0.196227E-04     0.200680E-04     0.129363E-04
  0.141041E-04     0.145353E-04     0.185382E-04     0.172564E-04     0.167957E-04
  0.210108E-04     0.209924E-04     0.346037E-04     0.184797E-04     0.254782E-04
  0.240726E-04     0.210798E-04     0.186634E-04     0.214498E-04     0.146357E-04
  0.204895E-04     0.164541E-04     0.163827E-04     0.160118E-04     0.204065E-04
  0.131093E-04     0.349784E-04     0.366736E-04     0.349883E-04     0.248030E-04
  0.236345E-04     0.154801E-04     0.211476E-04     0.222392E-04     0.224033E-04
  0.252466E-04     0.139565E-04     0.172578E-04     0.158678E-04     0.207970E-04
  0.255317E-04     0.202243E-04     0.232702E-04     0.214972E-04     0.329491E-04
  0.241345E-04     0.219629E-04     0.174226E-04     0.300788E-04     0.224076E-04
  0.341022E-04     0.277146E-04     0.190456E-04     0.210145E-04     0.203678E-04
  0.206942E-04     0.256240E-04     0.269225E-04     0.210250E-04     0.213700E-04
  0.263996E-04     0.275234E-04     0.222300E-04     0.245957E-04     0.199143E-04
  0.269651E-04     0.411505E-04     0.321751E-04     0.233250E-04     0.262592E-04
  0.267594E-04     0.279032E-04     0.195291E-04     0.285105E-04     0.233345E-04
  0.220293E-04     0.291276E-04     0.275323E-04     0.217096E-04     0.160727E-04
  0.257226E-04     0.247340E-04     0.302105E-04     0.245989E-04     0.246905E-04
  0.252611E-04     0.218197E-04     0.223275E-04     0.209345E-04     0.275807E-04
  0.263161E-04     0.191930E-04     0.194095E-04     0.297264E-04     0.242262E-04
  0.260928E-04     0.232535E-04     0.229273E-04     0.162538E-04     0.270569E-04
  0.339831E-04     0.220413E-04     0.224608E-04     0.237431E-04     0.249966E-04
  0.201883E-04     0.265761E-04     0.289220E-04     0.245975E-04     0.246550E-04
  0.273469E-04     0.193499E-04     0.208778E-04     0.190977E-04     0.281511E-04
  0.216473E-04     0.216364E-04     0.197493E-04     0.329626E-04     0.269162E-04
  0.159761E-04     0.314297E-04     0.256875E-04     0.257783E-04     0.249189E-04
  0.298763E-04     0.333341E-04     0.398159E-04     0.301732E-04     0.176767E-04
  0.288414E-04     0.214823E-04     0.228697E-04     0.349893E-04     0.298447E-04
  0.259375E-04     0.213539E-04     0.246708E-04     0.208756E-04     0.241202E-04
  0.249581E-04     0.249015E-04     0.268221E-04     0.261320E-04     0.301275E-04
  0.306206E-04     0.330743E-04     0.255350E-04     0.280165E-04     0.280965E-04
  0.281450E-04     0.444934E-04     0.238980E-04     0.213296E-04     0.480443E-04
  0.239474E-04     0.369519E-04     0.318173E-04     0.395677E-04     0.479786E-04
  0.376630E-04     0.314777E-04     0.280223E-04     0.314999E-04     0.259662E-04
  0.282892E-04     0.340987E-04     0.337283E-04     0.377261E-04     0.338982E-04
  0.241946E-04     0.433521E-04     0.328211E-04     0.327009E-04     0.327342E-04
  0.301801E-04     0.362404E-04     0.307000E-04     0.285358E-04     0.323457E-04
  0.284768E-04     0.248142E-04     0.256857E-04     0.307223E-04     0.272008E-04
  0.291852E-04     0.266234E-04     0.324928E-04     0.509063E-04     0.402051E-04
  0.258141E-04     0.311133E-04     0.225593E-04     0.214800E-04     0.298248E-04
  0.350667E-04     0.234948E-04     0.272303E-04     0.295378E-04     0.186178E-04
  0.418605E-04     0.285842E-04     0.206194E-04     0.505559E-04     0.344592E-04
  0.318788E-04     0.249929E-04     0.204810E-04     0.265602E-04     0.260847E-04
  0.274528E-04     0.241530E-04     0.239260E-04     0.285870E-04     0.288872E-04
  0.333643E-04     0.278521E-04     0.456809E-04     0.475054E-04     0.202928E-04
  0.218551E-04     0.179432E-04     0.186802E-04     0.281801E-04     0.194447E-04
  0.213420E-04     0.219702E-04     0.136502E-04     0.284275E-04     0.250242E-04
  0.219118E-04     0.222010E-04     0.204870E-04     0.236542E-04     0.236872E-04
  0.224117E-04     0.190190E-04     0.200282E-04     0.185790E-04     0.203824E-04
  0.204421E-04     0.206264E-04     0.313506E-04     0.236074E-04     0.189795E-04
  0.223878E-04     0.211875E-04     0.246496E-04     0.288846E-04     0.208133E-04
  0.238053E-04     0.336801E-04     0.325877E-04     0.237702E-04     0.356781E-04
  0.186995E-04     0.298543E-04     0.184722E-04     0.212845E-04     0.392183E-04
  0.388519E-04     0.242006E-04     0.242257E-04     0.266432E-04     0.236014E-04
  0.234818E-04     0.268500E-04     0.233211E-04     0.203903E-04     0.237776E-04
  0.257505E-04     0.224728E-04     0.279910E-04     0.193895E-04     0.266408E-04
  0.249327E-04     0.326961E-04     0.158031E-04     0.234985E-04     0.291484E-04
  0.277258E-04     0.212483E-04     0.196687E-04     0.301386E-04     0.194579E-04
  0.204656E-04     0.228419E-04     0.219684E-04     0.247741E-04     0.148693E-04
  0.200704E-04     0.247114E-04     0.214576E-04     0.172748E-04     0.198855E-04
  0.195256E-04     0.211134E-04     0.268312E-04     0.270808E-04     0.249406E-04
  0.166599E-04     0.180672E-04     0.249666E-04     0.224292E-04     0.212612E-04
  0.241372E-04     0.220353E-04     0.233637E-04     0.223813E-04     0.243258E-04
  0.293638E-04     0.244217E-04     0.188695E-04     0.280098E-04     0.199717E-04
  0.216469E-04     0.220525E-04     0.213291E-04     0.181395E-04     0.196365E-04
  0.224031E-04     0.258796E-04     0.263530E-04     0.237696E-04     0.218636E-04
  0.244692E-04     0.203927E-04     0.269110E-04     0.226323E-04     0.302553E-04
  0.252114E-04     0.208970E-04     0.228539E-04     0.254258E-04     0.223996E-04
  0.238724E-04     0.217856E-04     0.232504E-04     0.223546E-04     0.223888E-04
  0.216566E-04     0.222168E-04     0.230261E-04     0.224785E-04     0.202163E-04
  0.257220E-04     0.221548E-04     0.186365E-04     0.170509E-04     0.269636E-04
  0.242348E-04     0.212625E-04     0.290541E-04     0.246491E-04     0.208154E-04
  0.220110E-04     0.194738E-04     0.204533E-04     0.217632E-04     0.316940E-04
  0.232353E-04     0.356145E-04     0.222119E-04     0.245689E-04     0.215924E-04
  0.199380E-04     0.213712E-04     0.200044E-04     0.210623E-04     0.237614E-04
  0.227056E-04     0.251531E-04     0.227066E-04     0.265560E-04     0.234569E-04
  0.235010E-04     0.216834E-04     0.254288E-04     0.233890E-04     0.223987E-04
  0.172925E-04     0.255305E-04     0.227227E-04     0.234295E-04     0.232548E-04
  0.216544E-04     0.220052E-04     0.268530E-04     0.209990E-04     0.243810E-04
  0.255991E-04     0.280691E-04     0.266288E-04     0.228817E-04     0.256705E-04
  0.263574E-04     0.277664E-04     0.235461E-04     0.270591E-04     0.280099E-04
  0.269966E-04     0.278897E-04     0.256883E-04     0.270248E-04     0.295729E-04
  0.256742E-04     0.271842E-04     0.265389E-04     0.278145E-04     0.297771E-04
  0.265034E-04     0.230266E-04     0.275308E-04     0.325053E-04     0.307463E-04
  0.279854E-04     0.294978E-04     0.294662E-04     0.266008E-04     0.233868E-04
  0.261025E-04     0.290862E-04     0.269943E-04     0.291144E-04     0.282595E-04
  0.300302E-04     0.313954E-04     0.251803E-04     0.281120E-04     0.275197E-04
  0.268132E-04     0.256480E-04     0.303821E-04     0.226518E-04     0.207468E-04
  0.242990E-04     0.316958E-04     0.271538E-04     0.270408E-04     0.291211E-04
  0.315129E-04     0.281474E-04     0.248962E-04     0.253451E-04     0.258493E-04
  0.296399E-04     0.315762E-04     0.279098E-04     0.288465E-04     0.241640E-04
  0.285465E-04     0.281541E-04     0.286491E-04     0.278249E-04     0.276414E-04
  0.260123E-04     0.271334E-04     0.288656E-04     0.320320E-04     0.285343E-04
  0.271754E-04     0.292842E-04     0.273005E-04     0.306631E-04     0.274708E-04
  0.275492E-04     0.284006E-04     0.331916E-04     0.313805E-04     0.315266E-04
  0.311304E-04     0.274662E-04     0.322191E-04     0.345627E-04     0.381001E-04
  0.410934E-04     0.282526E-04     0.337765E-04     0.309632E-04     0.331988E-04
  0.333040E-04     0.328365E-04     0.314799E-04     0.308367E-04     0.337080E-04
  0.376568E-04     0.307434E-04     0.328055E-04     0.333302E-04     0.425250E-04
  0.331519E-04     0.278490E-04     0.356928E-04     0.321759E-04     0.238167E-04
  0.335347E-04     0.327370E-04     0.336943E-04     0.294743E-04     0.360290E-04
  0.300543E-04     0.311911E-04     0.269595E-04     0.337490E-04     0.313546E-04
  0.341063E-04     0.352583E-04     0.312295E-04     0.288468E-04     0.313894E-04
  0.324853E-04     0.315335E-04     0.332069E-04     0.335796E-04     0.316205E-04
  0.299240E-04     0.311265E-04     0.316396E-04     0.334111E-04     0.345947E-04
  0.337267E-04     0.349178E-04     0.265776E-04     0.314614E-04     0.361938E-04
  0.323390E-04     0.305333E-04     0.317078E-04     0.318073E-04     0.282581E-04
  0.312169E-04     0.300859E-04     0.282628E-04     0.383137E-04     0.307262E-04
  0.340319E-04     0.311183E-04     0.386399E-04     0.322702E-04     0.391414E-04
  0.326705E-04     0.379822E-04     0.249289E-04     0.293361E-04     0.294448E-04
  0.317937E-04     0.408849E-04     0.386232E-04     0.340365E-04     0.285754E-04
  0.288558E-04     0.287689E-04     0.339002E-04     0.327527E-04     0.324771E-04
  0.274624E-04     0.354892E-04     0.455447E-04     0.269250E-04     0.360213E-04
  0.349139E-04     0.446401E-04     0.538646E-04     0.336576E-04     0.367655E-04
  0.332374E-04     0.270614E-04     0.246749E-04     0.297740E-04     0.316986E-04
  0.384593E-04     0.389606E-04     0.446645E-04     0.331946E-04     0.334484E-04
  0.443638E-04     0.260159E-04     0.329387E-04     0.326186E-04     0.429783E-04
  0.272341E-04     0.276416E-04     0.285047E-04     0.351080E-04     0.267574E-04
  0.329109E-04     0.346321E-04     0.243119E-04     0.348292E-04     0.379864E-04
  0.327043E-04     0.340147E-04     0.310829E-04     0.293134E-04     0.457902E-04
  0.423203E-04     0.296799E-04     0.327583E-04     0.384524E-04     0.305118E-04
  0.298122E-04     0.439140E-04     0.279681E-04     0.251163E-04     0.312010E-04
  0.418670E-04     0.458267E-04     0.473477E-04     0.388603E-04     0.518384E-04
  0.500397E-04     0.472281E-04     0.435138E-04     0.555347E-04     0.317633E-04
  0.365711E-04     0.346347E-04     0.649248E-04     0.415585E-04     0.509819E-04
  0.345797E-04     0.464071E-04     0.359141E-04     0.444763E-04     0.466955E-04
  0.366353E-04     0.353458E-04     0.723170E-04     0.338460E-04     0.371880E-04
  0.328829E-04     0.517089E-04     0.392787E-04     0.420302E-04     0.383577E-04
  0.381934E-04     0.527363E-04     0.450642E-04     0.402562E-04     0.307281E-04
  0.422733E-04     0.421860E-04     0.388402E-04     0.472538E-04     0.400940E-04
  0.396756E-04     0.326594E-04     0.649113E-04     0.432872E-04     0.479026E-04
  0.329319E-04     0.418902E-04     0.314779E-04     0.320808E-04     0.771661E-04
  0.564903E-04     0.550726E-04     0.284032E-04     0.341928E-04     0.375418E-04
  0.251829E-04     0.479000E-04     0.301905E-04     0.345771E-04     0.378779E-04
  0.492227E-04     0.430071E-04     0.232675E-04     0.509908E-04     0.306301E-04
  0.829444E-04     0.485621E-04     0.354917E-04     0.344904E-04     0.362001E-04
  0.316046E-04     0.510820E-04     0.278200E-04     0.290155E-04     0.355048E-04
  0.432884E-04     0.283948E-04     0.230267E-04     0.400118E-04     0.308227E-04
  0.350527E-04     0.340633E-04     0.332604E-04     0.228061E-04     0.303959E-04
  0.366772E-04     0.399126E-04     0.489007E-04     0.341443E-04     0.457792E-04
  0.392235E-04     0.467372E-04     0.343403E-04     0.519238E-04     0.184620E-04
  0.411978E-04     0.440514E-04     0.366934E-04     0.284405E-04     0.303100E-04
  0.803622E-04     0.101313E-03     0.171473E-03     0.116081E-03     0.210254E-03
  0.179704E-03     0.231336E-03     0.191338E-03     0.181909E-03     0.269790E-03
  0.244797E-03     0.377217E-03     0.625463E-03     0.584929E-03     0.584342E-03
  0.605913E-03     0.619351E-03     0.846993E-03     0.686051E-03     0.105497E-02
  0.136102E-02     0.117386E-02     0.144671E-02     0.204583E-02     0.115652E-02
  0.155683E-02     0.111161E-02     0.237209E-02     0.114966E-02     0.162300E-02
  0.184086E-02     0.159345E-02     0.254225E-02     0.222222E-02     0.333102E-02
  0.270809E-02     0.184631E-02     0.426869E-02     0.360172E-02     0.309672E-02
  0.658180E-02     0.473038E-02     0.371431E-02     0.420359E-02     0.367082E-02
  0.614829E-02     0.574514E-02     0.429642E-02     0.755783E-02     0.904819E-02
  0.812580E-02     0.615318E-02     0.883033E-02     0.113861E-01     0.877452E-02
  0.969699E-02     0.109372E-01     0.202544E-01
 eigen energies, in eV 
    -44.404192       -44.387283       -44.377262       -44.234524       -43.901547
    -28.352883       -28.202840       -28.172972       -28.158153       -28.136538
    -28.034027       -28.004287       -28.003868       -27.985200       -27.864541
    -27.835835       -27.817540       -27.806679       -27.772450       -27.765900
    -27.764662       -27.739101       -27.731398       -27.728065       -27.717246
    -27.677530       -27.671081       -27.658221       -27.643750       -27.614516
    -27.571727       -27.567253       -27.541534       -27.517379       -27.456830
    -27.442167       -27.440765       -27.409899       -27.395049       -27.388153
    -27.368298       -27.339362       -27.334421       -27.315973       -27.279403
    -27.210772       -27.199786       -27.179591       -27.144510       -27.131117
    -27.110926       -27.101990       -27.097417       -27.096164       -27.077788
    -27.051854       -27.050162       -27.030612       -26.998535       -26.996730
    -26.882752       -26.849536       -26.823889       -26.784557       -26.777889
    -26.774340       -26.734522       -26.666829       -26.643125       -26.611024
    -26.604878       -26.533308       -26.490907       -26.473267       -26.467133
    -26.309414       -26.301251       -26.271216       -26.249338       -26.241470
    -26.231939       -26.213072       -26.212206       -26.207284       -26.187770
    -26.136684       -26.103040       -26.095512       -26.039489       -26.022846
    -26.018632       -25.975501       -25.968736       -25.964993       -25.903338
    -25.901495       -25.897226       -25.861404       -25.858346       -25.855308
    -25.824102       -25.800730       -25.773952       -25.772289       -25.757129
    -25.723231       -25.701071       -25.692555       -25.684713       -25.681444
    -25.664233       -25.662527       -25.652382       -25.604629       -25.596263
    -25.587413       -25.582985       -25.564358       -25.538240       -25.538062
    -25.531718       -25.515167       -25.500266       -25.452642       -25.450220
    -25.440826       -25.429074       -25.397738       -25.390738       -25.337847
    -25.335120       -25.329147       -25.252308       -25.230393       -25.216228
    -23.833308       -23.812198       -23.764674       -23.702967       -23.524543
    -23.484349       -23.451540       -23.405283       -23.402825       -23.365847
    -23.285718       -23.252090       -23.240024       -23.185596       -23.181146
    -23.173078       -23.171363       -23.129509       -23.120720       -23.099691
    -23.071140       -23.054392       -23.028783       -23.004943       -22.997089
    -22.988316       -22.985519       -22.956350       -22.867112       -22.854887
    -22.819541       -22.810750       -22.580705       -22.510260       -22.171213
    -21.944762       -21.621658       -21.495866       -21.311767       -21.290115
    -21.285147       -21.260668       -21.228116       -21.202160       -21.112538
    -21.084699       -21.082025       -21.061074       -21.047143       -20.930450
    -20.845966       -20.835710       -20.804020       -20.749869       -20.631327
    -18.454681       -18.399301       -18.233771       -18.158398       -18.053404
    -16.479806       -16.276961       -16.193833       -16.140859       -16.121793
    -16.086204       -16.037164       -15.985390       -15.903766       -15.896653
    -15.787864       -15.766796       -15.742800       -15.728186       -15.520136
    -15.202240       -15.191550       -15.024659       -14.955630       -14.938571
    -14.894916       -14.850172       -14.790011       -14.741584       -14.729737
    -14.715177       -14.689864       -14.688757       -14.670971       -14.632232
    -14.606217       -14.578812       -14.504079       -14.487212       -14.409864
    -14.380115       -14.367272       -14.341380       -14.320951       -14.275209
    -13.810568       -13.721632       -13.691881       -13.660170       -13.640148
    -13.626751       -13.589916       -13.587787       -13.567629       -13.530534
    -13.511238       -13.501611       -13.489310       -13.470366       -13.465625
    -13.444919       -13.413537       -13.405441       -13.388135       -13.376329
    -13.363115       -13.355543       -13.312902       -13.281815       -13.235002
    -13.204298       -13.199288       -13.186234       -13.033260       -12.874057
    -12.154745       -12.134511       -12.112945       -12.079891       -12.071219
    -12.017103       -12.006865       -11.960863       -11.929075       -11.915240
    -11.859169       -11.843394       -11.820428       -11.778111       -11.742481
    -11.682806       -11.619227       -11.572204       -11.558053       -11.507979
    -11.485843       -11.460369       -11.449978       -11.419578       -11.417971
    -11.379664       -11.344465       -11.329562       -11.295196       -11.284704
    -11.268681       -11.224979       -11.178533       -11.141143       -11.132558
    -11.065756       -11.035884       -10.958007       -10.951983       -10.890972
    -10.875420       -10.723417       -10.699245       -10.674283       -10.666190
    -10.638826       -10.549218       -10.530812       -10.524295       -10.489936
    -10.486536       -10.462738       -10.438296       -10.424539       -10.407368
    -10.380575       -10.369603       -10.365451       -10.357450       -10.339309
    -10.315790       -10.314092       -10.303477       -10.300657       -10.276059
    -10.255344       -10.246199       -10.239071       -10.227420       -10.224824
    -10.215497       -10.210527       -10.187542       -10.167991       -10.152866
    -10.143671       -10.126670       -10.091330       -10.084639       -10.069223
    -10.049935       -10.042905       -10.012882        -9.980517        -9.973038
     -9.958831        -9.947293        -9.938160        -9.932666        -9.925801
     -9.920993        -9.899848        -9.892702        -9.885891        -9.881381
     -9.873860        -9.850793        -9.824721        -9.808178        -9.802725
     -9.773979        -9.761073        -9.755208        -9.749565        -9.745689
     -9.734218        -9.691230        -9.683806        -9.678564        -9.668964
     -9.654624        -9.649290        -9.646500        -9.634207        -9.601582
     -9.592920        -9.590212        -9.583780        -9.577002        -9.563206
     -9.544726        -9.533988        -9.528277        -9.510464        -9.502633
     -9.492958        -9.465672        -9.448286        -9.440657        -9.434686
     -9.420303        -9.379483        -9.363646        -9.359721        -9.335081
     -9.324200        -9.315059        -9.307735        -9.292095        -9.282983
     -9.262806        -9.247999        -9.230469        -9.227812        -9.213800
     -9.209313        -9.194082        -9.177105        -9.167515        -9.144891
     -9.142434        -9.117329        -9.105476        -9.099917        -9.078710
     -9.065979        -9.055314        -9.041972        -9.034574        -9.024693
     -9.014779        -8.998536        -8.987536        -8.983990        -8.976218
     -8.958563        -8.944611        -8.927120        -8.881074        -8.873471
     -8.857720        -8.855990        -8.849829        -8.832942        -8.827048
     -8.821061        -8.810467        -8.802501        -8.793688        -8.778985
     -8.767453        -8.762008        -8.739863        -8.718408        -8.690994
     -8.669183        -8.663288        -8.660244        -8.644953        -8.631478
     -8.623731        -8.616756        -8.600408        -8.579711        -8.530244
     -8.512228        -8.483982        -8.466199        -8.454589        -8.444686
     -8.431925        -8.427871        -8.414184        -8.393119        -8.355037
     -8.345544        -8.336301        -8.311778        -8.289766        -8.270999
     -8.266087        -8.258275        -8.255318        -8.238575        -8.235485
     -8.182237        -8.161077        -8.123315        -8.122907        -8.063133
     -8.034305        -7.987505        -7.957597        -7.954200        -7.948465
     -7.919324        -7.898472        -7.887356        -7.876004        -7.852696
     -7.841534        -7.811704        -7.778545        -7.768757        -7.759814
     -7.736866        -7.711467        -7.699777        -7.638547        -7.622769
     -7.620447        -7.607218        -7.591917        -7.562137        -7.549337
     -7.525673        -7.508866        -7.499233        -7.486750        -7.448176
     -7.442205        -7.368878        -7.365301        -7.362569        -7.344906
     -7.301914        -7.253944        -7.243886        -7.237550        -7.178466
     -7.175264        -7.132523        -7.124779        -7.116274        -7.111976
     -7.108684        -7.089719        -7.071560        -7.063167        -7.053949
     -7.038249        -7.021315        -7.002897        -6.980874        -6.978438
     -6.942647        -6.923393        -6.917140        -6.898803        -6.842170
     -6.818656        -6.815203        -6.811264        -6.799156        -6.791518
     -6.769185        -6.763199        -6.750570        -6.715657        -6.705134
     -6.684183        -6.663540        -6.653300        -6.625951        -6.619446
     -6.601618        -6.584244        -6.580601        -6.568518        -6.560199
     -6.538586        -6.527975        -6.511622        -6.499266        -6.477441
     -6.471643        -6.462967        -6.453444        -6.439099        -6.429264
     -6.405500        -6.400061        -6.397832        -6.390445        -6.376099
     -6.362183        -6.356656        -6.330470        -6.326870        -6.321493
     -6.312455        -6.311110        -6.296903        -6.291589        -6.282944
     -6.275580        -6.266538        -6.260088        -6.253327        -6.241112
     -6.235073        -6.227365        -6.216986        -6.211506        -6.196079
     -6.167942        -6.158726        -6.146698        -6.139430        -6.133341
     -6.126469        -6.119682        -6.111947        -6.110527        -6.099287
     -6.074916        -6.068748        -6.062091        -6.052860        -6.049469
     -6.037160        -6.027247        -6.019846        -6.012714        -6.006056
     -6.005057        -5.999890        -5.996539        -5.981773        -5.974959
     -5.964089        -5.950586        -5.938430        -5.933770        -5.926033
     -5.914737        -5.911263        -5.899106        -5.892623        -5.878353
     -5.872275        -5.868992        -5.858585        -5.849276        -5.836259
     -5.825641        -5.821310        -5.818572        -5.814133        -5.810409
     -5.797510        -5.789616        -5.783630        -5.779432        -5.755677
     -5.748324        -5.746684        -5.732761        -5.728590        -5.721694
     -5.711417        -5.703989        -5.700185        -5.686789        -5.675813
     -5.671990        -5.670340        -5.656789        -5.648179        -5.639959
     -5.637657        -5.627878        -5.616740        -5.613092        -5.608721
     -5.602107        -5.595180        -5.592735        -5.588128        -5.574075
     -5.567810        -5.563842        -5.557319        -5.553103        -5.542105
     -5.539916        -5.534886        -5.524603        -5.521612        -5.519214
     -5.508097        -5.502084        -5.499078        -5.495273        -5.488903
     -5.478610        -5.471874        -5.466850        -5.455455        -5.453583
     -5.447194        -5.442451        -5.439715        -5.430405        -5.421134
     -5.417403        -5.410983        -5.403620        -5.399996        -5.389249
     -5.385455        -5.382126        -5.375771        -5.367449        -5.361839
     -5.359105        -5.347419        -5.343723        -5.331563        -5.330258
     -5.322208        -5.319022        -5.309884        -5.303648        -5.291966
     -5.283496        -5.269037        -5.265198        -5.260164        -5.255323
     -5.252243        -5.247045        -5.236756        -5.230243        -5.224681
     -5.220223        -5.211873        -5.209320        -5.204667        -5.196885
     -5.187151        -5.179730        -5.173588        -5.170019        -5.165624
     -5.154804        -5.147284        -5.142572        -5.141522        -5.131572
     -5.126223        -5.118681        -5.102092        -5.098585        -5.097355
     -5.091802        -5.080820        -5.078105        -5.068005        -5.060870
     -5.057192        -5.051914        -5.047804        -5.041329        -5.037673
     -5.030254        -5.028379        -5.020120        -5.012795        -5.010998
     -5.003152        -4.998039        -4.995653        -4.991432        -4.982052
     -4.966887        -4.965122        -4.957829        -4.954843        -4.949625
     -4.935847        -4.932771        -4.923405        -4.921033        -4.917020
     -4.906716        -4.904181        -4.894531        -4.891527        -4.885376
     -4.880545        -4.876722        -4.869445        -4.865354        -4.857495
     -4.848589        -4.845922        -4.839109        -4.837237        -4.829678
     -4.825987        -4.824519        -4.810787        -4.803130        -4.796951
     -4.788847        -4.785299        -4.780521        -4.770445        -4.768697
     -4.760998        -4.750719        -4.740356        -4.732943        -4.721976
     -4.706668        -4.702947        -4.700038        -4.696784        -4.681383
     -4.678614        -4.667473        -4.659303        -4.654544        -4.639021
     -4.628444        -4.622106        -4.604926        -4.588092        -4.580100
     -4.570711        -4.564374        -4.557891        -4.539667        -4.534984
     -4.529684        -4.516668        -4.513009        -4.506174        -4.498963
     -4.494310        -4.481308        -4.470894        -4.466739        -4.455488
     -4.423875        -4.407839        -4.347631        -4.332085        -4.324985
     -4.311287        -4.294940        -4.285090        -4.264419        -4.247262
     -4.236565        -4.218289        -4.189300        -4.155308        -4.121617
     -4.101765        -4.094819        -4.072934        -4.061716        -4.035450
     -4.008630        -3.998222        -3.963779        -3.950889        -3.945703
     -3.932081        -3.916338        -3.895674        -3.884477        -3.880211
     -3.868697        -3.849244        -3.813754        -3.802969        -3.780784
     -3.778695        -3.761122        -3.735343        -3.721428        -3.711076
     -3.680091        -3.673242        -3.656669        -3.645960        -3.632476
     -3.596838        -3.589858        -3.582138        -3.575482        -3.562615
     -3.549720        -3.540387        -3.528799        -3.505640        -3.501599
     -3.482845        -3.477594        -3.471573        -3.457900        -3.450925
     -3.443430        -3.433952        -3.419277        -3.415708        -3.412629
     -3.408864        -3.385971        -3.373678        -3.350181        -3.346223
     -3.340716        -3.335333        -3.330528        -3.324219        -3.306085
     -3.288755        -3.276057        -3.264563        -3.263013        -3.248558
     -3.219879        -3.209734        -3.184336        -3.171530        -3.154568
     -3.140965        -3.127788        -3.101081        -3.083717        -3.080391
     -3.024662        -3.017674        -3.005068        -2.937050        -2.907602
     -2.879694        -2.861270        -2.815984        -2.772403        -2.770251
     -2.767532        -2.738340        -2.708825        -2.652619        -2.640836
     -2.630939        -2.622465        -2.613536        -2.602682        -2.590576
     -2.578540        -2.533080        -2.470162        -2.461495        -2.442197
     -2.417496        -2.359775        -2.313291        -2.278132        -2.257191
     -2.250744        -2.247338        -2.241918        -2.202910        -2.156038
     -2.129291        -2.020527        -2.009370        -1.929634        -1.848793
      2.700533         2.830198         2.835234         2.991849         3.054625
      3.067102         3.142528         3.165003         3.212283         3.232814
      3.304761         3.323451         3.403446         3.419285         3.451691
      3.490389         3.586033         3.596398         3.609696         3.678630
      3.722087         3.724473         3.752844         3.780598         3.788382
      3.825453         3.850121         3.870037         3.896876         3.912504
      3.951354         3.980133         3.991166         4.002035         4.031232
      4.041609         4.061018         4.068059         4.096215         4.112682
      4.139808         4.149875         4.178290         4.188260         4.203861
      4.231348         4.266284         4.289534         4.323496         4.340375
      4.359232         4.370821         4.391988         4.409869         4.450520
      4.477769         4.492994         4.511250
 *********************************
 total computation time (sec)=   1997.21462202072     
