 AEM_Eatom=  2.269381066613860E-003
 AEM_Egroup=  3.593721069976252E-004
 AEM_Etot=  9.861911026192531E-004
 AEM_F=  0.500412732114842     
