           4           1
 PRECISION  = SINGLE     
 JOB       = SCF
 IN.PSP1   = /home/sabs/shenjie/Pseudopotential/Li.nc.pbe.UPF
 IN.PSP2   = /home/sabs/shenjie/Pseudopotential/C.nc.pbe.UPF
 IN.PSP3   = /home/sabs/shenjie/Pseudopotential/O.nc.pbe.UPF
 IN.PSP4   = /home/sabs/shenjie/Pseudopotential/N.nc.pbe.UPF
 IN.PSP5   = /home/sabs/shenjie/Pseudopotential/S.nc.pbe.UPF
 IN.PSP6   = /home/sabs/shenjie/Pseudopotential/F.nc.pbe.UPF
 IN.PSP7   = /home/sabs/shenjie/Pseudopotential/H.nc.pbe.UPF
 IN.PSP8   = /home/sabs/shenjie/Pseudopotential/P.nc.pbe.UPF
 IN.ATOM   = atom.config         
 CONVERGENCE  = EASY
 ACCURACY  = NORM
 VFF_DETAIL =   1   500  0.50000000E-02     30.00000     4.00000     0.00000     1.00000  
 EGG_DETAIL =            3           3           3
 SPIN      =   1
 CONSTRAINT_MAG =           0
 RANDOM_SEED=           0
 QIJ_DETAIL =   0  1
 SCF_MIX = CHARGE
 PWSCF_OUTPUT     =  F
 Ecut      =    60.0000000000000     
 Ecut2     =    120.000000000000     
 Ecut2L    =    120.000000000000     
 EcutP    =    60.0000000000000     
 N123      =   120   120   120
 NS123     =    40    40    40
 N123L     =   120   120   120
 STRESS_CORR =   0.100000E+01  0.000000E+00  0.200000E+01  0.000000E+00
 XCFUNCTIONAL = LDA
 HSE_DETAIL    =      1.00000000    1     0.00000000    6 1 1
 RELAX_HSE    =    20   0.50000E-01     2
 VDW       = NONE
 LONDON_S6      =   0.000000000000000E+000
 LONDON_C6(1)      =   -1.00000000000000     
 LONDON_C6(2)      =   -1.00000000000000     
 LONDON_C6(3)      =   -1.00000000000000     
 LONDON_C6(4)      =   -1.00000000000000     
 LONDON_C6(5)      =   -1.00000000000000     
 LONDON_C6(6)      =   -1.00000000000000     
 LONDON_C6(7)      =   -1.00000000000000     
 LONDON_C6(8)      =   -1.00000000000000     
 LONDON_RCUT      =   0.000000000000000E+000
 DFTD3_S6        =   0.000000000000000E+000
 DFTD3_RS6        =   0.000000000000000E+000
 DFTD3_S18        =   0.000000000000000E+000
 DFTD3_RS18        =   0.000000000000000E+000
 DFTD3_ALPHA6        =   0.000000000000000E+000
 DFTD3_VERSION        =            0
 DFTD3_3BODY        =  F
 COULOMB   =    0
 IN.WG     =  F
 OUT.WG    =  F
 IN.RHO    =  F
 OUT.RHOATOM =  F
 OUT.RHO   =  F
 IN.VR     =  F
 OUT.VR    =  F
 OUT.ELF   =  F
 IN.VEXT   =  F
 OUT.VATOM   =  F
 OUT.FORCE =  T
 OUT.STRESS =  F
 IN.KPT    =  F
 IN.SYMM   =  F
 SYMM_PREC =    0.10000E-04
 MP_N123 =      1      1      1      0      0      0      0
 NUM_KPT =            1
 CHARGE_DECOMP = F
 ENERGY_DECOMP = F 
 IN.SOLVENT =  F
 NUM_ELECTRON =   1940.00000000000     
 FIX_FERMI =   F  0.000000E+00  0.000000E+00  0.000000E+00
 IN.NONSCF    =  F
 NUM_BAND  =  1028
 OUT.REAL.RHOWF_SP= 0
 WG_ERROR  =   1.000000000000000E-004
 E_ERROR   =   5.279008887880000E-003
 RHO_ERROR =   5.000000000000000E-005
 RHO_RELATIVE_ERROR      =   0.000000000000000E+000
 FORCE_RELATIVE_ERROR     =   0.000000000000000E+000
 MIN_SCF_ITER     =            1
 SYS_TYPE   =            1
 PULAY_MIX_OPT =     30  1  0       1.00000       0.00000
 PULAY_METRIC_Q0 =       -1.00000
 IN.OCC    =  F          -1
 IN.CC    =  F
 IN.OCC_ADIA    =  F
 SCF_ITER0_1 =    6   4    3    0.0000     0.02500    1
 SCF_ITER0_2 =   94   4    3    1.0000     0.02500    1
 SCF_ITER1_1 =   40   4    3    1.0000     0.02500    1
 NONLOCAL  =  2
 IN.A_FIELD =  F       0.00000       0.00000       0.00000
 RCUT      =    4.00000000000000     
 IN.PSP_RCUT1 =   4.00000000000000     
 IN.PSP_RCUT2 =   4.00000000000000     
 IN.PSP_RCUT3 =   4.00000000000000     
 IN.PSP_RCUT4 =   4.00000000000000     
 IN.PSP_RCUT5 =   4.00000000000000     
 IN.PSP_RCUT6 =   4.00000000000000     
 IN.PSP_RCUT7 =   4.00000000000000     
 IN.PSP_RCUT8 =   4.00000000000000     
 MD_VV_SCALE =    100
 LDAU_PSP1   =           -1  2.721138638331097E-009  2.721138638331097E-009  eV
 LDAU_PSP2   =           -1  2.721138638331097E-009  2.721138638331097E-009  eV
 LDAU_PSP3   =           -1  2.721138638331097E-009  2.721138638331097E-009  eV
 LDAU_PSP4   =           -1  2.721138638331097E-009  2.721138638331097E-009  eV
 LDAU_PSP5   =           -1  2.721138638331097E-009  2.721138638331097E-009  eV
 LDAU_PSP6   =           -1  2.721138638331097E-009  2.721138638331097E-009  eV
 LDAU_PSP7   =           -1  2.721138638331097E-009  2.721138638331097E-009  eV
 LDAU_PSP8   =           -1  2.721138638331097E-009  2.721138638331097E-009  eV
 NUM_BLOCKED_PSI=  F
 WF_STORE2DISK  =            0
 NUM_DOS_GRID =         4000
 NMAP_MAX =        50000
 KERK_AMIN =   0.300000000000000     
 KERK_AMIX =   0.400000000000000     
 KERK_AMIX_MAG =   0.800000000000000     
 KERK_BMIX =   0.500000000000000     
 LDAU_MIX =   0.700000000000000     
 PULAY_WEIGHT_SPIN =    1.00000000000000     
 PULAY_WEIGHT_NS =    1.00000000000000     
 OUT.MLMD    =  F
 NUM_MPI_PER_GPU =     1
 FLAG_CYLINDER =            0
 SET_OUT_FERMI_POS =  F           0
 E_FINITE =  F   0.00000E+00   0.00000E+00   0.00000E+00
 MLINE_EIGEN =      1
 
 ------------------------------------------------
 total number of K-point:           1
   0.00000     0.00000    0.00000     1.00000            
 ------------------------------------------------
 
 
 *********************************************
 *********** end of etot.input report ********
 minimum n1,n2,n3 from Ecut2
     118.970      119.148      119.089
 minimum n1L,n2L,n3L from Ecut2L
     118.970      119.148      119.089
 *********************************************
 
 
Weighted average num_of_PW for all kpoint=                       312673.000
 ************************************
 E_Hxc(eV)         50925.5475627580     
 E_ion(eV)        -222568.211542108     
 E_Coul(eV)        79211.0063221111     
 E_Hxc+E_ion(eV)  -171642.663979350     
 NONSCF     1          AVE_STATE_ERROR= 0.5919E+01
 NONSCF     2          AVE_STATE_ERROR= 0.1630E+01
 NONSCF     3          AVE_STATE_ERROR= 0.5078E+00
 NONSCF     4          AVE_STATE_ERROR= 0.9485E-01
 NONSCF     5          AVE_STATE_ERROR= 0.1572E-01
 NONSCF     6          AVE_STATE_ERROR= 0.3022E-02
 iter=   7   ave_lin=  4.0  iCGmth=   3
 Ef(eV)               = -.1106049E+01
 err of ug            = 0.1187E-02
 dv_ave, drho_tot     = 0.0000E+00 0.1219E+00
 E_tot(eV)            = -.13304326204530E+06    -.1330E+06
 -------------------------------------------
 iter=   8   ave_lin=  4.0  iCGmth=   3
 Ef(eV)               = -.1222785E+01
 err of ug            = 0.1067E-01
 dv_ave, drho_tot     = 0.1712E-01 0.7037E-01
 E_tot(eV)            = -.13293954177614E+06    0.1037E+03
 -------------------------------------------
 iter=   9   ave_lin=  4.0  iCGmth=   3
 Ef(eV)               = -.8551489E+00
 err of ug            = 0.6540E-02
 dv_ave, drho_tot     = 0.1359E-01 0.3040E-01
 E_tot(eV)            = -.13290776870644E+06    0.3177E+02
 -------------------------------------------
 iter=  10   ave_lin=  4.0  iCGmth=   3
 Ef(eV)               = -.7853086E+00
 err of ug            = 0.2091E-02
 dv_ave, drho_tot     = 0.6944E-02 0.1058E-01
 E_tot(eV)            = -.13290239873079E+06    0.5370E+01
 -------------------------------------------
 iter=  11   ave_lin=  4.0  iCGmth=   3
 Ef(eV)               = -.7501420E+00
 err of ug            = 0.5482E-03
 dv_ave, drho_tot     = 0.2997E-02 0.6023E-02
 E_tot(eV)            = -.13290173859981E+06    0.6601E+00
 -------------------------------------------
 iter=  12   ave_lin=  4.0  iCGmth=   3
 Ef(eV)               = -.7135257E+00
 err of ug            = 0.3147E-03
 dv_ave, drho_tot     = 0.3512E-02 0.3654E-02
 E_tot(eV)            = -.13290121888232E+06    0.5197E+00
 -------------------------------------------
 iter=  13   ave_lin=  4.0  iCGmth=   3
 Ef(eV)               = -.6658750E+00
 err of ug            = 0.3562E-03
 dv_ave, drho_tot     = 0.3965E-02 0.2830E-02
 E_tot(eV)            = -.13290072987412E+06    0.4890E+00
 -------------------------------------------
 iter=  14   ave_lin=  4.0  iCGmth=   3
 Ef(eV)               = -.6026394E+00
 err of ug            = 0.3360E-03
 dv_ave, drho_tot     = 0.5416E-02 0.2239E-02
 E_tot(eV)            = -.13290028210093E+06    0.4478E+00
 -------------------------------------------
 iter=  15   ave_lin=  4.0  iCGmth=   3
 Ef(eV)               = -.4439338E+00
 err of ug            = 0.3457E-03
 dv_ave, drho_tot     = 0.6188E-02 0.1792E-02
 E_tot(eV)            = -.13289996830070E+06    0.3138E+00
 -------------------------------------------
 iter=  16   ave_lin=  4.0  iCGmth=   3
 Ef(eV)               = -.4151203E+00
 err of ug            = 0.2583E-03
 dv_ave, drho_tot     = 0.4292E-02 0.1366E-02
 E_tot(eV)            = -.13289988266286E+06    0.8564E-01
 -------------------------------------------
 iter=  17   ave_lin=  4.0  iCGmth=   3
 Ef(eV)               = -.3846993E+00
 err of ug            = 0.1963E-03
 dv_ave, drho_tot     = 0.3644E-02 0.1055E-02
 E_tot(eV)            = -.13289985070719E+06    0.3196E-01
 -------------------------------------------
 iter=  18   ave_lin=  4.0  iCGmth=   3
 Ef(eV)               = -.3699465E+00
 err of ug            = 0.1274E-03
 dv_ave, drho_tot     = 0.2793E-02 0.7851E-03
 E_tot(eV)            = -.13289983377125E+06    0.1694E-01
 -------------------------------------------
 iter=  19   ave_lin=  4.0  iCGmth=   3
 Ef(eV)               = -.3252228E+00
 err of ug            = 0.1066E-03
 dv_ave, drho_tot     = 0.2368E-02 0.5971E-03
 E_tot(eV)            = -.13289981660814E+06    0.1716E-01
 -------------------------------------------
 iter=  20   ave_lin=  4.0  iCGmth=   3
 Ef(eV)               = -.2854420E+00
 err of ug            = 0.9292E-04
 dv_ave, drho_tot     = 0.2318E-02 0.4514E-03
 E_tot(eV)            = -.13289980454099E+06    0.1207E-01
 -------------------------------------------
 iter=  21   ave_lin=  4.0  iCGmth=   3
 Ef(eV)               = -.2637029E+00
 err of ug            = 0.6523E-04
 dv_ave, drho_tot     = 0.1111E-02 0.3739E-03
 E_tot(eV)            = -.13289979696217E+06    0.7579E-02
 -------------------------------------------
 iter=  22   ave_lin=  4.0  iCGmth=   3
 Ef(eV)               = -.2599869E+00
 err of ug            = 0.6411E-04
 dv_ave, drho_tot     = 0.1072E-02 0.3030E-03
 E_tot(eV)            = -.13289979044532E+06    0.6517E-02
 -------------------------------------------
 iter=  23   ave_lin=  4.0  iCGmth=   3
 Ef(eV)               = -.2711967E+00
 err of ug            = 0.5385E-04
 dv_ave, drho_tot     = 0.8551E-03 0.2443E-03
 E_tot(eV)            = -.13289978697116E+06    0.3474E-02
 -------------------------------------------
 E_Fermi(eV)= -0.271196746091692     
 ---------------------------------------------------
 Ef(eV)               = -.2711967E+00
 dvE, dvE(n)-dvE(n-1) = 0.7312E-06 -.4183E-06
 dv_ave, drho_tot     = 0.8551E-03 0.2443E-03
 err of ug            = 0.5385E-04
 ---------------------------------------------------
 ending_scf_reason = tol Etot_err  5.279008887880000E-003
 Ewald        = -.40943592956579E+05
 Alpha        = 0.15207970391171E+04
 E_extV       = 0.00000000000000E+00    0.0000E+00
 E_NSC        = -.21478936444944E+05    0.6712E+00
 E[-rho*V_Hxc]= -.12414020244241E+06    -.6678E+00
 E_Hxc        = 0.52142147833653E+05    0.6798E+00
 -TS          = -.35505862133968E-26    0.0000E+00
 E_tot(eV)    = -.13289978697116E+06    0.3474E-02
 E_tot(Ryd)   = -.97679542580800E+04    0.1277E-03
 ---------------------------------------------------
 ---------------------------------------------------
 occup for:      kpt=1,spin=1,m=(totN/2-2,totN/2+2)
   1.000    1.000    1.000    0.000    0.000
 eigen(eV) for:  kpt=1,spin=1,m=(totN/2-2,totN/2+2)
  -1.930   -1.839   -1.693    2.368    2.470
 ---------------------------------------------------
 ---------------------------------------------------
 E_Hart,E_xc,E_ion =0.80947642532618E+05  -.28805494698965E+05  -.22503226458372E+06
 E_Hxc+E_ion       =-.17289011675007E+06
 E_kin+E_nonloc    =0.79413125696368E+05
 E_rhoVext,E_IVext     =0.00000000000000E+00  0.00000000000000E+00
 E_psiV,E_dDrho =-.10089226835937E+06  0.00000000000000E+00
 ave(vtot):v0 =-.76998642411598E+01
 ave(V_ion_s(or p,d))=ave(V_Hatree)=0; ave(Vtot)=ave(V_xc)=v0
 ---------------------------------------------------
 *********************************
 Eigen energies are values after setting ave(Vtot)=0
 For Vtot=V_ion+V_Hartree+V_xc, and
 ave(V_ion+V_Hatree)=0, ave(V_xc).ne.0:  E=E+v0
 *********************************
iislda,kpt=   1,    1      0.000000     0.000000     0.000000             kpoint in xyz unit 
 err of each states, A.U
  0.480409E-04     0.105913E-03     0.388569E-03     0.226149E-04     0.687564E-04
  0.618755E-04     0.944543E-04     0.384057E-04     0.197140E-04     0.250777E-04
  0.389724E-04     0.255649E-04     0.175409E-04     0.217552E-04     0.158577E-04
  0.143343E-04     0.261552E-04     0.372438E-04     0.150952E-04     0.158651E-04
  0.163221E-04     0.148655E-04     0.329354E-04     0.150185E-04     0.491662E-04
  0.121296E-04     0.149491E-04     0.519297E-04     0.288361E-04     0.561195E-04
  0.193175E-04     0.510090E-04     0.154263E-04     0.277295E-04     0.150316E-04
  0.167341E-04     0.135227E-04     0.374918E-04     0.189731E-04     0.410367E-04
  0.270190E-04     0.130772E-03     0.228978E-04     0.134948E-04     0.280339E-04
  0.554364E-04     0.114477E-04     0.283182E-04     0.144896E-04     0.458108E-04
  0.182204E-04     0.148854E-04     0.158272E-04     0.184839E-04     0.166411E-04
  0.157250E-04     0.290961E-04     0.972735E-04     0.111308E-04     0.217483E-04
  0.128950E-03     0.161813E-04     0.160749E-04     0.188528E-04     0.136821E-04
  0.156372E-04     0.126543E-04     0.230654E-04     0.210477E-04     0.135544E-04
  0.357595E-04     0.158729E-04     0.376945E-04     0.114448E-04     0.849973E-04
  0.741692E-04     0.158572E-04     0.143115E-04     0.124278E-04     0.421240E-04
  0.142760E-04     0.323663E-04     0.123853E-04     0.189108E-04     0.153599E-04
  0.415823E-04     0.176781E-04     0.226294E-04     0.109894E-04     0.141634E-04
  0.132875E-04     0.128521E-04     0.290421E-04     0.130312E-04     0.959568E-04
  0.159118E-04     0.129581E-04     0.304160E-04     0.161443E-04     0.708241E-04
  0.287738E-04     0.309512E-04     0.107985E-04     0.149528E-04     0.165758E-04
  0.132711E-04     0.125072E-04     0.176232E-04     0.128068E-04     0.500775E-04
  0.147105E-04     0.104074E-04     0.154165E-04     0.220873E-04     0.418833E-04
  0.152621E-04     0.151112E-04     0.160193E-04     0.592968E-04     0.113761E-04
  0.158708E-04     0.141040E-04     0.169801E-04     0.143753E-04     0.125242E-04
  0.173629E-04     0.538446E-04     0.137400E-04     0.145977E-04     0.158623E-04
  0.163877E-04     0.112170E-04     0.177146E-04     0.120557E-04     0.189892E-04
  0.159395E-04     0.248427E-04     0.590427E-04     0.153807E-04     0.257992E-04
  0.311064E-04     0.205432E-04     0.119019E-04     0.145790E-04     0.313905E-04
  0.155781E-04     0.124327E-04     0.134130E-04     0.166389E-04     0.225297E-04
  0.224377E-04     0.586937E-04     0.343190E-04     0.276007E-04     0.132626E-04
  0.136829E-04     0.322590E-04     0.252824E-04     0.245306E-04     0.580049E-04
  0.194550E-04     0.115219E-04     0.200725E-04     0.138815E-04     0.218825E-04
  0.130397E-04     0.284122E-04     0.175441E-04     0.536744E-04     0.281617E-04
  0.384026E-04     0.410825E-04     0.107936E-04     0.209756E-04     0.252280E-04
  0.157547E-04     0.291545E-04     0.116048E-04     0.240668E-04     0.107109E-04
  0.123172E-04     0.305390E-04     0.108053E-04     0.171454E-04     0.155817E-04
  0.127689E-04     0.628498E-04     0.124174E-04     0.164145E-04     0.107491E-04
  0.128378E-04     0.201175E-04     0.179630E-04     0.273418E-04     0.101791E-04
  0.211464E-04     0.150951E-04     0.122345E-04     0.220048E-04     0.204206E-04
  0.168589E-04     0.109505E-04     0.123617E-04     0.117313E-04     0.237390E-04
  0.185894E-04     0.153101E-04     0.313397E-04     0.314962E-04     0.132916E-04
  0.137596E-04     0.131128E-04     0.130578E-04     0.142386E-04     0.185480E-04
  0.256831E-04     0.212803E-04     0.176935E-04     0.222507E-04     0.181446E-04
  0.185952E-04     0.169099E-04     0.218579E-04     0.126120E-04     0.150695E-04
  0.129908E-04     0.166956E-04     0.168036E-04     0.936580E-05     0.144545E-04
  0.114656E-04     0.193360E-04     0.126055E-04     0.160327E-04     0.127594E-04
  0.133568E-04     0.126443E-04     0.153827E-04     0.141665E-04     0.107673E-04
  0.185105E-04     0.153914E-04     0.202556E-04     0.113162E-04     0.197310E-04
  0.204452E-04     0.201645E-04     0.212420E-04     0.166108E-04     0.190649E-04
  0.212764E-04     0.233613E-04     0.144429E-04     0.128983E-04     0.129014E-04
  0.166552E-04     0.177744E-04     0.218113E-04     0.205656E-04     0.127019E-04
  0.213150E-04     0.171834E-04     0.134769E-04     0.136505E-04     0.171192E-04
  0.175134E-04     0.191505E-04     0.158013E-04     0.262374E-04     0.255184E-04
  0.181305E-04     0.233332E-04     0.147844E-04     0.165049E-04     0.152453E-04
  0.287427E-04     0.154679E-04     0.182183E-04     0.170583E-04     0.336670E-04
  0.230220E-04     0.214943E-04     0.223497E-04     0.229678E-04     0.182881E-04
  0.147448E-04     0.255791E-04     0.208765E-04     0.164425E-04     0.151764E-04
  0.328992E-04     0.180244E-04     0.283021E-04     0.284882E-04     0.197292E-04
  0.211647E-04     0.211764E-04     0.218087E-04     0.155074E-04     0.177106E-04
  0.236658E-04     0.233121E-04     0.200852E-04     0.318468E-04     0.172657E-04
  0.210133E-04     0.180082E-04     0.152606E-04     0.216787E-04     0.160919E-04
  0.204549E-04     0.247740E-04     0.365880E-04     0.205110E-04     0.158290E-04
  0.237992E-04     0.229886E-04     0.244503E-04     0.223825E-04     0.215537E-04
  0.221387E-04     0.292545E-04     0.260290E-04     0.401053E-04     0.249057E-04
  0.218279E-04     0.233956E-04     0.264905E-04     0.234141E-04     0.237405E-04
  0.226788E-04     0.275660E-04     0.202825E-04     0.160226E-04     0.322483E-04
  0.276040E-04     0.190919E-04     0.195760E-04     0.277955E-04     0.208184E-04
  0.273819E-04     0.205944E-04     0.146716E-04     0.248597E-04     0.192971E-04
  0.201030E-04     0.215177E-04     0.140473E-04     0.257775E-04     0.206880E-04
  0.179210E-04     0.220520E-04     0.280373E-04     0.285140E-04     0.242342E-04
  0.242726E-04     0.186798E-04     0.257175E-04     0.258523E-04     0.258083E-04
  0.222051E-04     0.290550E-04     0.280593E-04     0.211885E-04     0.251460E-04
  0.209155E-04     0.193445E-04     0.279839E-04     0.188649E-04     0.218293E-04
  0.244312E-04     0.229678E-04     0.194145E-04     0.244036E-04     0.215108E-04
  0.293361E-04     0.284078E-04     0.283865E-04     0.185564E-04     0.203265E-04
  0.199035E-04     0.194361E-04     0.400247E-04     0.179631E-04     0.239641E-04
  0.285444E-04     0.336064E-04     0.224257E-04     0.255295E-04     0.189635E-04
  0.277526E-04     0.234724E-04     0.233534E-04     0.279203E-04     0.190792E-04
  0.227491E-04     0.233718E-04     0.301006E-04     0.317596E-04     0.256614E-04
  0.189963E-04     0.236704E-04     0.282844E-04     0.304105E-04     0.367530E-04
  0.243372E-04     0.177045E-04     0.243232E-04     0.276480E-04     0.270126E-04
  0.234969E-04     0.237598E-04     0.287973E-04     0.306108E-04     0.242450E-04
  0.245316E-04     0.242109E-04     0.224536E-04     0.262747E-04     0.219217E-04
  0.228115E-04     0.372787E-04     0.307002E-04     0.247197E-04     0.250401E-04
  0.236813E-04     0.368522E-04     0.252410E-04     0.374508E-04     0.300554E-04
  0.290695E-04     0.303045E-04     0.214313E-04     0.263961E-04     0.250609E-04
  0.257179E-04     0.247839E-04     0.253350E-04     0.359160E-04     0.352313E-04
  0.249932E-04     0.319381E-04     0.265630E-04     0.270326E-04     0.454433E-04
  0.384269E-04     0.331562E-04     0.283075E-04     0.231649E-04     0.268124E-04
  0.252179E-04     0.174118E-04     0.220986E-04     0.220063E-04     0.381341E-04
  0.388576E-04     0.334779E-04     0.307854E-04     0.187631E-04     0.225807E-04
  0.302677E-04     0.290286E-04     0.224568E-04     0.224557E-04     0.293155E-04
  0.233723E-04     0.382664E-04     0.178732E-04     0.241501E-04     0.239717E-04
  0.221234E-04     0.206851E-04     0.199529E-04     0.242264E-04     0.211442E-04
  0.358107E-04     0.255699E-04     0.312342E-04     0.313033E-04     0.274980E-04
  0.266865E-04     0.212001E-04     0.191647E-04     0.224345E-04     0.391799E-04
  0.253334E-04     0.258898E-04     0.204195E-04     0.225382E-04     0.232000E-04
  0.172623E-04     0.181990E-04     0.202161E-04     0.170100E-04     0.170568E-04
  0.210929E-04     0.167582E-04     0.148355E-04     0.193359E-04     0.241176E-04
  0.174619E-04     0.167728E-04     0.200743E-04     0.141479E-04     0.219988E-04
  0.226751E-04     0.166263E-04     0.168664E-04     0.179874E-04     0.188766E-04
  0.217775E-04     0.156969E-04     0.198191E-04     0.227753E-04     0.317154E-04
  0.182445E-04     0.321669E-04     0.296533E-04     0.196134E-04     0.165821E-04
  0.210518E-04     0.235035E-04     0.202914E-04     0.214477E-04     0.255694E-04
  0.264551E-04     0.158671E-04     0.185380E-04     0.204821E-04     0.215627E-04
  0.189747E-04     0.231706E-04     0.238981E-04     0.215382E-04     0.175962E-04
  0.267213E-04     0.291113E-04     0.245990E-04     0.269417E-04     0.237955E-04
  0.266381E-04     0.241205E-04     0.256839E-04     0.227908E-04     0.172116E-04
  0.164933E-04     0.252954E-04     0.205605E-04     0.247601E-04     0.264927E-04
  0.238523E-04     0.206408E-04     0.236385E-04     0.204393E-04     0.209848E-04
  0.222891E-04     0.244867E-04     0.240996E-04     0.200886E-04     0.382558E-04
  0.231291E-04     0.279530E-04     0.227614E-04     0.290800E-04     0.205830E-04
  0.238685E-04     0.175603E-04     0.239645E-04     0.207955E-04     0.247822E-04
  0.232532E-04     0.215209E-04     0.223863E-04     0.205978E-04     0.226679E-04
  0.255631E-04     0.247273E-04     0.227922E-04     0.243363E-04     0.220427E-04
  0.256358E-04     0.217957E-04     0.187256E-04     0.193527E-04     0.157963E-04
  0.155394E-04     0.219287E-04     0.148471E-04     0.225409E-04     0.210099E-04
  0.198171E-04     0.204548E-04     0.230681E-04     0.216337E-04     0.191197E-04
  0.249753E-04     0.195243E-04     0.228680E-04     0.234196E-04     0.249598E-04
  0.237917E-04     0.281260E-04     0.202401E-04     0.183689E-04     0.217572E-04
  0.230671E-04     0.253785E-04     0.222729E-04     0.245995E-04     0.186095E-04
  0.232222E-04     0.214193E-04     0.224163E-04     0.227357E-04     0.214796E-04
  0.222478E-04     0.185909E-04     0.235118E-04     0.269227E-04     0.242492E-04
  0.199652E-04     0.234607E-04     0.269154E-04     0.210859E-04     0.204903E-04
  0.264569E-04     0.257000E-04     0.210989E-04     0.188226E-04     0.171987E-04
  0.209391E-04     0.243259E-04     0.234234E-04     0.197380E-04     0.233135E-04
  0.188921E-04     0.196055E-04     0.222829E-04     0.223710E-04     0.220033E-04
  0.199204E-04     0.199323E-04     0.204614E-04     0.194637E-04     0.214937E-04
  0.236356E-04     0.248047E-04     0.253100E-04     0.272978E-04     0.278176E-04
  0.271244E-04     0.241716E-04     0.247935E-04     0.230612E-04     0.231092E-04
  0.274575E-04     0.251483E-04     0.265652E-04     0.261347E-04     0.214688E-04
  0.224290E-04     0.219428E-04     0.244674E-04     0.225441E-04     0.216834E-04
  0.244547E-04     0.306442E-04     0.253662E-04     0.323616E-04     0.249154E-04
  0.305252E-04     0.243799E-04     0.259668E-04     0.251368E-04     0.261834E-04
  0.231830E-04     0.271023E-04     0.230889E-04     0.280144E-04     0.257332E-04
  0.250535E-04     0.275540E-04     0.299812E-04     0.269022E-04     0.284676E-04
  0.284138E-04     0.220697E-04     0.240887E-04     0.282989E-04     0.246548E-04
  0.255293E-04     0.289506E-04     0.256727E-04     0.298355E-04     0.258630E-04
  0.276645E-04     0.224189E-04     0.270543E-04     0.269014E-04     0.262632E-04
  0.249391E-04     0.279048E-04     0.284971E-04     0.298202E-04     0.277024E-04
  0.269565E-04     0.280564E-04     0.279586E-04     0.237552E-04     0.276941E-04
  0.324771E-04     0.313782E-04     0.273869E-04     0.333433E-04     0.284930E-04
  0.318831E-04     0.309501E-04     0.298434E-04     0.371996E-04     0.286605E-04
  0.267284E-04     0.287899E-04     0.321790E-04     0.323480E-04     0.309922E-04
  0.304666E-04     0.292689E-04     0.270181E-04     0.265471E-04     0.260597E-04
  0.230257E-04     0.250410E-04     0.279291E-04     0.257433E-04     0.265847E-04
  0.366006E-04     0.249243E-04     0.292634E-04     0.299735E-04     0.335045E-04
  0.310806E-04     0.309351E-04     0.293369E-04     0.309167E-04     0.341531E-04
  0.313311E-04     0.361312E-04     0.348978E-04     0.378505E-04     0.303810E-04
  0.316755E-04     0.339393E-04     0.318822E-04     0.403068E-04     0.340035E-04
  0.281545E-04     0.250706E-04     0.328013E-04     0.285606E-04     0.275809E-04
  0.250795E-04     0.289470E-04     0.306460E-04     0.408534E-04     0.298743E-04
  0.330468E-04     0.352751E-04     0.341708E-04     0.331533E-04     0.320386E-04
  0.415258E-04     0.264423E-04     0.329590E-04     0.293653E-04     0.401621E-04
  0.372855E-04     0.266212E-04     0.353102E-04     0.294048E-04     0.316534E-04
  0.266701E-04     0.309429E-04     0.292107E-04     0.303074E-04     0.357496E-04
  0.336374E-04     0.293624E-04     0.303952E-04     0.227484E-04     0.384115E-04
  0.313975E-04     0.276449E-04     0.269450E-04     0.263731E-04     0.279498E-04
  0.294757E-04     0.277414E-04     0.305433E-04     0.220470E-04     0.353574E-04
  0.350088E-04     0.277312E-04     0.303637E-04     0.302016E-04     0.239750E-04
  0.239651E-04     0.277128E-04     0.427469E-04     0.290380E-04     0.391898E-04
  0.208787E-04     0.237268E-04     0.247848E-04     0.319044E-04     0.431936E-04
  0.192887E-04     0.265122E-04     0.293267E-04     0.296079E-04     0.275860E-04
  0.323137E-04     0.317900E-04     0.338303E-04     0.300584E-04     0.290036E-04
  0.296854E-04     0.312277E-04     0.321639E-04     0.379558E-04     0.329895E-04
  0.297887E-04     0.324671E-04     0.343326E-04     0.339116E-04     0.269530E-04
  0.482540E-04     0.507238E-04     0.289813E-04     0.337410E-04     0.348773E-04
  0.374219E-04     0.330162E-04     0.266336E-04     0.305277E-04     0.306540E-04
  0.340111E-04     0.307492E-04     0.291206E-04     0.222036E-04     0.275195E-04
  0.302472E-04     0.343456E-04     0.414489E-04     0.357292E-04     0.309272E-04
  0.295015E-04     0.299243E-04     0.352764E-04     0.401924E-04     0.292157E-04
  0.295228E-04     0.274629E-04     0.434383E-04     0.472872E-04     0.307886E-04
  0.376264E-04     0.373234E-04     0.398986E-04     0.259783E-04     0.308935E-04
  0.299589E-04     0.409985E-04     0.251395E-04     0.305317E-04     0.362348E-04
  0.426067E-04     0.448655E-04     0.377557E-04     0.277759E-04     0.604339E-04
  0.410579E-04     0.716991E-04     0.380431E-04     0.442050E-04     0.369067E-04
  0.389591E-04     0.486605E-04     0.417223E-04     0.305094E-04     0.363642E-04
  0.325075E-04     0.436803E-04     0.321572E-04     0.365343E-04     0.398042E-04
  0.461987E-04     0.426137E-04     0.551035E-04     0.279604E-04     0.449557E-04
  0.331559E-04     0.255319E-04     0.334515E-04     0.411234E-04     0.690909E-04
  0.272821E-04     0.454674E-04     0.252102E-04     0.677385E-04     0.282497E-04
  0.299368E-04     0.346645E-04     0.303413E-04     0.207489E-04     0.426117E-04
  0.237928E-04     0.302313E-04     0.564531E-04     0.342738E-04     0.348007E-04
  0.434078E-04     0.540921E-04     0.378726E-04     0.386820E-04     0.298540E-04
  0.410128E-04     0.339210E-04     0.351648E-04     0.236603E-04     0.415235E-04
  0.263209E-04     0.345151E-04     0.630331E-04     0.413132E-04     0.284896E-04
  0.386175E-04     0.405572E-04     0.394880E-04     0.615341E-04     0.328239E-04
  0.288815E-04     0.450473E-04     0.354611E-04     0.342712E-04     0.352284E-04
  0.341044E-04     0.228312E-04     0.371032E-04     0.391657E-04     0.363956E-04
  0.391345E-04     0.367779E-04     0.304708E-04     0.353774E-04     0.395364E-04
  0.253425E-04     0.405311E-04     0.276601E-04     0.461931E-04     0.412474E-04
  0.417506E-04     0.389549E-04     0.537901E-04     0.315624E-04     0.409749E-04
  0.181012E-04     0.322396E-04     0.365347E-04     0.421085E-04     0.226119E-04
  0.577749E-04     0.107353E-03     0.146856E-03     0.915376E-04     0.213587E-03
  0.104261E-03     0.195222E-03     0.149438E-03     0.165506E-03     0.283584E-03
  0.267647E-03     0.351885E-03     0.394578E-03     0.363974E-03     0.443029E-03
  0.636814E-03     0.679340E-03     0.554039E-03     0.109754E-02     0.788848E-03
  0.860009E-03     0.896632E-03     0.961400E-03     0.925188E-03     0.115206E-02
  0.128191E-02     0.134761E-02     0.112297E-02     0.952996E-03     0.198307E-02
  0.162357E-02     0.220538E-02     0.200989E-02     0.158874E-02     0.162783E-02
  0.210513E-02     0.121192E-02     0.247542E-02     0.373625E-02     0.172928E-02
  0.213615E-02     0.513864E-02     0.511579E-02     0.240639E-02     0.489489E-02
  0.269754E-02     0.479226E-02     0.458526E-02     0.510086E-02     0.624860E-02
  0.322569E-02     0.703038E-02     0.812102E-02     0.780482E-02     0.708958E-02
  0.698151E-02     0.998811E-02     0.135133E-01
 eigen energies, in eV 
    -44.622419       -44.498936       -44.417867       -44.095193       -44.064388
    -29.002008       -28.853957       -28.798554       -28.790405       -28.716999
    -28.680439       -28.659630       -28.659037       -28.560159       -28.557817
    -28.510359       -28.503155       -28.503013       -28.409113       -28.328927
    -28.306748       -28.304126       -28.280614       -28.247435       -28.245784
    -28.240144       -28.235004       -28.227877       -28.207884       -28.159515
    -28.068303       -28.038564       -28.012307       -27.966392       -27.965153
    -27.961716       -27.852589       -27.837905       -27.775499       -27.771632
    -27.764445       -27.680175       -27.676809       -27.676358       -27.660180
    -27.658553       -27.632316       -27.593352       -27.576641       -27.539419
    -27.528713       -27.487893       -27.486385       -27.446692       -27.439445
    -27.408818       -27.391311       -27.373608       -27.311405       -27.299580
    -27.216535       -27.216208       -27.211879       -27.195312       -27.183166
    -27.159695       -27.131687       -27.117690       -27.089017       -27.059877
    -27.041004       -26.875202       -26.756502       -26.716060       -26.709331
    -26.700621       -26.681954       -26.611854       -26.599804       -26.598380
    -26.581130       -26.575049       -26.553134       -26.548848       -26.537724
    -26.522407       -26.511042       -26.509502       -26.466416       -26.436833
    -26.368693       -26.318088       -26.317894       -26.218046       -26.209935
    -26.206103       -26.188011       -26.182002       -26.131093       -26.111904
    -26.093304       -26.078237       -26.076935       -26.035242       -26.024498
    -26.015124       -26.011691       -26.003236       -25.959031       -25.936367
    -25.924526       -25.920498       -25.917656       -25.911090       -25.900524
    -25.896543       -25.885398       -25.872404       -25.844166       -25.842970
    -25.798005       -25.774324       -25.635047       -25.632862       -25.607936
    -25.507862       -25.486284       -25.455991       -25.429280       -25.315607
    -25.156233       -25.155072       -25.136452       -25.060042       -25.019795
    -24.384738       -24.095557       -23.964620       -23.839691       -23.790299
    -23.758237       -23.735388       -23.575578       -23.442956       -23.432521
    -23.396850       -23.385237       -23.304851       -23.279991       -23.150384
    -23.140476       -23.135499       -23.093031       -23.048082       -23.043138
    -23.019097       -23.001134       -22.992391       -22.938531       -22.883002
    -22.850897       -22.698693       -22.401049       -22.351051       -22.343025
    -22.322650       -22.316116       -22.270738       -21.975041       -21.887468
    -21.761993       -21.655931       -21.638971       -21.572600       -21.508273
    -21.412507       -21.274971       -21.160887       -21.139768       -21.101945
    -21.083354       -21.056871       -21.025529       -21.005017       -20.995717
    -20.977845       -20.813162       -20.740705       -20.597356       -20.373513
    -18.675349       -18.287031       -18.229307       -18.185125       -18.077498
    -16.355953       -16.084008       -15.936165       -15.923468       -15.871885
    -15.819740       -15.773808       -15.765576       -15.708379       -15.620146
    -15.530966       -15.497417       -15.422659       -15.393493       -15.362429
    -15.259960       -15.201957       -15.178499       -15.170788       -15.119628
    -15.013822       -15.000276       -14.861691       -14.840916       -14.737884
    -14.683657       -14.657416       -14.638903       -14.607406       -14.586755
    -14.503894       -14.476137       -14.445194       -14.415467       -14.326608
    -14.320616       -14.299428       -14.261122       -14.214343       -14.186352
    -13.833381       -13.757504       -13.752775       -13.665757       -13.607356
    -13.599070       -13.556319       -13.551715       -13.482737       -13.459545
    -13.431019       -13.427873       -13.392104       -13.389624       -13.355069
    -13.354621       -13.312989       -13.248109       -13.236342       -13.222596
    -13.185846       -13.179598       -13.154136       -13.152221       -13.108581
    -13.056030       -13.049871       -12.870749       -12.798012       -12.648159
    -12.486754       -12.272826       -12.260704       -12.209215       -12.190226
    -12.089184       -12.015265       -11.983045       -11.951191       -11.932742
    -11.927750       -11.914138       -11.889342       -11.880560       -11.793938
    -11.736646       -11.730327       -11.710097       -11.639808       -11.630441
    -11.611921       -11.544237       -11.520865       -11.517495       -11.484767
    -11.445045       -11.439860       -11.427707       -11.422974       -11.418662
    -11.364803       -11.361967       -11.351039       -11.330375       -11.291241
    -11.238161       -11.190551       -11.006305       -10.996914       -10.987534
    -10.975876       -10.956730       -10.870980       -10.857373       -10.819855
    -10.790147       -10.769094       -10.768446       -10.745244       -10.668059
    -10.652392       -10.647429       -10.622288       -10.561325       -10.555122
    -10.549626       -10.527195       -10.515057       -10.509435       -10.494132
    -10.483009       -10.481802       -10.470167       -10.456744       -10.447734
    -10.425588       -10.400036       -10.387438       -10.341206       -10.325496
    -10.320315       -10.308060       -10.302190       -10.297193       -10.288329
    -10.260904       -10.256821       -10.248131       -10.241075       -10.226291
    -10.219472       -10.214147       -10.188854       -10.181201       -10.177220
    -10.168979       -10.151322       -10.126297       -10.108352       -10.093104
    -10.089336       -10.078681       -10.070646       -10.047185       -10.033266
    -10.014879       -10.007797       -10.006612        -9.996643        -9.992992
     -9.975961        -9.968713        -9.955815        -9.953968        -9.947928
     -9.940417        -9.929150        -9.899429        -9.892550        -9.886482
     -9.859670        -9.853540        -9.835759        -9.827533        -9.819040
     -9.815683        -9.807276        -9.774410        -9.758008        -9.675772
     -9.664793        -9.640625        -9.633401        -9.624872        -9.617358
     -9.608267        -9.590539        -9.582737        -9.572283        -9.558987
     -9.545221        -9.523161        -9.485062        -9.473786        -9.463394
     -9.453687        -9.451126        -9.436577        -9.430367        -9.427341
     -9.407547        -9.398634        -9.386437        -9.374446        -9.368568
     -9.341400        -9.333465        -9.320727        -9.300635        -9.280285
     -9.274111        -9.263507        -9.258745        -9.214569        -9.178633
     -9.164877        -9.159408        -9.143922        -9.132254        -9.112105
     -9.102066        -9.078039        -9.068688        -9.057424        -9.046463
     -9.041552        -9.030290        -9.021419        -9.017394        -9.010783
     -8.992672        -8.986450        -8.974978        -8.938419        -8.923424
     -8.908044        -8.899453        -8.895806        -8.874625        -8.860637
     -8.855153        -8.846587        -8.838863        -8.824276        -8.797808
     -8.786257        -8.778245        -8.766449        -8.760791        -8.746281
     -8.740672        -8.723358        -8.699662        -8.680082        -8.672829
     -8.648333        -8.637404        -8.632357        -8.616041        -8.608317
     -8.600143        -8.532816        -8.475963        -8.447556        -8.433889
     -8.405284        -8.400057        -8.355105        -8.339734        -8.332240
     -8.324957        -8.309651        -8.303586        -8.300028        -8.281343
     -8.275423        -8.270365        -8.236482        -8.214527        -8.166708
     -8.098894        -8.082133        -8.065958        -8.039599        -8.022718
     -8.011221        -7.969713        -7.940834        -7.915150        -7.892496
     -7.823611        -7.809264        -7.802485        -7.782994        -7.764460
     -7.745933        -7.727238        -7.714970        -7.707227        -7.699478
     -7.663956        -7.652614        -7.627497        -7.607445        -7.573701
     -7.570743        -7.563474        -7.514824        -7.504424        -7.456345
     -7.436764        -7.403663        -7.376068        -7.365574        -7.353809
     -7.339062        -7.333761        -7.308150        -7.257016        -7.237918
     -7.237188        -7.214699        -7.205846        -7.185853        -7.180556
     -7.173710        -7.162944        -7.153102        -7.144394        -7.135025
     -7.123112        -7.089569        -7.077028        -7.040926        -7.021450
     -7.018060        -6.985414        -6.979634        -6.971807        -6.956140
     -6.892472        -6.890095        -6.883083        -6.878915        -6.868187
     -6.859631        -6.843682        -6.827438        -6.819070        -6.802463
     -6.797154        -6.794357        -6.785276        -6.776997        -6.766702
     -6.764200        -6.753671        -6.735622        -6.717240        -6.698019
     -6.694740        -6.690621        -6.676230        -6.667365        -6.647685
     -6.638811        -6.629690        -6.625135        -6.597637        -6.583595
     -6.573115        -6.563865        -6.558753        -6.525286        -6.508293
     -6.501646        -6.493610        -6.473078        -6.466077        -6.451657
     -6.436371        -6.433754        -6.431409        -6.429994        -6.421821
     -6.414682        -6.407025        -6.398319        -6.391097        -6.365292
     -6.351902        -6.329597        -6.312101        -6.305377        -6.299567
     -6.291822        -6.279486        -6.273474        -6.262564        -6.250653
     -6.241816        -6.234053        -6.224865        -6.215086        -6.195543
     -6.187374        -6.175016        -6.161354        -6.144095        -6.132881
     -6.126795        -6.097282        -6.074922        -6.069897        -6.067879
     -6.058753        -6.056118        -6.044539        -6.037212        -6.030554
     -6.024072        -6.021997        -6.008311        -6.006365        -5.994319
     -5.991361        -5.983997        -5.973287        -5.968729        -5.964813
     -5.954766        -5.938074        -5.934695        -5.923286        -5.918616
     -5.910072        -5.904323        -5.893576        -5.885751        -5.882333
     -5.869774        -5.860350        -5.847528        -5.838379        -5.833999
     -5.823967        -5.816554        -5.813473        -5.798116        -5.795491
     -5.790683        -5.788565        -5.782422        -5.777199        -5.766562
     -5.757903        -5.748809        -5.747132        -5.738741        -5.734197
     -5.720476        -5.713117        -5.701865        -5.698077        -5.687330
     -5.682804        -5.678733        -5.668735        -5.655612        -5.653214
     -5.649572        -5.633068        -5.623998        -5.620527        -5.612231
     -5.609814        -5.604815        -5.599484        -5.589731        -5.587792
     -5.578687        -5.573245        -5.563699        -5.550035        -5.543146
     -5.541897        -5.533004        -5.529316        -5.524734        -5.517069
     -5.504907        -5.503095        -5.500785        -5.495303        -5.482342
     -5.478123        -5.469027        -5.461530        -5.458133        -5.448463
     -5.440069        -5.423008        -5.414850        -5.408027        -5.400168
     -5.391103        -5.385699        -5.377695        -5.372201        -5.369878
     -5.358513        -5.351485        -5.344975        -5.334884        -5.328871
     -5.316491        -5.310130        -5.301031        -5.290137        -5.280884
     -5.270583        -5.267014        -5.257243        -5.252682        -5.248323
     -5.239484        -5.234676        -5.232253        -5.226763        -5.216383
     -5.206622        -5.202346        -5.198973        -5.188917        -5.182796
     -5.181041        -5.177282        -5.169540        -5.162659        -5.161830
     -5.152340        -5.147864        -5.136904        -5.132380        -5.128539
     -5.126125        -5.120529        -5.112354        -5.103581        -5.098715
     -5.094449        -5.090738        -5.086412        -5.069963        -5.065590
     -5.062029        -5.056564        -5.048638        -5.022695        -5.015987
     -5.013631        -5.010478        -4.999015        -4.986530        -4.974620
     -4.970795        -4.967452        -4.954379        -4.949500        -4.943985
     -4.941644        -4.933965        -4.924963        -4.912564        -4.905597
     -4.902178        -4.897102        -4.891179        -4.887320        -4.874763
     -4.871351        -4.860255        -4.853870        -4.837742        -4.827605
     -4.822505        -4.817583        -4.815296        -4.806858        -4.801827
     -4.797411        -4.789855        -4.785873        -4.779882        -4.768827
     -4.768204        -4.750109        -4.741686        -4.739653        -4.723883
     -4.709519        -4.689512        -4.675825        -4.652741        -4.636876
     -4.629788        -4.623967        -4.616745        -4.603521        -4.593089
     -4.585981        -4.579711        -4.563872        -4.551390        -4.546541
     -4.531968        -4.519354        -4.506997        -4.500580        -4.496172
     -4.481931        -4.462558        -4.447119        -4.438195        -4.427077
     -4.418843        -4.406047        -4.392879        -4.373612        -4.358855
     -4.343228        -4.314383        -4.302982        -4.272451        -4.262439
     -4.242652        -4.234141        -4.212106        -4.203991        -4.175281
     -4.169040        -4.153803        -4.141823        -4.139173        -4.125728
     -4.109032        -4.097331        -4.089259        -4.075092        -4.062231
     -4.036488        -4.029294        -4.009457        -4.004554        -3.992332
     -3.954001        -3.907655        -3.856163        -3.833716        -3.826874
     -3.816901        -3.777035        -3.768774        -3.748416        -3.738663
     -3.726369        -3.705942        -3.681735        -3.662949        -3.633390
     -3.626651        -3.615945        -3.594245        -3.573178        -3.560009
     -3.557371        -3.513369        -3.489206        -3.486103        -3.479130
     -3.451870        -3.419084        -3.416207        -3.399167        -3.378546
     -3.376586        -3.358024        -3.340537        -3.314636        -3.296449
     -3.281064        -3.274673        -3.272809        -3.258281        -3.241511
     -3.240845        -3.234060        -3.226651        -3.223711        -3.183199
     -3.162371        -3.152644        -3.135600        -3.128382        -3.095894
     -3.085390        -3.079863        -3.069031        -3.061131        -3.047954
     -3.029628        -3.015588        -2.992991        -2.961578        -2.927385
     -2.922397        -2.919318        -2.902946        -2.886564        -2.840672
     -2.837232        -2.830173        -2.813810        -2.795784        -2.786606
     -2.776695        -2.768463        -2.740816        -2.690812        -2.663592
     -2.651274        -2.636695        -2.631874        -2.624295        -2.596182
     -2.590565        -2.583556        -2.575608        -2.538550        -2.477863
     -2.475421        -2.471408        -2.444937        -2.421039        -2.396357
     -2.392625        -2.377568        -2.376496        -2.330704        -2.312164
     -2.299855        -2.292087        -2.254390        -2.233632        -2.165009
     -2.136509        -2.127288        -2.026844        -2.000764        -1.998864
     -1.987322        -1.974803        -1.930111        -1.838872        -1.692579
      2.368357         2.469663         2.711358         2.728160         2.790185
      2.901382         3.164382         3.182125         3.232094         3.250976
      3.400168         3.419097         3.442353         3.518255         3.559172
      3.591393         3.649704         3.708192         3.747200         3.786385
      3.819702         3.827529         3.892474         3.909952         3.922199
      3.954664         3.961051         3.996087         4.030283         4.051471
      4.087534         4.118613         4.121237         4.175076         4.183581
      4.206127         4.211566         4.236870         4.240967         4.255244
      4.297175         4.318599         4.339463         4.356471         4.364174
      4.383295         4.437562         4.470440         4.491910         4.518552
      4.545321         4.557333         4.571664         4.601621         4.620763
      4.663866         4.683099         4.696671
 *********************************
 total computation time (sec)=   1996.54458498955     
