 AEM_Eatom=  3.854684801487264E-002
 AEM_Egroup=  2.692663412697068E-003
 AEM_Etot=  9.520245549554416E-004
 AEM_F=  0.711859068930934     
