 AEM_Eatom=  1.685103788882968E-002
 AEM_Egroup=  1.987805072235983E-003
 AEM_Etot=  2.290484844468917E-003
 AEM_F=  0.504167108898285     
