 AEM_Eatom=  8.839226529267406E-002
 AEM_Egroup=  1.114385827052183E-002
 AEM_Etot=  1.354222792086570E-002
 AEM_F=  0.763995507514652     
