 AEM_Eatom=  5.787770826716603E-002
 AEM_Egroup=  3.355960340903098E-003
 AEM_Etot=  2.220995347371414E-003
 AEM_F=  0.581991666009115     
