 AEM_Eatom=  2.432059348152836E-002
 AEM_Egroup=  3.656031018796362E-003
 AEM_Etot=  1.100219162704904E-003
 AEM_F=  0.501948421721117     
