 AEM_Eatom=  2.644554266343259E-002
 AEM_Egroup=  1.123181075323257E-003
 AEM_Etot=  2.786241296788519E-003
 AEM_F=  0.501766849022314     
