           4           1
 PRECISION  = SINGLE     
 JOB       = SCF
 IN.PSP1   = /home/sabs/shenjie/Pseudopotential/Li.nc.pbe.UPF
 IN.PSP2   = /home/sabs/shenjie/Pseudopotential/C.nc.pbe.UPF
 IN.PSP3   = /home/sabs/shenjie/Pseudopotential/O.nc.pbe.UPF
 IN.PSP4   = /home/sabs/shenjie/Pseudopotential/N.nc.pbe.UPF
 IN.PSP5   = /home/sabs/shenjie/Pseudopotential/S.nc.pbe.UPF
 IN.PSP6   = /home/sabs/shenjie/Pseudopotential/F.nc.pbe.UPF
 IN.PSP7   = /home/sabs/shenjie/Pseudopotential/H.nc.pbe.UPF
 IN.PSP8   = /home/sabs/shenjie/Pseudopotential/P.nc.pbe.UPF
 IN.ATOM   = atom.config         
 CONVERGENCE  = EASY
 ACCURACY  = NORM
 VFF_DETAIL =   1   500  0.50000000E-02     30.00000     4.00000     0.00000     1.00000  
 EGG_DETAIL =            3           3           3
 SPIN      =   1
 CONSTRAINT_MAG =           0
 RANDOM_SEED=           0
 QIJ_DETAIL =   0  1
 SCF_MIX = CHARGE
 PWSCF_OUTPUT     =  F
 Ecut      =    60.0000000000000     
 Ecut2     =    120.000000000000     
 Ecut2L    =    120.000000000000     
 EcutP    =    60.0000000000000     
 N123      =   120   120   120
 NS123     =    40    40    40
 N123L     =   120   120   120
 STRESS_CORR =   0.100000E+01  0.000000E+00  0.200000E+01  0.000000E+00
 XCFUNCTIONAL = LDA
 HSE_DETAIL    =      1.00000000    1     0.00000000    6 1 1
 RELAX_HSE    =    20   0.50000E-01     2
 VDW       = NONE
 LONDON_S6      =   0.000000000000000E+000
 LONDON_C6(1)      =   -1.00000000000000     
 LONDON_C6(2)      =   -1.00000000000000     
 LONDON_C6(3)      =   -1.00000000000000     
 LONDON_C6(4)      =   -1.00000000000000     
 LONDON_C6(5)      =   -1.00000000000000     
 LONDON_C6(6)      =   -1.00000000000000     
 LONDON_C6(7)      =   -1.00000000000000     
 LONDON_C6(8)      =   -1.00000000000000     
 LONDON_RCUT      =   0.000000000000000E+000
 DFTD3_S6        =   0.000000000000000E+000
 DFTD3_RS6        =   0.000000000000000E+000
 DFTD3_S18        =   0.000000000000000E+000
 DFTD3_RS18        =   0.000000000000000E+000
 DFTD3_ALPHA6        =   0.000000000000000E+000
 DFTD3_VERSION        =            0
 DFTD3_3BODY        =  F
 COULOMB   =    0
 IN.WG     =  F
 OUT.WG    =  F
 IN.RHO    =  F
 OUT.RHOATOM =  F
 OUT.RHO   =  F
 IN.VR     =  F
 OUT.VR    =  F
 OUT.ELF   =  F
 IN.VEXT   =  F
 OUT.VATOM   =  F
 OUT.FORCE =  T
 OUT.STRESS =  F
 IN.KPT    =  F
 IN.SYMM   =  F
 SYMM_PREC =    0.10000E-04
 MP_N123 =      1      1      1      0      0      0      0
 NUM_KPT =            1
 CHARGE_DECOMP = F
 ENERGY_DECOMP = F 
 IN.SOLVENT =  F
 NUM_ELECTRON =   1940.00000000000     
 FIX_FERMI =   F  0.000000E+00  0.000000E+00  0.000000E+00
 IN.NONSCF    =  F
 NUM_BAND  =  1028
 OUT.REAL.RHOWF_SP= 0
 WG_ERROR  =   1.000000000000000E-004
 E_ERROR   =   5.279008887880000E-003
 RHO_ERROR =   5.000000000000000E-005
 RHO_RELATIVE_ERROR      =   0.000000000000000E+000
 FORCE_RELATIVE_ERROR     =   0.000000000000000E+000
 MIN_SCF_ITER     =            1
 SYS_TYPE   =            1
 PULAY_MIX_OPT =     30  1  0       1.00000       0.00000
 PULAY_METRIC_Q0 =       -1.00000
 IN.OCC    =  F          -1
 IN.CC    =  F
 IN.OCC_ADIA    =  F
 SCF_ITER0_1 =    6   4    3    0.0000     0.02500    1
 SCF_ITER0_2 =   94   4    3    1.0000     0.02500    1
 SCF_ITER1_1 =   40   4    3    1.0000     0.02500    1
 NONLOCAL  =  2
 IN.A_FIELD =  F       0.00000       0.00000       0.00000
 RCUT      =    4.00000000000000     
 IN.PSP_RCUT1 =   4.00000000000000     
 IN.PSP_RCUT2 =   4.00000000000000     
 IN.PSP_RCUT3 =   4.00000000000000     
 IN.PSP_RCUT4 =   4.00000000000000     
 IN.PSP_RCUT5 =   4.00000000000000     
 IN.PSP_RCUT6 =   4.00000000000000     
 IN.PSP_RCUT7 =   4.00000000000000     
 IN.PSP_RCUT8 =   4.00000000000000     
 MD_VV_SCALE =    100
 LDAU_PSP1   =           -1  2.721138638331097E-009  2.721138638331097E-009  eV
 LDAU_PSP2   =           -1  2.721138638331097E-009  2.721138638331097E-009  eV
 LDAU_PSP3   =           -1  2.721138638331097E-009  2.721138638331097E-009  eV
 LDAU_PSP4   =           -1  2.721138638331097E-009  2.721138638331097E-009  eV
 LDAU_PSP5   =           -1  2.721138638331097E-009  2.721138638331097E-009  eV
 LDAU_PSP6   =           -1  2.721138638331097E-009  2.721138638331097E-009  eV
 LDAU_PSP7   =           -1  2.721138638331097E-009  2.721138638331097E-009  eV
 LDAU_PSP8   =           -1  2.721138638331097E-009  2.721138638331097E-009  eV
 NUM_BLOCKED_PSI=  F
 WF_STORE2DISK  =            0
 NUM_DOS_GRID =         4000
 NMAP_MAX =        50000
 KERK_AMIN =   0.300000000000000     
 KERK_AMIX =   0.400000000000000     
 KERK_AMIX_MAG =   0.800000000000000     
 KERK_BMIX =   0.500000000000000     
 LDAU_MIX =   0.700000000000000     
 PULAY_WEIGHT_SPIN =    1.00000000000000     
 PULAY_WEIGHT_NS =    1.00000000000000     
 OUT.MLMD    =  F
 NUM_MPI_PER_GPU =     1
 FLAG_CYLINDER =            0
 SET_OUT_FERMI_POS =  F           0
 E_FINITE =  F   0.00000E+00   0.00000E+00   0.00000E+00
 MLINE_EIGEN =      1
 
 ------------------------------------------------
 total number of K-point:           1
   0.00000     0.00000    0.00000     1.00000            
 ------------------------------------------------
 
 
 *********************************************
 *********** end of etot.input report ********
 minimum n1,n2,n3 from Ecut2
     118.970      119.148      119.089
 minimum n1L,n2L,n3L from Ecut2L
     118.970      119.148      119.089
 *********************************************
 
 
Weighted average num_of_PW for all kpoint=                       312673.000
 ************************************
 E_Hxc(eV)         49585.1967917447     
 E_ion(eV)        -219509.491128370     
 E_Coul(eV)        77822.9310881759     
 E_Hxc+E_ion(eV)  -169924.294336625     
 NONSCF     1          AVE_STATE_ERROR= 0.5918E+01
 NONSCF     2          AVE_STATE_ERROR= 0.1624E+01
 NONSCF     3          AVE_STATE_ERROR= 0.4991E+00
 NONSCF     4          AVE_STATE_ERROR= 0.9190E-01
 NONSCF     5          AVE_STATE_ERROR= 0.1559E-01
 NONSCF     6          AVE_STATE_ERROR= 0.3144E-02
 iter=   7   ave_lin=  4.0  iCGmth=   3
 Ef(eV)               = -.1692621E+01
 err of ug            = 0.1242E-02
 dv_ave, drho_tot     = 0.0000E+00 0.1241E+00
 E_tot(eV)            = -.13305501239359E+06    -.1331E+06
 -------------------------------------------
 iter=   8   ave_lin=  4.0  iCGmth=   3
 Ef(eV)               = -.4315329E-01
 err of ug            = 0.1097E-01
 dv_ave, drho_tot     = 0.1733E-01 0.7162E-01
 E_tot(eV)            = -.13294615968240E+06    0.1089E+03
 -------------------------------------------
 iter=   9   ave_lin=  4.0  iCGmth=   3
 Ef(eV)               = -.1189939E+01
 err of ug            = 0.6771E-02
 dv_ave, drho_tot     = 0.1383E-01 0.3058E-01
 E_tot(eV)            = -.13291266125354E+06    0.3350E+02
 -------------------------------------------
 iter=  10   ave_lin=  4.0  iCGmth=   3
 Ef(eV)               = 0.5928980E+00
 err of ug            = 0.2048E-02
 dv_ave, drho_tot     = 0.6975E-02 0.1071E-01
 E_tot(eV)            = -.13290727646472E+06    0.5385E+01
 -------------------------------------------
 iter=  11   ave_lin=  4.0  iCGmth=   3
 Ef(eV)               = 0.5682493E+00
 err of ug            = 0.5551E-03
 dv_ave, drho_tot     = 0.3095E-02 0.5962E-02
 E_tot(eV)            = -.13290659667613E+06    0.6798E+00
 -------------------------------------------
 iter=  12   ave_lin=  4.0  iCGmth=   3
 Ef(eV)               = 0.4981630E+00
 err of ug            = 0.3072E-03
 dv_ave, drho_tot     = 0.3540E-02 0.3667E-02
 E_tot(eV)            = -.13290607722932E+06    0.5194E+00
 -------------------------------------------
 iter=  13   ave_lin=  4.0  iCGmth=   3
 Ef(eV)               = 0.3214513E+00
 err of ug            = 0.3588E-03
 dv_ave, drho_tot     = 0.4216E-02 0.2832E-02
 E_tot(eV)            = -.13290556028916E+06    0.5169E+00
 -------------------------------------------
 iter=  14   ave_lin=  4.0  iCGmth=   3
 Ef(eV)               = 0.2754867E+00
 err of ug            = 0.3296E-03
 dv_ave, drho_tot     = 0.5578E-02 0.2221E-02
 E_tot(eV)            = -.13290511445678E+06    0.4458E+00
 -------------------------------------------
 iter=  15   ave_lin=  4.0  iCGmth=   3
 Ef(eV)               = 0.8721609E+00
 err of ug            = 0.3493E-03
 dv_ave, drho_tot     = 0.6370E-02 0.1779E-02
 E_tot(eV)            = -.13290480249654E+06    0.3120E+00
 -------------------------------------------
 iter=  16   ave_lin=  4.0  iCGmth=   3
 Ef(eV)               = 0.1100211E+01
 err of ug            = 0.2558E-03
 dv_ave, drho_tot     = 0.4041E-02 0.1373E-02
 E_tot(eV)            = -.13290472860312E+06    0.7389E-01
 -------------------------------------------
 iter=  17   ave_lin=  4.0  iCGmth=   3
 Ef(eV)               = 0.1252671E+01
 err of ug            = 0.1998E-03
 dv_ave, drho_tot     = 0.3587E-02 0.1083E-02
 E_tot(eV)            = -.13290469999142E+06    0.2861E-01
 -------------------------------------------
 iter=  18   ave_lin=  4.0  iCGmth=   3
 Ef(eV)               = 0.1347275E+01
 err of ug            = 0.1321E-03
 dv_ave, drho_tot     = 0.2891E-02 0.8157E-03
 E_tot(eV)            = -.13290468474351E+06    0.1525E-01
 -------------------------------------------
 iter=  19   ave_lin=  4.0  iCGmth=   3
 Ef(eV)               = 0.1432374E+01
 err of ug            = 0.1165E-03
 dv_ave, drho_tot     = 0.2611E-02 0.6242E-03
 E_tot(eV)            = -.13290466692135E+06    0.1782E-01
 -------------------------------------------
 iter=  20   ave_lin=  4.0  iCGmth=   3
 Ef(eV)               = 0.1490019E+01
 err of ug            = 0.1018E-03
 dv_ave, drho_tot     = 0.2280E-02 0.4590E-03
 E_tot(eV)            = -.13290465382473E+06    0.1310E-01
 -------------------------------------------
 iter=  21   ave_lin=  4.0  iCGmth=   3
 Ef(eV)               = 0.1552036E+01
 err of ug            = 0.6434E-04
 dv_ave, drho_tot     = 0.9761E-03 0.3715E-03
 E_tot(eV)            = -.13290464734518E+06    0.6480E-02
 -------------------------------------------
 iter=  22   ave_lin=  4.0  iCGmth=   3
 Ef(eV)               = 0.1611746E+01
 err of ug            = 0.6096E-04
 dv_ave, drho_tot     = 0.1007E-02 0.2967E-03
 E_tot(eV)            = -.13290464174544E+06    0.5600E-02
 -------------------------------------------
 iter=  23   ave_lin=  4.0  iCGmth=   3
 Ef(eV)               = 0.1693325E+01
 err of ug            = 0.5465E-04
 dv_ave, drho_tot     = 0.8558E-03 0.2416E-03
 E_tot(eV)            = -.13290463857837E+06    0.3167E-02
 -------------------------------------------
 E_Fermi(eV)=   1.69332456223952     
 ---------------------------------------------------
 Ef(eV)               = 0.1693325E+01
 dvE, dvE(n)-dvE(n-1) = 0.7324E-06 -.2812E-06
 dv_ave, drho_tot     = 0.8558E-03 0.2416E-03
 err of ug            = 0.5465E-04
 ---------------------------------------------------
 ending_scf_reason = tol Etot_err  5.279008887880000E-003
 Ewald        = -.42523704571065E+05
 Alpha        = 0.15207970391171E+04
 E_extV       = 0.00000000000000E+00    0.0000E+00
 E_NSC        = -.21303353970048E+05    0.8273E+00
 E[-rho*V_Hxc]= -.12137436353780E+06    -.8241E+00
 E_Hxc        = 0.50775986461431E+05    0.7888E+00
 -TS          = -.29667421171742E-15    -.2718E-15
 E_tot(eV)    = -.13290463857837E+06    0.3167E-02
 E_tot(Ryd)   = -.97683108446356E+04    0.1164E-03
 ---------------------------------------------------
 ---------------------------------------------------
 occup for:      kpt=1,spin=1,m=(totN/2-2,totN/2+2)
   1.000    1.000    1.000    0.000    0.000
 eigen(eV) for:  kpt=1,spin=1,m=(totN/2-2,totN/2+2)
  -2.129   -2.061   -1.942    2.608    2.644
 ---------------------------------------------------
 ---------------------------------------------------
 E_Hart,E_xc,E_ion =0.79532087776663E+05  -.28756101315232E+05  -.22192234589421E+06
 E_Hxc+E_ion       =-.17114635943278E+06
 E_kin+E_nonloc    =0.79244628386359E+05
 E_rhoVext,E_IVext     =0.00000000000000E+00  0.00000000000000E+00
 E_psiV,E_dDrho =-.10054791407592E+06  0.00000000000000E+00
 ave(vtot):v0 =-.77085201541966E+01
 ave(V_ion_s(or p,d))=ave(V_Hatree)=0; ave(Vtot)=ave(V_xc)=v0
 ---------------------------------------------------
 *********************************
 Eigen energies are values after setting ave(Vtot)=0
 For Vtot=V_ion+V_Hartree+V_xc, and
 ave(V_ion+V_Hatree)=0, ave(V_xc).ne.0:  E=E+v0
 *********************************
iislda,kpt=   1,    1      0.000000     0.000000     0.000000             kpoint in xyz unit 
 err of each states, A.U
  0.222648E-04     0.237342E-04     0.468273E-03     0.189152E-04     0.494554E-04
  0.176652E-04     0.246424E-04     0.193142E-04     0.419803E-04     0.170334E-04
  0.140522E-04     0.559607E-04     0.153086E-04     0.176151E-04     0.137765E-04
  0.261709E-04     0.124423E-04     0.170414E-04     0.177106E-04     0.401256E-04
  0.141491E-04     0.165445E-04     0.177110E-04     0.167612E-04     0.314122E-04
  0.102479E-03     0.147498E-04     0.153482E-04     0.133025E-04     0.176612E-04
  0.386929E-04     0.185664E-04     0.376813E-04     0.180515E-04     0.154241E-04
  0.158729E-04     0.136023E-04     0.127314E-04     0.206084E-04     0.114443E-03
  0.139143E-03     0.147612E-04     0.158882E-04     0.179998E-04     0.138337E-04
  0.277376E-04     0.127641E-04     0.175650E-04     0.239335E-04     0.192256E-04
  0.525264E-04     0.152744E-04     0.164545E-04     0.468236E-04     0.380743E-04
  0.169732E-04     0.326755E-04     0.196673E-04     0.199817E-04     0.770625E-04
  0.247061E-04     0.116011E-04     0.314605E-04     0.120259E-03     0.773567E-04
  0.210220E-04     0.302534E-04     0.163191E-04     0.125791E-04     0.135192E-04
  0.112718E-04     0.132553E-04     0.113429E-04     0.663097E-04     0.157447E-04
  0.131773E-04     0.279015E-04     0.114777E-04     0.128384E-04     0.229237E-04
  0.155270E-04     0.319885E-04     0.669163E-04     0.183548E-04     0.127906E-04
  0.160874E-04     0.137717E-04     0.132004E-04     0.402458E-04     0.133693E-04
  0.110781E-03     0.165528E-04     0.140853E-04     0.454960E-04     0.422220E-04
  0.387995E-04     0.157075E-04     0.467154E-04     0.153495E-03     0.183271E-04
  0.306145E-04     0.135547E-04     0.127555E-04     0.363012E-04     0.167614E-04
  0.161599E-04     0.224068E-04     0.112997E-04     0.131155E-04     0.121196E-04
  0.123330E-04     0.170626E-04     0.523481E-04     0.182330E-04     0.144948E-04
  0.940442E-04     0.122101E-04     0.144589E-04     0.151805E-04     0.119696E-04
  0.149228E-04     0.117969E-04     0.967207E-05     0.252345E-04     0.120018E-04
  0.144788E-04     0.162414E-04     0.330048E-04     0.227930E-04     0.129414E-04
  0.575068E-04     0.201456E-04     0.244960E-04     0.246996E-04     0.507706E-04
  0.190957E-04     0.217759E-04     0.214384E-04     0.210709E-04     0.139820E-04
  0.171867E-04     0.145547E-04     0.167692E-04     0.140726E-04     0.193796E-04
  0.209343E-04     0.505659E-04     0.654699E-04     0.423304E-04     0.175101E-04
  0.131786E-04     0.116287E-04     0.520850E-04     0.136166E-04     0.135598E-04
  0.123693E-04     0.139775E-04     0.175599E-04     0.232362E-04     0.141732E-04
  0.165991E-04     0.115788E-04     0.310117E-04     0.313340E-04     0.195653E-04
  0.159195E-04     0.247240E-04     0.185108E-04     0.578570E-04     0.191740E-04
  0.301348E-04     0.184628E-04     0.138689E-04     0.196312E-04     0.122976E-04
  0.105730E-04     0.132187E-04     0.580312E-04     0.171298E-04     0.126917E-04
  0.157115E-04     0.125649E-04     0.233083E-04     0.104192E-04     0.122217E-04
  0.162426E-03     0.107512E-04     0.147850E-04     0.363364E-04     0.935750E-05
  0.142208E-04     0.232149E-04     0.130520E-04     0.155120E-04     0.107138E-04
  0.160104E-04     0.382717E-04     0.131040E-04     0.166978E-04     0.137456E-04
  0.149521E-04     0.162736E-04     0.162379E-04     0.220095E-04     0.241687E-04
  0.129816E-04     0.130176E-04     0.150118E-04     0.160289E-04     0.207952E-04
  0.175733E-04     0.183232E-04     0.118307E-04     0.220969E-04     0.154082E-04
  0.180409E-04     0.157328E-04     0.316044E-04     0.115915E-04     0.197722E-04
  0.216404E-04     0.151615E-04     0.252710E-04     0.169554E-04     0.166834E-04
  0.189131E-04     0.190200E-04     0.129848E-04     0.176028E-04     0.126091E-04
  0.162489E-04     0.208182E-04     0.178870E-04     0.108994E-04     0.147069E-04
  0.151177E-04     0.170095E-04     0.194554E-04     0.153146E-04     0.137152E-04
  0.264617E-04     0.189847E-04     0.146139E-04     0.125204E-04     0.145886E-04
  0.143563E-04     0.122473E-04     0.166864E-04     0.140207E-04     0.129459E-04
  0.148824E-04     0.141188E-04     0.170141E-04     0.212557E-04     0.164907E-04
  0.144858E-04     0.208191E-04     0.225955E-04     0.195427E-04     0.184653E-04
  0.109077E-04     0.119646E-04     0.263624E-04     0.241639E-04     0.148778E-04
  0.145851E-04     0.176126E-04     0.251518E-04     0.185136E-04     0.341793E-04
  0.143554E-04     0.177321E-04     0.178379E-04     0.167486E-04     0.206399E-04
  0.204494E-04     0.190314E-04     0.183895E-04     0.158373E-04     0.165642E-04
  0.238696E-04     0.178687E-04     0.149182E-04     0.176965E-04     0.193408E-04
  0.159888E-04     0.142937E-04     0.152818E-04     0.189281E-04     0.202320E-04
  0.199204E-04     0.290735E-04     0.163053E-04     0.167346E-04     0.246263E-04
  0.141266E-04     0.230661E-04     0.162827E-04     0.161752E-04     0.162066E-04
  0.386966E-04     0.225447E-04     0.174273E-04     0.211419E-04     0.225857E-04
  0.308421E-04     0.248469E-04     0.163153E-04     0.203546E-04     0.264928E-04
  0.185388E-04     0.291523E-04     0.240217E-04     0.227300E-04     0.128244E-04
  0.285020E-04     0.223739E-04     0.236547E-04     0.205060E-04     0.227272E-04
  0.261067E-04     0.334900E-04     0.229677E-04     0.227478E-04     0.200872E-04
  0.244263E-04     0.249261E-04     0.191806E-04     0.240515E-04     0.254967E-04
  0.157737E-04     0.285341E-04     0.185132E-04     0.188082E-04     0.274241E-04
  0.292309E-04     0.302991E-04     0.215640E-04     0.230976E-04     0.205851E-04
  0.217233E-04     0.237934E-04     0.242087E-04     0.262655E-04     0.263457E-04
  0.245535E-04     0.251701E-04     0.210210E-04     0.181086E-04     0.257636E-04
  0.223718E-04     0.226059E-04     0.241629E-04     0.197428E-04     0.210826E-04
  0.175520E-04     0.264068E-04     0.257979E-04     0.194708E-04     0.257327E-04
  0.193676E-04     0.223901E-04     0.255338E-04     0.195950E-04     0.191581E-04
  0.194987E-04     0.177409E-04     0.248451E-04     0.218271E-04     0.275947E-04
  0.244570E-04     0.270657E-04     0.305565E-04     0.219609E-04     0.246438E-04
  0.228268E-04     0.277102E-04     0.229998E-04     0.400967E-04     0.263757E-04
  0.194097E-04     0.207965E-04     0.166884E-04     0.210631E-04     0.245883E-04
  0.217579E-04     0.222390E-04     0.252039E-04     0.181497E-04     0.253284E-04
  0.265727E-04     0.174941E-04     0.287987E-04     0.228416E-04     0.220946E-04
  0.291261E-04     0.295962E-04     0.259115E-04     0.234059E-04     0.267671E-04
  0.226758E-04     0.249765E-04     0.410984E-04     0.252372E-04     0.233169E-04
  0.367320E-04     0.293342E-04     0.350472E-04     0.273115E-04     0.243020E-04
  0.280784E-04     0.237387E-04     0.272113E-04     0.263509E-04     0.357248E-04
  0.367265E-04     0.252391E-04     0.223655E-04     0.237944E-04     0.257152E-04
  0.291736E-04     0.258117E-04     0.216077E-04     0.354554E-04     0.310639E-04
  0.238535E-04     0.336103E-04     0.289648E-04     0.305189E-04     0.221665E-04
  0.213906E-04     0.229508E-04     0.260438E-04     0.245240E-04     0.376530E-04
  0.358963E-04     0.334883E-04     0.246721E-04     0.316842E-04     0.302738E-04
  0.288259E-04     0.380943E-04     0.330526E-04     0.303348E-04     0.332143E-04
  0.203979E-04     0.238256E-04     0.306434E-04     0.259124E-04     0.249330E-04
  0.304333E-04     0.285183E-04     0.262338E-04     0.305276E-04     0.296324E-04
  0.298250E-04     0.358370E-04     0.239423E-04     0.230627E-04     0.274051E-04
  0.232130E-04     0.496138E-04     0.225588E-04     0.247748E-04     0.212133E-04
  0.291365E-04     0.284043E-04     0.277744E-04     0.349657E-04     0.346992E-04
  0.293680E-04     0.313947E-04     0.346849E-04     0.244813E-04     0.177922E-04
  0.177884E-04     0.182245E-04     0.377600E-04     0.318635E-04     0.297555E-04
  0.184858E-04     0.303034E-04     0.314995E-04     0.423915E-04     0.260491E-04
  0.244957E-04     0.199809E-04     0.204013E-04     0.230272E-04     0.182087E-04
  0.225252E-04     0.248261E-04     0.378585E-04     0.244477E-04     0.209553E-04
  0.256196E-04     0.200998E-04     0.197749E-04     0.188808E-04     0.189888E-04
  0.288905E-04     0.281033E-04     0.232832E-04     0.177378E-04     0.167385E-04
  0.261124E-04     0.194617E-04     0.182931E-04     0.197754E-04     0.202810E-04
  0.314122E-04     0.204537E-04     0.317643E-04     0.240540E-04     0.202135E-04
  0.253287E-04     0.237114E-04     0.256427E-04     0.221462E-04     0.255038E-04
  0.311308E-04     0.264685E-04     0.284233E-04     0.255913E-04     0.287638E-04
  0.229725E-04     0.228452E-04     0.183686E-04     0.237086E-04     0.246153E-04
  0.289001E-04     0.175144E-04     0.184070E-04     0.226638E-04     0.207812E-04
  0.263333E-04     0.328591E-04     0.396579E-04     0.261417E-04     0.197726E-04
  0.342499E-04     0.168491E-04     0.304528E-04     0.157163E-04     0.221475E-04
  0.129576E-04     0.208072E-04     0.225174E-04     0.242307E-04     0.175410E-04
  0.186189E-04     0.237337E-04     0.142642E-04     0.169539E-04     0.188830E-04
  0.313595E-04     0.226462E-04     0.258804E-04     0.185663E-04     0.256046E-04
  0.242539E-04     0.199492E-04     0.218020E-04     0.221660E-04     0.265026E-04
  0.198123E-04     0.258554E-04     0.245800E-04     0.265318E-04     0.221664E-04
  0.225606E-04     0.183393E-04     0.248003E-04     0.227873E-04     0.211924E-04
  0.192777E-04     0.243232E-04     0.228781E-04     0.227699E-04     0.270126E-04
  0.210470E-04     0.242688E-04     0.185904E-04     0.193704E-04     0.187891E-04
  0.201593E-04     0.238776E-04     0.217174E-04     0.224333E-04     0.236572E-04
  0.247783E-04     0.222026E-04     0.191850E-04     0.241456E-04     0.241054E-04
  0.226239E-04     0.207265E-04     0.250249E-04     0.238697E-04     0.248174E-04
  0.179553E-04     0.268914E-04     0.227776E-04     0.277991E-04     0.218850E-04
  0.218139E-04     0.235059E-04     0.229933E-04     0.204175E-04     0.195611E-04
  0.227873E-04     0.174775E-04     0.240973E-04     0.298272E-04     0.203263E-04
  0.252603E-04     0.225127E-04     0.192917E-04     0.182816E-04     0.287063E-04
  0.245374E-04     0.207847E-04     0.192259E-04     0.205489E-04     0.225579E-04
  0.322059E-04     0.192722E-04     0.191120E-04     0.232084E-04     0.181570E-04
  0.246420E-04     0.238242E-04     0.212125E-04     0.292682E-04     0.257149E-04
  0.233487E-04     0.224801E-04     0.208434E-04     0.203803E-04     0.215142E-04
  0.261792E-04     0.315529E-04     0.235839E-04     0.231911E-04     0.243584E-04
  0.172684E-04     0.248940E-04     0.259499E-04     0.217932E-04     0.246487E-04
  0.276877E-04     0.257584E-04     0.216982E-04     0.248605E-04     0.238023E-04
  0.229642E-04     0.247853E-04     0.256590E-04     0.248583E-04     0.260242E-04
  0.301863E-04     0.285460E-04     0.264915E-04     0.228510E-04     0.254391E-04
  0.268208E-04     0.228251E-04     0.240813E-04     0.300328E-04     0.250471E-04
  0.237065E-04     0.241525E-04     0.291608E-04     0.264160E-04     0.271934E-04
  0.245541E-04     0.252682E-04     0.407828E-04     0.271639E-04     0.286131E-04
  0.339066E-04     0.282043E-04     0.293246E-04     0.286120E-04     0.279784E-04
  0.238322E-04     0.239958E-04     0.249972E-04     0.225768E-04     0.254534E-04
  0.301637E-04     0.263736E-04     0.283657E-04     0.287950E-04     0.288092E-04
  0.262150E-04     0.235142E-04     0.244893E-04     0.255379E-04     0.220916E-04
  0.273932E-04     0.238240E-04     0.294205E-04     0.273413E-04     0.297031E-04
  0.257879E-04     0.256844E-04     0.266704E-04     0.246437E-04     0.283995E-04
  0.266771E-04     0.226161E-04     0.261780E-04     0.202961E-04     0.253226E-04
  0.256852E-04     0.272163E-04     0.233643E-04     0.301879E-04     0.240404E-04
  0.233468E-04     0.315240E-04     0.281076E-04     0.332762E-04     0.283564E-04
  0.291339E-04     0.261046E-04     0.261383E-04     0.262062E-04     0.331529E-04
  0.231352E-04     0.273416E-04     0.280060E-04     0.267623E-04     0.284336E-04
  0.292787E-04     0.250407E-04     0.307726E-04     0.280131E-04     0.224331E-04
  0.270088E-04     0.305372E-04     0.254894E-04     0.285399E-04     0.260257E-04
  0.240445E-04     0.300305E-04     0.261050E-04     0.282141E-04     0.262410E-04
  0.302093E-04     0.251124E-04     0.289746E-04     0.327071E-04     0.266236E-04
  0.276744E-04     0.293791E-04     0.331776E-04     0.290003E-04     0.350930E-04
  0.336026E-04     0.275349E-04     0.332668E-04     0.309785E-04     0.314878E-04
  0.282507E-04     0.266027E-04     0.318487E-04     0.289229E-04     0.332231E-04
  0.260082E-04     0.303418E-04     0.300898E-04     0.278020E-04     0.281390E-04
  0.245135E-04     0.298029E-04     0.259558E-04     0.287055E-04     0.303407E-04
  0.299185E-04     0.274484E-04     0.317472E-04     0.274100E-04     0.281066E-04
  0.289427E-04     0.314620E-04     0.264694E-04     0.309980E-04     0.324127E-04
  0.303958E-04     0.294713E-04     0.235625E-04     0.279947E-04     0.278308E-04
  0.284101E-04     0.322252E-04     0.355588E-04     0.330433E-04     0.307583E-04
  0.347719E-04     0.300834E-04     0.296227E-04     0.312255E-04     0.328824E-04
  0.392688E-04     0.251001E-04     0.291754E-04     0.268489E-04     0.298467E-04
  0.241603E-04     0.273079E-04     0.309020E-04     0.269627E-04     0.303869E-04
  0.296971E-04     0.279295E-04     0.298251E-04     0.301220E-04     0.307115E-04
  0.284258E-04     0.283700E-04     0.281819E-04     0.313352E-04     0.283720E-04
  0.262763E-04     0.325373E-04     0.384029E-04     0.283943E-04     0.356846E-04
  0.337453E-04     0.392510E-04     0.353893E-04     0.335124E-04     0.361196E-04
  0.299960E-04     0.348069E-04     0.287962E-04     0.379594E-04     0.305434E-04
  0.370157E-04     0.380575E-04     0.387974E-04     0.441781E-04     0.340440E-04
  0.335375E-04     0.275608E-04     0.374465E-04     0.272848E-04     0.280573E-04
  0.676923E-04     0.505860E-04     0.426195E-04     0.329960E-04     0.303380E-04
  0.624990E-04     0.346867E-04     0.356382E-04     0.488095E-04     0.549327E-04
  0.312708E-04     0.364480E-04     0.541850E-04     0.338053E-04     0.619935E-04
  0.411697E-04     0.283242E-04     0.236440E-04     0.365703E-04     0.418579E-04
  0.335295E-04     0.309948E-04     0.322192E-04     0.286356E-04     0.358392E-04
  0.590360E-04     0.468461E-04     0.376565E-04     0.360357E-04     0.387807E-04
  0.404705E-04     0.462929E-04     0.404358E-04     0.592984E-04     0.694117E-04
  0.518288E-04     0.310488E-04     0.367991E-04     0.323195E-04     0.447802E-04
  0.384738E-04     0.384795E-04     0.451469E-04     0.273103E-04     0.370621E-04
  0.339441E-04     0.263629E-04     0.334155E-04     0.377240E-04     0.327894E-04
  0.333693E-04     0.349134E-04     0.393051E-04     0.345293E-04     0.349139E-04
  0.370815E-04     0.398273E-04     0.405311E-04     0.296003E-04     0.242549E-04
  0.410671E-04     0.464478E-04     0.295402E-04     0.278738E-04     0.346641E-04
  0.299242E-04     0.413084E-04     0.433635E-04     0.534820E-04     0.392167E-04
  0.300493E-04     0.302488E-04     0.273091E-04     0.257977E-04     0.427313E-04
  0.829029E-04     0.240760E-04     0.378205E-04     0.616931E-04     0.407849E-04
  0.333102E-04     0.290374E-04     0.318972E-04     0.288652E-04     0.234363E-04
  0.386323E-04     0.410207E-04     0.290438E-04     0.556201E-04     0.263878E-04
  0.273165E-04     0.368919E-04     0.285553E-04     0.261075E-04     0.337724E-04
  0.368700E-04     0.385891E-04     0.374419E-04     0.468430E-04     0.324884E-04
  0.484594E-04     0.873039E-04     0.566495E-04     0.250299E-04     0.361245E-04
  0.298922E-04     0.320221E-04     0.382507E-04     0.243124E-04     0.547589E-04
  0.640043E-04     0.210189E-04     0.306092E-04     0.431493E-04     0.221946E-04
  0.432632E-04     0.417723E-04     0.455138E-04     0.344731E-04     0.276316E-04
  0.153272E-03     0.960344E-04     0.161071E-03     0.830114E-04     0.121757E-03
  0.115485E-03     0.112017E-03     0.113186E-03     0.106061E-03     0.179923E-03
  0.231671E-03     0.169425E-03     0.294264E-03     0.451418E-03     0.590721E-03
  0.781229E-03     0.906248E-03     0.744578E-03     0.951847E-03     0.605036E-03
  0.129775E-02     0.910881E-03     0.102608E-02     0.102005E-02     0.111628E-02
  0.162632E-02     0.120461E-02     0.119409E-02     0.182594E-02     0.269131E-02
  0.126907E-02     0.209821E-02     0.304958E-02     0.247712E-02     0.351599E-02
  0.239154E-02     0.332153E-02     0.365124E-02     0.670173E-02     0.299482E-02
  0.328770E-02     0.350569E-02     0.386039E-02     0.674549E-02     0.495883E-02
  0.686032E-02     0.588281E-02     0.711459E-02     0.659291E-02     0.613363E-02
  0.689447E-02     0.734857E-02     0.100832E-01     0.791765E-02     0.852224E-02
  0.118940E-01     0.140622E-01     0.177993E-01
 eigen energies, in eV 
    -44.445023       -44.245553       -44.183022       -44.120629       -43.973751
    -28.409800       -28.277116       -28.243546       -28.234914       -28.194593
    -28.184824       -28.086647       -28.085427       -28.049594       -28.048381
    -27.994256       -27.948179       -27.913996       -27.870548       -27.822418
    -27.787804       -27.786642       -27.783669       -27.765454       -27.753352
    -27.724298       -27.711183       -27.680499       -27.647719       -27.637719
    -27.615563       -27.597612       -27.529757       -27.481779       -27.471609
    -27.420413       -27.415319       -27.412487       -27.385705       -27.308513
    -27.298754       -27.293794       -27.260597       -27.245935       -27.205888
    -27.174324       -27.148215       -27.098699       -27.086949       -27.057396
    -27.051276       -26.942328       -26.930169       -26.912174       -26.909306
    -26.878040       -26.841619       -26.830591       -26.790653       -26.749429
    -26.742764       -26.723662       -26.672877       -26.660911       -26.586869
    -26.540215       -26.514709       -26.509337       -26.394503       -26.388814
    -26.384271       -26.356315       -26.321720       -26.287381       -26.286870
    -26.286380       -26.248374       -26.223478       -26.187760       -26.183284
    -26.167623       -26.096650       -26.080356       -26.053007       -26.034766
    -26.031770       -25.932462       -25.923078       -25.889161       -25.885284
    -25.875504       -25.858304       -25.843089       -25.838613       -25.834372
    -25.791160       -25.786668       -25.775206       -25.765211       -25.728883
    -25.681158       -25.653450       -25.648824       -25.631763       -25.610059
    -25.607114       -25.602436       -25.595175       -25.585577       -25.583829
    -25.565731       -25.534230       -25.486796       -25.468966       -25.452422
    -25.445667       -25.440636       -25.397939       -25.338247       -25.316100
    -25.297211       -25.273420       -25.256065       -25.246473       -25.220435
    -25.209786       -25.170594       -25.166890       -25.150646       -25.109242
    -25.082303       -25.082198       -25.034234       -24.943230       -24.543476
    -24.084572       -23.891792       -23.782143       -23.782016       -23.745373
    -23.608218       -23.596681       -23.547281       -23.512082       -23.493788
    -23.400596       -23.348176       -23.333289       -23.316175       -23.292920
    -23.257310       -23.244324       -23.233928       -23.220400       -23.214128
    -23.100403       -23.073197       -23.066377       -23.044575       -23.033587
    -23.030733       -22.993155       -22.967195       -22.934166       -22.908279
    -22.859326       -22.854748       -22.726850       -22.687149       -22.323278
    -21.836468       -21.578671       -21.564099       -21.536815       -21.465390
    -21.463212       -21.315249       -21.288154       -21.273690       -21.234700
    -21.192261       -21.172586       -21.157533       -21.121500       -20.989440
    -20.975658       -20.970399       -20.832117       -20.756569       -20.740123
    -18.716761       -18.510123       -18.492000       -18.339821       -18.284554
    -16.152641       -16.073213       -16.041819       -16.040678       -16.019138
    -15.962991       -15.927724       -15.924948       -15.893527       -15.887819
    -15.881205       -15.765792       -15.497476       -15.447567       -15.412412
    -15.057139       -15.055659       -14.963535       -14.938230       -14.898501
    -14.823651       -14.803114       -14.784783       -14.777742       -14.768315
    -14.612946       -14.607684       -14.597718       -14.595070       -14.515148
    -14.495524       -14.481933       -14.479340       -14.459840       -14.444093
    -14.411597       -14.328702       -14.327672       -13.963312       -13.957027
    -13.939183       -13.935424       -13.693211       -13.619758       -13.585485
    -13.546899       -13.514184       -13.480215       -13.448090       -13.441446
    -13.407442       -13.403154       -13.356763       -13.327446       -13.320071
    -13.305781       -13.304098       -13.297364       -13.267460       -13.263334
    -13.243794       -13.208408       -13.196481       -13.176292       -13.097066
    -13.088381       -13.020854       -12.999770       -12.903449       -12.838846
    -12.202035       -12.185078       -12.177834       -12.108248       -12.061581
    -12.025859       -12.017759       -12.010822       -11.976896       -11.899697
    -11.863629       -11.829793       -11.826896       -11.799749       -11.726123
    -11.694823       -11.614735       -11.607860       -11.583846       -11.513844
    -11.493682       -11.448873       -11.401903       -11.370740       -11.283503
    -11.274278       -11.254415       -11.239651       -11.231565       -11.222793
    -11.214011       -11.190561       -11.143538       -11.043984       -11.005725
    -10.997077       -10.968884       -10.932522       -10.911030       -10.886638
    -10.877394       -10.827627       -10.769051       -10.619582       -10.585215
    -10.566246       -10.513442       -10.490400       -10.482225       -10.458885
    -10.449080       -10.436857       -10.369298       -10.353329       -10.349827
    -10.344968       -10.336900       -10.332069       -10.329951       -10.326400
    -10.304426       -10.300285       -10.275534       -10.270834       -10.254416
    -10.218895       -10.186648       -10.184435       -10.180220       -10.163573
    -10.147846       -10.134950       -10.103940       -10.100847       -10.098101
    -10.086035       -10.072963       -10.064634       -10.046435       -10.042058
    -10.038278       -10.036183       -10.020161       -10.011675        -9.980801
     -9.968508        -9.962578        -9.934034        -9.931188        -9.923447
     -9.910106        -9.896860        -9.887529        -9.868746        -9.857964
     -9.854720        -9.825710        -9.817780        -9.814841        -9.803909
     -9.773475        -9.760743        -9.751695        -9.740425        -9.712759
     -9.708020        -9.699404        -9.687404        -9.669581        -9.656170
     -9.645119        -9.634181        -9.624035        -9.607888        -9.595913
     -9.586146        -9.569769        -9.560472        -9.543590        -9.536471
     -9.522401        -9.511263        -9.500936        -9.486018        -9.468878
     -9.464031        -9.455183        -9.448848        -9.437386        -9.436192
     -9.431927        -9.424204        -9.405748        -9.400792        -9.355115
     -9.347952        -9.332045        -9.319997        -9.312626        -9.308754
     -9.305292        -9.287454        -9.230836        -9.224580        -9.220099
     -9.203142        -9.183382        -9.177760        -9.172245        -9.134371
     -9.116643        -9.107746        -9.097053        -9.085149        -9.069376
     -9.063068        -9.057562        -9.040655        -9.032978        -9.014885
     -9.013011        -8.966832        -8.956402        -8.945169        -8.932967
     -8.913307        -8.910949        -8.900866        -8.893872        -8.880637
     -8.878919        -8.867593        -8.854100        -8.828200        -8.813589
     -8.809112        -8.792523        -8.786347        -8.774260        -8.754147
     -8.734964        -8.715531        -8.695839        -8.681620        -8.678821
     -8.628188        -8.619704        -8.614324        -8.600454        -8.581053
     -8.573997        -8.568386        -8.551113        -8.546376        -8.519392
     -8.505943        -8.476174        -8.472631        -8.457309        -8.453174
     -8.443814        -8.430004        -8.402879        -8.391906        -8.388201
     -8.359890        -8.354911        -8.329338        -8.307085        -8.263021
     -8.253615        -8.197899        -8.191909        -8.175498        -8.170038
     -8.158240        -8.109063        -8.080182        -8.070582        -8.062697
     -8.029299        -7.986928        -7.978976        -7.966319        -7.934781
     -7.931612        -7.911546        -7.905587        -7.855812        -7.828195
     -7.819341        -7.811870        -7.792842        -7.775168        -7.765305
     -7.690243        -7.677421        -7.661270        -7.637703        -7.633429
     -7.626114        -7.604367        -7.561388        -7.523779        -7.512466
     -7.496279        -7.487658        -7.464205        -7.431745        -7.388569
     -7.371342        -7.365513        -7.354069        -7.338172        -7.320169
     -7.310350        -7.303380        -7.265219        -7.253149        -7.249368
     -7.215360        -7.206222        -7.198339        -7.189965        -7.155103
     -7.122602        -7.100808        -7.080851        -7.048456        -7.010865
     -7.005059        -6.981488        -6.965294        -6.910267        -6.886137
     -6.878722        -6.855210        -6.853102        -6.837711        -6.818935
     -6.791216        -6.768441        -6.759659        -6.753193        -6.735401
     -6.727701        -6.705493        -6.688197        -6.647610        -6.621086
     -6.612210        -6.601961        -6.598530        -6.579793        -6.564146
     -6.554827        -6.554006        -6.532793        -6.528513        -6.507269
     -6.491872        -6.481806        -6.451295        -6.447512        -6.433422
     -6.430323        -6.425454        -6.417591        -6.406693        -6.400035
     -6.394144        -6.385373        -6.371669        -6.365463        -6.339134
     -6.313518        -6.305132        -6.289161        -6.283974        -6.269589
     -6.266595        -6.248898        -6.243003        -6.241390        -6.218766
     -6.208319        -6.197557        -6.183785        -6.179483        -6.170458
     -6.162804        -6.153447        -6.148387        -6.143453        -6.141707
     -6.130791        -6.123232        -6.109762        -6.104639        -6.093467
     -6.076149        -6.068459        -6.060674        -6.050696        -6.046740
     -6.044279        -6.032120        -6.025839        -6.016792        -6.005778
     -6.004480        -6.003088        -5.982620        -5.975898        -5.970548
     -5.968001        -5.961451        -5.942730        -5.922370        -5.917182
     -5.905222        -5.887728        -5.880480        -5.879028        -5.861249
     -5.855264        -5.841650        -5.836217        -5.828579        -5.813869
     -5.797973        -5.797650        -5.786863        -5.786177        -5.782113
     -5.770361        -5.768702        -5.753710        -5.751551        -5.740799
     -5.732892        -5.728981        -5.719625        -5.715979        -5.698987
     -5.695162        -5.694832        -5.686051        -5.674038        -5.671560
     -5.666726        -5.656036        -5.651089        -5.643872        -5.641958
     -5.632942        -5.626261        -5.625834        -5.622400        -5.616224
     -5.611969        -5.600237        -5.593702        -5.585125        -5.583373
     -5.580244        -5.579310        -5.562258        -5.559177        -5.557557
     -5.543669        -5.536793        -5.529475        -5.526339        -5.510488
     -5.504465        -5.492642        -5.485829        -5.470478        -5.467679
     -5.460756        -5.456106        -5.450971        -5.448963        -5.446918
     -5.435954        -5.430476        -5.424231        -5.414547        -5.407819
     -5.397582        -5.383865        -5.380268        -5.375205        -5.369418
     -5.358792        -5.350639        -5.344860        -5.341855        -5.329485
     -5.326202        -5.322574        -5.309687        -5.306704        -5.303007
     -5.287781        -5.285239        -5.280326        -5.275677        -5.267123
     -5.262233        -5.260497        -5.254827        -5.249022        -5.242604
     -5.238478        -5.237984        -5.229474        -5.228054        -5.225281
     -5.219945        -5.212253        -5.211833        -5.205771        -5.195134
     -5.174104        -5.165593        -5.157515        -5.152818        -5.141108
     -5.138238        -5.132883        -5.127921        -5.123103        -5.106668
     -5.102561        -5.096320        -5.092794        -5.089320        -5.080805
     -5.078516        -5.075658        -5.065463        -5.061806        -5.044879
     -5.038660        -5.023221        -5.019728        -5.015542        -5.006200
     -5.003337        -4.999915        -4.995445        -4.989094        -4.983807
     -4.979788        -4.977178        -4.971338        -4.965825        -4.961359
     -4.957827        -4.953885        -4.946641        -4.942763        -4.934262
     -4.928863        -4.924083        -4.922095        -4.919108        -4.913459
     -4.911337        -4.908408        -4.906775        -4.900425        -4.887810
     -4.883057        -4.876452        -4.871027        -4.861307        -4.852333
     -4.838761        -4.835890        -4.825327        -4.817113        -4.813285
     -4.799851        -4.792340        -4.785283        -4.776120        -4.772923
     -4.769098        -4.750493        -4.745752        -4.738982        -4.729604
     -4.725716        -4.719367        -4.713457        -4.709901        -4.698567
     -4.694280        -4.691391        -4.683840        -4.676632        -4.674580
     -4.668436        -4.664612        -4.660640        -4.647200        -4.636928
     -4.631667        -4.628828        -4.623002        -4.614433        -4.604680
     -4.598728        -4.598074        -4.577355        -4.571823        -4.551325
     -4.541802        -4.534734        -4.519661        -4.512611        -4.483104
     -4.475148        -4.467180        -4.457088        -4.451376        -4.449805
     -4.440257        -4.438315        -4.436189        -4.429122        -4.415424
     -4.400554        -4.397336        -4.393737        -4.389002        -4.381042
     -4.342903        -4.319587        -4.313859        -4.310177        -4.268012
     -4.219172        -4.216466        -4.203729        -4.188372        -4.168923
     -4.159689        -4.116105        -4.113699        -4.106001        -4.093621
     -4.074445        -4.061333        -4.043009        -4.004960        -3.996565
     -3.982912        -3.967942        -3.954625        -3.920510        -3.915466
     -3.904653        -3.894023        -3.877269        -3.849478        -3.827174
     -3.815791        -3.797893        -3.790441        -3.782470        -3.766233
     -3.762349        -3.728414        -3.716591        -3.708698        -3.701854
     -3.695655        -3.690208        -3.653603        -3.642849        -3.637185
     -3.627982        -3.626017        -3.620851        -3.612156        -3.579663
     -3.575070        -3.554744        -3.542041        -3.521128        -3.492069
     -3.485350        -3.482783        -3.469986        -3.454125        -3.450063
     -3.420965        -3.414553        -3.413531        -3.395332        -3.390409
     -3.379610        -3.356835        -3.331272        -3.321895        -3.316851
     -3.309348        -3.292612        -3.279779        -3.276503        -3.258564
     -3.256182        -3.241495        -3.221251        -3.211266        -3.204066
     -3.162373        -3.141883        -3.140373        -3.134026        -3.101480
     -3.066958        -3.020038        -3.002184        -2.981174        -2.959568
     -2.954541        -2.877063        -2.837973        -2.829933        -2.827008
     -2.805760        -2.763623        -2.761409        -2.736671        -2.719201
     -2.678313        -2.660059        -2.654030        -2.624669        -2.618103
     -2.544554        -2.541888        -2.526478        -2.506750        -2.495198
     -2.435626        -2.428352        -2.399997        -2.378070        -2.335987
     -2.323057        -2.306453        -2.297856        -2.213364        -2.179690
     -2.160083        -2.143398        -2.129028        -2.060713        -1.941596
      2.608354         2.643977         2.781904         2.862954         2.894770
      2.917409         2.929415         2.949475         3.008182         3.084796
      3.156936         3.173237         3.246056         3.298118         3.342443
      3.386384         3.443337         3.460653         3.495059         3.538729
      3.565029         3.577783         3.599993         3.620257         3.682181
      3.696108         3.740059         3.753658         3.782556         3.789861
      3.813575         3.833596         3.865016         3.891371         3.914947
      3.926109         3.963384         3.995583         4.002714         4.021331
      4.035163         4.078511         4.100609         4.111482         4.123141
      4.147096         4.163680         4.176572         4.204534         4.224022
      4.256030         4.277112         4.315792         4.362230         4.382926
      4.418357         4.433964         4.470983
 *********************************
 total computation time (sec)=   1995.56589293480     
