 AEM_Eatom=  2.495540043865515E-002
 AEM_Egroup=  3.546717797459779E-003
 AEM_Etot=  2.551866347119835E-003
 AEM_F=  0.501587122655996     
