           9   5.000000    
  1 0.00000  1.27015  1.25016  1.66463  1.62419  1.65826  1.60853  1.64694  1.62635
  1 0.00000  1.68647  1.66655  2.52520  2.53444  2.53163  2.52423  2.63918  2.55597
  2 1.27015  0.00000  2.01214  0.87943  0.90060  0.91168  1.85156  1.95665  1.77930
  2 1.68647  0.00000  2.72720  1.52705  1.49248  1.49305  3.79668  3.64563  3.58680
  3 1.25016  2.01214  0.00000  1.75036  1.90799  1.80146  0.89050  0.88545  0.90271
  3 1.66655  2.72720  0.00000  3.64048  3.70514  3.76616  1.56845  1.51335  1.46147
  4 1.66463  0.87943  1.75036  0.00000  1.21990  1.15941  1.63937  1.59512  1.52093
  4 2.52520  1.52705  3.64048  0.00000  2.40306  2.30886  4.61078  4.55736  4.57998
  5 1.62419  0.90060  1.90799  1.21990  0.00000  1.35129  1.62260  1.44946  1.43320
  5 2.53444  1.49248  3.70514  2.40306  0.00000  2.38437  4.50689  4.61390  4.50095
  6 1.65826  0.91168  1.80146  1.15941  1.35129  0.00000  1.31190  1.35377  1.66293
  6 2.53163  1.49305  3.76616  2.30886  2.38437  0.00000  4.60139  4.46276  4.64838
  7 1.60853  1.85156  0.89050  1.63937  1.62260  1.31190  0.00000  1.36432  1.39694
  7 2.52423  3.79668  1.56845  4.61078  4.50689  4.60139  0.00000  2.48847  2.40288
  8 1.64694  1.95665  0.88545  1.59512  1.44946  1.35377  1.36432  0.00000  1.28013
  8 2.63918  3.64563  1.51335  4.55736  4.61390  4.46276  2.48847  0.00000  2.40020
  9 1.62635  1.77930  0.90271  1.52093  1.43320  1.66293  1.39694  1.28013  0.00000
  9 2.55597  3.58680  1.46147  4.57998  4.50095  4.64838  2.40288  2.40020  0.00000
