 AEM_Eatom=  1.962569259751710E-003
 AEM_Egroup=  4.458031167680589E-004
 AEM_Etot=  5.668916751465873E-003
 AEM_F=  0.500053239126934     
