 AEM_Eatom=  1.176475785835468E-002
 AEM_Egroup=  1.400128761196499E-003
 AEM_Etot=  2.472215387565347E-003
 AEM_F=  0.503469647573319     
