-0.6987970729 -0.6879835320
-0.5743410729 -0.5697102370
-0.6730820729 -0.5754112051
-0.4382650729 -0.4083573690
-0.5139130729 -0.4979959386
-1.1655720729 -1.0761392924
-0.4772450729 -0.4056522333
-0.5812090729 -0.5207180450
-0.5249450729 -0.4572380341
-0.6063520729 -0.5973745323
-0.7974170729 -0.7278969388
-0.5142610729 -0.5044467152
-0.4976350729 -0.4860661691
-0.4580430729 -0.4333237700
-0.6940360729 -0.6329466076
-0.6244770729 -0.5191305025
-0.6911700729 -0.6713247552
-0.6618650729 -0.6431596722
-1.4326350729 -1.2735145032
-0.5122130729 -0.4996026478
-0.5774460729 -0.5657801328
-0.4644940729 -0.4544416299
-0.5243780729 -0.5098650488
-1.4398790729 -1.1013457686
-0.5313930729 -0.5199034399
-0.4933990729 -0.4371439857
-0.6085990729 -0.4503593242
-0.5161210729 -0.5037146238
-0.4363550729 -0.4275569230
-0.5427530729 -0.5306522919
-0.4952830729 -0.4833267826
-0.6274660729 -0.4909968648
-0.4443460729 -0.4023294446
-0.5853620729 -0.5734204183
-0.5660440729 -0.5533453988
-0.4845010729 -0.4611772428
-1.0307320729 -0.8559546221
-0.4552320729 -0.4435487904
-0.4757500729 -0.4551609875
-0.4879160729 -0.4801531105
-0.4340420729 -0.3820509610
-0.5761520729 -0.5357206475
-0.4934380729 -0.4805637934
-0.4930270729 -0.4751262835
-0.8880290729 -0.8300081150
-0.4559460729 -0.4431582282
-0.7023050729 -0.5801797764
-0.5358230729 -0.4675081793
-0.5042060729 -0.4945068012
-0.4923480729 -0.4844331265
-0.5492920729 -0.4933560652
-0.4978890729 -0.4414601561
-0.6268520729 -0.6167086690
-0.6977100729 -0.6586655260
-0.5941050729 -0.5876628160
-0.4122110729 -0.3945884144
-0.4722650729 -0.4540794599
-0.4870500729 -0.4728194541
-1.2619100729 -0.9610578206
-0.6698730729 -0.5557541566
-0.5002240729 -0.4912881517
-0.6094150729 -0.5000592263
-0.5026820729 -0.4781997333
-0.4981240729 -0.4854192952
-0.4165680729 -0.3944983519
-0.4740170729 -0.3592115458
-0.4411430729 -0.4151835063
-0.7938670729 -0.6057668435
-0.5800460729 -0.5606703043
-0.6677610729 -0.6585326936
-0.7248110729 -0.6709525447
-0.5124500729 -0.4518810806
-0.5044980729 -0.4916258706
-0.8860670729 -0.6750244108
-0.5025530729 -0.4908749324
-0.6857680729 -0.6660547594
-0.6498400729 -0.5362578561
-0.4941650729 -0.4679007110
-0.7876640729 -0.5618595555
-0.5270850729 -0.5102368693
-0.6029540729 -0.5701014260
-0.5537020729 -0.5197685299
-0.4503940729 -0.4189634442
-0.5817710729 -0.5765277558
-0.4989030729 -0.4887222983
-0.7139450729 -0.6193657043
-0.9843620729 -0.9529125201
-0.4850210729 -0.4787209721
-0.5416140729 -0.5305475900
-0.5917490729 -0.4531021842
-0.7200500729 -0.6832245009
-0.6739630729 -0.6554134439
-0.5518370729 -0.5103336082
-0.5239950729 -0.5153245135
-0.5396150729 -0.5042193981
-0.4416320729 -0.4102215624
-0.4356190729 -0.4243425572
-0.6101610729 -0.4917852841
-0.5221400729 -0.4857068711
-0.4967800729 -0.4723483188
-0.4958560729 -0.4773696121
-0.5426270729 -0.5043675618
-0.5157920729 -0.4757470556
-0.4481480729 -0.4331287449
-0.5268890729 -0.4772451344
-0.6287610729 -0.5318898730
-0.5705520729 -0.5572639598
-0.5184880729 -0.5080075902
-0.5628550729 -0.5502027929
-0.4131770729 -0.3833044063
-0.4101950729 -0.3925945385
-0.5100060729 -0.4968512181
-0.7181360729 -0.6433166043
-0.4485630729 -0.4243987023
-1.2121410729 -0.8646580244
-0.6062090729 -0.5835236133
-0.5155140729 -0.5106157950
-0.4350000729 -0.3934188114
-0.4987960729 -0.4921082686
-0.4936980729 -0.4806107123
-0.5582460729 -0.5465566458
-0.4125920729 -0.3681888362
-0.4046620729 -0.3889753749
-0.4717630729 -0.4583339756
-0.5308010729 -0.5196203841
-1.9134140729 -1.5989616757
-0.4570780729 -0.4410179059
-0.5066680729 -0.4954306363
-0.5115680729 -0.4526802710
-0.4522920729 -0.4049998400
-0.4966130729 -0.3934363965
-0.6049130729 -0.5823608863
-0.5851090729 -0.5121836179
-1.4460560729 -1.3163457252
-0.5536310729 -0.5400784103
-0.4677860729 -0.4529051380
-0.5104270729 -0.4856938131
-0.5435190729 -0.5078653647
-0.8263440729 -0.7727099355
-0.5168390729 -0.5039137965
-0.4516110729 -0.3881707531
-0.4967170729 -0.4707397973
-0.4867760729 -0.4662930523
-0.4914360729 -0.4789349352
-0.6002880729 -0.5718525905
-0.6623350729 -0.5623850010
-1.0826040729 -1.0182544879
-0.8341420729 -0.7924655472
-0.5783410729 -0.5326850609
-0.5171170729 -0.5064407899
-0.4878280729 -0.4530204180
-0.5266290729 -0.5194044127
-1.2418790729 -1.0569304914
-0.5630940729 -0.5542195593
-0.4403200729 -0.4280968497
-0.4923470729 -0.4500046738
-0.5840200729 -0.4892907102
-0.5445370729 -0.5378782746
-2.2303350729 -1.9545822331
-0.5157010729 -0.5058136656
-0.5062970729 -0.4964940045
-0.6663460729 -0.6112311680
-0.4995480729 -0.4484641309
-0.5234300729 -0.4998205838
-0.4432610729 -0.4276916936
-1.4345650729 -1.1933023367
-0.4545430729 -0.4366662577
-0.5953630729 -0.5721486708
-0.7303140729 -0.5692029578
-0.5721650729 -0.5607761998
-0.4787210729 -0.4689348719
-0.4943820729 -0.4865466743
-0.4957530729 -0.4832623644
-0.4325590729 -0.4172448520
-0.4157800729 -0.3977220855
-0.5207840729 -0.5055109885
-0.4728610729 -0.4631104807
-0.4736430729 -0.4324907935
-0.4235610729 -0.4087756951
-0.4892170729 -0.4681562168
-0.5311560729 -0.5239780194
-0.4428600729 -0.4210835518
-0.5308390729 -0.5132524044
-0.6932560729 -0.6656217971
-0.4893680729 -0.4770130254
-0.5116730729 -0.4769347322
-0.4853130729 -0.3804935793
-0.4458960729 -0.4054752773
-0.5017550729 -0.4892499910
-0.4708850729 -0.4564203615
-0.5431440729 -0.5320793998
-0.6564230729 -0.5845332466
-0.4341290729 -0.4150837926
-0.4176890729 -0.3960845739
-0.4736870729 -0.4552821075
-0.7377330729 -0.7250005737
-0.5795500729 -0.5631671116
-0.5437000729 -0.4845965574
-0.5445690729 -0.5326514230
-0.4269920729 -0.4011817477
