-0.6987970729 -0.7233950000
-0.5743410729 -0.5785890000
-0.6730820729 -0.7439390000
-0.4382650729 -0.4673920000
-0.5139130729 -0.5273010000
-1.1655720729 -1.2321120000
-0.4772450729 -0.5341710000
-0.5812090729 -0.6221460000
-0.5249450729 -0.5714600000
-0.6063520729 -0.6200850000
-0.7974170729 -0.8477080000
-0.5142610729 -0.5182350000
-0.4976350729 -0.5089430000
-0.4580430729 -0.4755340000
-0.6940360729 -0.7562000000
-0.6244770729 -0.6855070000
-0.6911700729 -0.7297730000
-0.6618650729 -0.6954000000
-1.4326350729 -1.4938080000
-0.5122130729 -0.5222640000
-0.5774460729 -0.5959700000
-0.4644940729 -0.4801080000
-0.5243780729 -0.5422610000
-1.4398790729 -1.4263000000
-0.5313930729 -0.5402360000
-0.4933990729 -0.5506190000
-0.6085990729 -0.6488560000
-0.5161210729 -0.5404740000
-0.4363550729 -0.4517170000
-0.5427530729 -0.5551920000
-0.4952830729 -0.5056570000
-0.6274660729 -0.6815190000
-0.4443460729 -0.4893860000
-0.5853620729 -0.5943460000
-0.5660440729 -0.5863850000
-0.4845010729 -0.5147680000
-1.0307320729 -1.0947150000
-0.4552320729 -0.4633190000
-0.4757500729 -0.4941250000
-0.4879160729 -0.4919050000
-0.4340420729 -0.4781910000
-0.5761520729 -0.6111250000
-0.4934380729 -0.5006190000
-0.4930270729 -0.5214580000
-0.8880290729 -0.9387500000
-0.4559460729 -0.4665160000
-0.7023050729 -0.7680820000
-0.5358230729 -0.5799800000
-0.5042060729 -0.5200520000
-0.4923480729 -0.4992860000
-0.5492920729 -0.5960650000
-0.4978890729 -0.5596460000
-0.6268520729 -0.6402970000
-0.6977100729 -0.7341290000
-0.5941050729 -0.6001150000
-0.4122110729 -0.4284970000
-0.4722650729 -0.5051740000
-0.4870500729 -0.4947050000
-1.2619100729 -1.2669980000
-0.6698730729 -0.7554650000
-0.5002240729 -0.5047910000
-0.6094150729 -0.6789080000
-0.5026820729 -0.5250140000
-0.4981240729 -0.5029760000
-0.4165680729 -0.4398340000
-0.4740170729 -0.5453790000
-0.4411430729 -0.4745850000
-0.7938670729 -0.8676620000
-0.5800460729 -0.6140670000
-0.6677610729 -0.7052430000
-0.7248110729 -0.7834550000
-0.5124500729 -0.5671120000
-0.5044980729 -0.5148860000
-0.8860670729 -0.9639930000
-0.5025530729 -0.5117330000
-0.6857680729 -0.7260040000
-0.6498400729 -0.7013840000
-0.4941650729 -0.5217990000
-0.7876640729 -0.7796270000
-0.5270850729 -0.5357130000
-0.6029540729 -0.6383630000
-0.5537020729 -0.5815690000
-0.4503940729 -0.4837320000
-0.5817710729 -0.5862830000
-0.4989030729 -0.5033590000
-0.7139450729 -0.7787420000
-0.9843620729 -1.0395410000
-0.4850210729 -0.4900130000
-0.5416140729 -0.5681820000
-0.5917490729 -0.6442710000
-0.7200500729 -0.7572470000
-0.6739630729 -0.7059440000
-0.5518370729 -0.6108010000
-0.5239950729 -0.5345850000
-0.5396150729 -0.5808740000
-0.4416320729 -0.4763850000
-0.4356190729 -0.4491540000
-0.6101610729 -0.6533150000
-0.5221400729 -0.5665970000
-0.4967800729 -0.5344460000
-0.4958560729 -0.5054660000
-0.5426270729 -0.5795590000
-0.5157920729 -0.5619610000
-0.4481480729 -0.4613340000
-0.5268890729 -0.5749460000
-0.6287610729 -0.6830680000
-0.5705520729 -0.5861120000
-0.5184880729 -0.5419380000
-0.5628550729 -0.5833770000
-0.4131770729 -0.4401630000
-0.4101950729 -0.4271490000
-0.5100060729 -0.5183240000
-0.7181360729 -0.7766430000
-0.4485630729 -0.4695520000
-1.2121410729 -1.0193160000
-0.6062090729 -0.6269090000
-0.5155140729 -0.5200830000
-0.4350000729 -0.4708390000
-0.4987960729 -0.5061030000
-0.4936980729 -0.5097250000
-0.5582460729 -0.5658540000
-0.4125920729 -0.4566030000
-0.4046620729 -0.4215040000
-0.4717630729 -0.4927720000
-0.5308010729 -0.5436990000
-1.9134140729 -1.8354150000
-0.4570780729 -0.4685800000
-0.5066680729 -0.5344780000
-0.5115680729 -0.5499290000
-0.4522920729 -0.4984190000
-0.4966130729 -0.5419960000
-0.6049130729 -0.6216440000
-0.5851090729 -0.6303560000
-1.4460560729 -1.5081450000
-0.5536310729 -0.5736530000
-0.4677860729 -0.4782460000
-0.5104270729 -0.5409340000
-0.5435190729 -0.5736510000
-0.8263440729 -0.8725700000
-0.5168390729 -0.5350040000
-0.4516110729 -0.5058390000
-0.4967170729 -0.5354290000
-0.4867760729 -0.5174190000
-0.4914360729 -0.4982230000
-0.6002880729 -0.6251260000
-0.6623350729 -0.7084020000
-1.0826040729 -1.1445760000
-0.8341420729 -0.8839600000
-0.5783410729 -0.6146600000
-0.5171170729 -0.5263560000
-0.4878280729 -0.5295790000
-0.5266290729 -0.5311130000
-1.2418790729 -1.0518210000
-0.5630940729 -0.5687560000
-0.4403200729 -0.4507500000
-0.4923470729 -0.5344200000
-0.5840200729 -0.6270010000
-0.5445370729 -0.5572920000
-2.2303350729 -2.2023780000
-0.5157010729 -0.5396050000
-0.5062970729 -0.5122960000
-0.6663460729 -0.7197500000
-0.4995480729 -0.5428750000
-0.5234300729 -0.5433780000
-0.4432610729 -0.4592490000
-1.4345650729 -1.4596460000
-0.4545430729 -0.4682010000
-0.5953630729 -0.6159060000
-0.7303140729 -0.7842440000
-0.5721650729 -0.5771810000
-0.4787210729 -0.4866640000
-0.4943820729 -0.4999920000
-0.4957530729 -0.5321890000
-0.4325590729 -0.4450850000
-0.4157800729 -0.4357250000
-0.5207840729 -0.5414490000
-0.4728610729 -0.4937600000
-0.4736430729 -0.5046950000
-0.4235610729 -0.4365030000
-0.4892170729 -0.5318560000
-0.5311560729 -0.5353360000
-0.4428600729 -0.4716690000
-0.5308390729 -0.5499930000
-0.6932560729 -0.7374380000
-0.4893680729 -0.5009690000
-0.5116730729 -0.5460250000
-0.4853130729 -0.5451990000
-0.4458960729 -0.4765110000
-0.5017550729 -0.5075430000
-0.4708850729 -0.4873650000
-0.5431440729 -0.5615880000
-0.6564230729 -0.7055670000
-0.4341290729 -0.4602020000
-0.4176890729 -0.4401460000
-0.4736870729 -0.4851300000
-0.7377330729 -0.7794820000
-0.5795500729 -0.6075560000
-0.5437000729 -0.6079190000
-0.5445690729 -0.5555870000
-0.4269920729 -0.4563830000
