-0.7233950000 -0.6879835320
-0.5785890000 -0.5697102370
-0.7439390000 -0.5754112051
-0.4673920000 -0.4083573690
-0.5273010000 -0.4979959386
-1.2321120000 -1.0761392924
-0.5341710000 -0.4056522333
-0.6221460000 -0.5207180450
-0.5714600000 -0.4572380341
-0.6200850000 -0.5973745323
-0.8477080000 -0.7278969388
-0.5182350000 -0.5044467152
-0.5089430000 -0.4860661691
-0.4755340000 -0.4333237700
-0.7562000000 -0.6329466076
-0.6855070000 -0.5191305025
-0.7297730000 -0.6713247552
-0.6954000000 -0.6431596722
-1.4938080000 -1.2735145032
-0.5222640000 -0.4996026478
-0.5959700000 -0.5657801328
-0.4801080000 -0.4544416299
-0.5422610000 -0.5098650488
-1.4263000000 -1.1013457686
-0.5402360000 -0.5199034399
-0.5506190000 -0.4371439857
-0.6488560000 -0.4503593242
-0.5404740000 -0.5037146238
-0.4517170000 -0.4275569230
-0.5551920000 -0.5306522919
-0.5056570000 -0.4833267826
-0.6815190000 -0.4909968648
-0.4893860000 -0.4023294446
-0.5943460000 -0.5734204183
-0.5863850000 -0.5533453988
-0.5147680000 -0.4611772428
-1.0947150000 -0.8559546221
-0.4633190000 -0.4435487904
-0.4941250000 -0.4551609875
-0.4919050000 -0.4801531105
-0.4781910000 -0.3820509610
-0.6111250000 -0.5357206475
-0.5006190000 -0.4805637934
-0.5214580000 -0.4751262835
-0.9387500000 -0.8300081150
-0.4665160000 -0.4431582282
-0.7680820000 -0.5801797764
-0.5799800000 -0.4675081793
-0.5200520000 -0.4945068012
-0.4992860000 -0.4844331265
-0.5960650000 -0.4933560652
-0.5596460000 -0.4414601561
-0.6402970000 -0.6167086690
-0.7341290000 -0.6586655260
-0.6001150000 -0.5876628160
-0.4284970000 -0.3945884144
-0.5051740000 -0.4540794599
-0.4947050000 -0.4728194541
-1.2669980000 -0.9610578206
-0.7554650000 -0.5557541566
-0.5047910000 -0.4912881517
-0.6789080000 -0.5000592263
-0.5250140000 -0.4781997333
-0.5029760000 -0.4854192952
-0.4398340000 -0.3944983519
-0.5453790000 -0.3592115458
-0.4745850000 -0.4151835063
-0.8676620000 -0.6057668435
-0.6140670000 -0.5606703043
-0.7052430000 -0.6585326936
-0.7834550000 -0.6709525447
-0.5671120000 -0.4518810806
-0.5148860000 -0.4916258706
-0.9639930000 -0.6750244108
-0.5117330000 -0.4908749324
-0.7260040000 -0.6660547594
-0.7013840000 -0.5362578561
-0.5217990000 -0.4679007110
-0.7796270000 -0.5618595555
-0.5357130000 -0.5102368693
-0.6383630000 -0.5701014260
-0.5815690000 -0.5197685299
-0.4837320000 -0.4189634442
-0.5862830000 -0.5765277558
-0.5033590000 -0.4887222983
-0.7787420000 -0.6193657043
-1.0395410000 -0.9529125201
-0.4900130000 -0.4787209721
-0.5681820000 -0.5305475900
-0.6442710000 -0.4531021842
-0.7572470000 -0.6832245009
-0.7059440000 -0.6554134439
-0.6108010000 -0.5103336082
-0.5345850000 -0.5153245135
-0.5808740000 -0.5042193981
-0.4763850000 -0.4102215624
-0.4491540000 -0.4243425572
-0.6533150000 -0.4917852841
-0.5665970000 -0.4857068711
-0.5344460000 -0.4723483188
-0.5054660000 -0.4773696121
-0.5795590000 -0.5043675618
-0.5619610000 -0.4757470556
-0.4613340000 -0.4331287449
-0.5749460000 -0.4772451344
-0.6830680000 -0.5318898730
-0.5861120000 -0.5572639598
-0.5419380000 -0.5080075902
-0.5833770000 -0.5502027929
-0.4401630000 -0.3833044063
-0.4271490000 -0.3925945385
-0.5183240000 -0.4968512181
-0.7766430000 -0.6433166043
-0.4695520000 -0.4243987023
-1.0193160000 -0.8646580244
-0.6269090000 -0.5835236133
-0.5200830000 -0.5106157950
-0.4708390000 -0.3934188114
-0.5061030000 -0.4921082686
-0.5097250000 -0.4806107123
-0.5658540000 -0.5465566458
-0.4566030000 -0.3681888362
-0.4215040000 -0.3889753749
-0.4927720000 -0.4583339756
-0.5436990000 -0.5196203841
-1.8354150000 -1.5989616757
-0.4685800000 -0.4410179059
-0.5344780000 -0.4954306363
-0.5499290000 -0.4526802710
-0.4984190000 -0.4049998400
-0.5419960000 -0.3934363965
-0.6216440000 -0.5823608863
-0.6303560000 -0.5121836179
-1.5081450000 -1.3163457252
-0.5736530000 -0.5400784103
-0.4782460000 -0.4529051380
-0.5409340000 -0.4856938131
-0.5736510000 -0.5078653647
-0.8725700000 -0.7727099355
-0.5350040000 -0.5039137965
-0.5058390000 -0.3881707531
-0.5354290000 -0.4707397973
-0.5174190000 -0.4662930523
-0.4982230000 -0.4789349352
-0.6251260000 -0.5718525905
-0.7084020000 -0.5623850010
-1.1445760000 -1.0182544879
-0.8839600000 -0.7924655472
-0.6146600000 -0.5326850609
-0.5263560000 -0.5064407899
-0.5295790000 -0.4530204180
-0.5311130000 -0.5194044127
-1.0518210000 -1.0569304914
-0.5687560000 -0.5542195593
-0.4507500000 -0.4280968497
-0.5344200000 -0.4500046738
-0.6270010000 -0.4892907102
-0.5572920000 -0.5378782746
-2.2023780000 -1.9545822331
-0.5396050000 -0.5058136656
-0.5122960000 -0.4964940045
-0.7197500000 -0.6112311680
-0.5428750000 -0.4484641309
-0.5433780000 -0.4998205838
-0.4592490000 -0.4276916936
-1.4596460000 -1.1933023367
-0.4682010000 -0.4366662577
-0.6159060000 -0.5721486708
-0.7842440000 -0.5692029578
-0.5771810000 -0.5607761998
-0.4866640000 -0.4689348719
-0.4999920000 -0.4865466743
-0.5321890000 -0.4832623644
-0.4450850000 -0.4172448520
-0.4357250000 -0.3977220855
-0.5414490000 -0.5055109885
-0.4937600000 -0.4631104807
-0.5046950000 -0.4324907935
-0.4365030000 -0.4087756951
-0.5318560000 -0.4681562168
-0.5353360000 -0.5239780194
-0.4716690000 -0.4210835518
-0.5499930000 -0.5132524044
-0.7374380000 -0.6656217971
-0.5009690000 -0.4770130254
-0.5460250000 -0.4769347322
-0.5451990000 -0.3804935793
-0.4765110000 -0.4054752773
-0.5075430000 -0.4892499910
-0.4873650000 -0.4564203615
-0.5615880000 -0.5320793998
-0.7055670000 -0.5845332466
-0.4602020000 -0.4150837926
-0.4401460000 -0.3960845739
-0.4851300000 -0.4552821075
-0.7794820000 -0.7250005737
-0.6075560000 -0.5631671116
-0.6079190000 -0.4845965574
-0.5555870000 -0.5326514230
-0.4563830000 -0.4011817477
