 AEM_Eatom=  3.562683298790670E-003
 AEM_Egroup=  2.216475369382901E-004
 AEM_Etot=  6.688839833234233E-004
 AEM_F=  0.501606201844952     
