 AEM_Eatom=  8.016072369758327E-003
 AEM_Egroup=  5.163543878487306E-004
 AEM_Etot=  7.472494806916569E-004
 AEM_F=  0.500275315157508     
