 AEM_Eatom=  0.120057767357513     
 AEM_Egroup=  8.102801388471775E-003
 AEM_Etot=  1.444157260731100E-003
 AEM_F=  0.501709958227832     
