 AEM_Eatom=  0.139586234676312     
 AEM_Egroup=  7.506801951522812E-003
 AEM_Etot=  6.120652644699252E-004
 AEM_F=  0.504653577711249     
