 AEM_Eatom=  5.264919618398159E-003
 AEM_Egroup=  8.771910764378974E-004
 AEM_Etot=  5.698205050927154E-004
 AEM_F=  0.501822934356352     
