 AEM_Eatom=  0.510165201975630     
 AEM_Egroup=  3.781276215059098E-002
 AEM_Etot=  6.899874523023357E-003
 AEM_F=   1.31281485888150     
