           4           1
 PRECISION  = SINGLE     
 JOB       = SCF
 IN.PSP1   = /home/sabs/shenjie/Pseudopotential/Li.nc.pbe.UPF
 IN.PSP2   = /home/sabs/shenjie/Pseudopotential/C.nc.pbe.UPF
 IN.PSP3   = /home/sabs/shenjie/Pseudopotential/O.nc.pbe.UPF
 IN.PSP4   = /home/sabs/shenjie/Pseudopotential/N.nc.pbe.UPF
 IN.PSP5   = /home/sabs/shenjie/Pseudopotential/S.nc.pbe.UPF
 IN.PSP6   = /home/sabs/shenjie/Pseudopotential/F.nc.pbe.UPF
 IN.PSP7   = /home/sabs/shenjie/Pseudopotential/H.nc.pbe.UPF
 IN.PSP8   = /home/sabs/shenjie/Pseudopotential/P.nc.pbe.UPF
 IN.ATOM   = atom.config         
 CONVERGENCE  = EASY
 ACCURACY  = NORM
 VFF_DETAIL =   1   500  0.50000000E-02     30.00000     4.00000     0.00000     1.00000  
 EGG_DETAIL =            3           3           3
 SPIN      =   1
 CONSTRAINT_MAG =           0
 RANDOM_SEED=           0
 QIJ_DETAIL =   0  1
 SCF_MIX = CHARGE
 PWSCF_OUTPUT     =  F
 Ecut      =    60.0000000000000     
 Ecut2     =    120.000000000000     
 Ecut2L    =    120.000000000000     
 EcutP    =    60.0000000000000     
 N123      =   120   120   120
 NS123     =    40    40    40
 N123L     =   120   120   120
 STRESS_CORR =   0.100000E+01  0.000000E+00  0.200000E+01  0.000000E+00
 XCFUNCTIONAL = LDA
 HSE_DETAIL    =      1.00000000    1     0.00000000    6 1 1
 RELAX_HSE    =    20   0.50000E-01     2
 VDW       = NONE
 LONDON_S6      =   0.000000000000000E+000
 LONDON_C6(1)      =   -1.00000000000000     
 LONDON_C6(2)      =   -1.00000000000000     
 LONDON_C6(3)      =   -1.00000000000000     
 LONDON_C6(4)      =   -1.00000000000000     
 LONDON_C6(5)      =   -1.00000000000000     
 LONDON_C6(6)      =   -1.00000000000000     
 LONDON_C6(7)      =   -1.00000000000000     
 LONDON_C6(8)      =   -1.00000000000000     
 LONDON_RCUT      =   0.000000000000000E+000
 DFTD3_S6        =   0.000000000000000E+000
 DFTD3_RS6        =   0.000000000000000E+000
 DFTD3_S18        =   0.000000000000000E+000
 DFTD3_RS18        =   0.000000000000000E+000
 DFTD3_ALPHA6        =   0.000000000000000E+000
 DFTD3_VERSION        =            0
 DFTD3_3BODY        =  F
 COULOMB   =    0
 IN.WG     =  F
 OUT.WG    =  F
 IN.RHO    =  F
 OUT.RHOATOM =  F
 OUT.RHO   =  F
 IN.VR     =  F
 OUT.VR    =  F
 OUT.ELF   =  F
 IN.VEXT   =  F
 OUT.VATOM   =  F
 OUT.FORCE =  T
 OUT.STRESS =  F
 IN.KPT    =  F
 IN.SYMM   =  F
 SYMM_PREC =    0.10000E-04
 MP_N123 =      1      1      1      0      0      0      0
 NUM_KPT =            1
 CHARGE_DECOMP = F
 ENERGY_DECOMP = F 
 IN.SOLVENT =  F
 NUM_ELECTRON =   1940.00000000000     
 FIX_FERMI =   F  0.000000E+00  0.000000E+00  0.000000E+00
 IN.NONSCF    =  F
 NUM_BAND  =  1028
 OUT.REAL.RHOWF_SP= 0
 WG_ERROR  =   1.000000000000000E-004
 E_ERROR   =   5.279008887880000E-003
 RHO_ERROR =   5.000000000000000E-005
 RHO_RELATIVE_ERROR      =   0.000000000000000E+000
 FORCE_RELATIVE_ERROR     =   0.000000000000000E+000
 MIN_SCF_ITER     =            1
 SYS_TYPE   =            1
 PULAY_MIX_OPT =     30  1  0       1.00000       0.00000
 PULAY_METRIC_Q0 =       -1.00000
 IN.OCC    =  F          -1
 IN.CC    =  F
 IN.OCC_ADIA    =  F
 SCF_ITER0_1 =    6   4    3    0.0000     0.02500    1
 SCF_ITER0_2 =   94   4    3    1.0000     0.02500    1
 SCF_ITER1_1 =   40   4    3    1.0000     0.02500    1
 NONLOCAL  =  2
 IN.A_FIELD =  F       0.00000       0.00000       0.00000
 RCUT      =    4.00000000000000     
 IN.PSP_RCUT1 =   4.00000000000000     
 IN.PSP_RCUT2 =   4.00000000000000     
 IN.PSP_RCUT3 =   4.00000000000000     
 IN.PSP_RCUT4 =   4.00000000000000     
 IN.PSP_RCUT5 =   4.00000000000000     
 IN.PSP_RCUT6 =   4.00000000000000     
 IN.PSP_RCUT7 =   4.00000000000000     
 IN.PSP_RCUT8 =   4.00000000000000     
 MD_VV_SCALE =    100
 LDAU_PSP1   =           -1  2.721138638331097E-009  2.721138638331097E-009  eV
 LDAU_PSP2   =           -1  2.721138638331097E-009  2.721138638331097E-009  eV
 LDAU_PSP3   =           -1  2.721138638331097E-009  2.721138638331097E-009  eV
 LDAU_PSP4   =           -1  2.721138638331097E-009  2.721138638331097E-009  eV
 LDAU_PSP5   =           -1  2.721138638331097E-009  2.721138638331097E-009  eV
 LDAU_PSP6   =           -1  2.721138638331097E-009  2.721138638331097E-009  eV
 LDAU_PSP7   =           -1  2.721138638331097E-009  2.721138638331097E-009  eV
 LDAU_PSP8   =           -1  2.721138638331097E-009  2.721138638331097E-009  eV
 NUM_BLOCKED_PSI=  F
 WF_STORE2DISK  =            0
 NUM_DOS_GRID =         4000
 NMAP_MAX =        50000
 KERK_AMIN =   0.300000000000000     
 KERK_AMIX =   0.400000000000000     
 KERK_AMIX_MAG =   0.800000000000000     
 KERK_BMIX =   0.500000000000000     
 LDAU_MIX =   0.700000000000000     
 PULAY_WEIGHT_SPIN =    1.00000000000000     
 PULAY_WEIGHT_NS =    1.00000000000000     
 OUT.MLMD    =  F
 NUM_MPI_PER_GPU =     1
 FLAG_CYLINDER =            0
 SET_OUT_FERMI_POS =  F           0
 E_FINITE =  F   0.00000E+00   0.00000E+00   0.00000E+00
 MLINE_EIGEN =      1
 
 ------------------------------------------------
 total number of K-point:           1
   0.00000     0.00000    0.00000     1.00000            
 ------------------------------------------------
 
 
 *********************************************
 *********** end of etot.input report ********
 minimum n1,n2,n3 from Ecut2
     118.970      119.148      119.089
 minimum n1L,n2L,n3L from Ecut2L
     118.970      119.148      119.089
 *********************************************
 
 
Weighted average num_of_PW for all kpoint=                       312673.000
 ************************************
 E_Hxc(eV)         51463.5287989264     
 E_ion(eV)        -223962.922822980     
 E_Coul(eV)        79786.0878292317     
 E_Hxc+E_ion(eV)  -172499.394024053     
 NONSCF     1          AVE_STATE_ERROR= 0.5919E+01
 NONSCF     2          AVE_STATE_ERROR= 0.1638E+01
 NONSCF     3          AVE_STATE_ERROR= 0.5120E+00
 NONSCF     4          AVE_STATE_ERROR= 0.9532E-01
 NONSCF     5          AVE_STATE_ERROR= 0.1569E-01
 NONSCF     6          AVE_STATE_ERROR= 0.3004E-02
 iter=   7   ave_lin=  4.0  iCGmth=   3
 Ef(eV)               = -.1200791E+01
 err of ug            = 0.1176E-02
 dv_ave, drho_tot     = 0.0000E+00 0.1242E+00
 E_tot(eV)            = -.13305393360048E+06    -.1331E+06
 -------------------------------------------
 iter=   8   ave_lin=  4.0  iCGmth=   3
 Ef(eV)               = -.1299272E+01
 err of ug            = 0.1087E-01
 dv_ave, drho_tot     = 0.1768E-01 0.7165E-01
 E_tot(eV)            = -.13294248751892E+06    0.1114E+03
 -------------------------------------------
 iter=   9   ave_lin=  4.0  iCGmth=   3
 Ef(eV)               = -.8486257E+00
 err of ug            = 0.6869E-02
 dv_ave, drho_tot     = 0.1434E-01 0.3054E-01
 E_tot(eV)            = -.13290724589883E+06    0.3524E+02
 -------------------------------------------
 iter=  10   ave_lin=  4.0  iCGmth=   3
 Ef(eV)               = -.7674022E+00
 err of ug            = 0.2139E-02
 dv_ave, drho_tot     = 0.7010E-02 0.1097E-01
 E_tot(eV)            = -.13290164513914E+06    0.5601E+01
 -------------------------------------------
 iter=  11   ave_lin=  4.0  iCGmth=   3
 Ef(eV)               = -.7298772E+00
 err of ug            = 0.5727E-03
 dv_ave, drho_tot     = 0.3133E-02 0.6150E-02
 E_tot(eV)            = -.13290095278169E+06    0.6924E+00
 -------------------------------------------
 iter=  12   ave_lin=  4.0  iCGmth=   3
 Ef(eV)               = -.7070183E+00
 err of ug            = 0.3137E-03
 dv_ave, drho_tot     = 0.3536E-02 0.3657E-02
 E_tot(eV)            = -.13290045285797E+06    0.4999E+00
 -------------------------------------------
 iter=  13   ave_lin=  4.0  iCGmth=   3
 Ef(eV)               = -.6606310E+00
 err of ug            = 0.3500E-03
 dv_ave, drho_tot     = 0.3868E-02 0.2803E-02
 E_tot(eV)            = -.13289999408518E+06    0.4588E+00
 -------------------------------------------
 iter=  14   ave_lin=  4.0  iCGmth=   3
 Ef(eV)               = 0.1196459E+01
 err of ug            = 0.3155E-03
 dv_ave, drho_tot     = 0.5217E-02 0.2216E-02
 E_tot(eV)            = -.13289957230688E+06    0.4218E+00
 -------------------------------------------
 iter=  15   ave_lin=  4.0  iCGmth=   3
 Ef(eV)               = 0.1192121E+01
 err of ug            = 0.3381E-03
 dv_ave, drho_tot     = 0.6472E-02 0.1776E-02
 E_tot(eV)            = -.13289924679116E+06    0.3255E+00
 -------------------------------------------
 iter=  16   ave_lin=  4.0  iCGmth=   3
 Ef(eV)               = 0.1052000E+01
 err of ug            = 0.2553E-03
 dv_ave, drho_tot     = 0.4327E-02 0.1373E-02
 E_tot(eV)            = -.13289915734990E+06    0.8944E-01
 -------------------------------------------
 iter=  17   ave_lin=  4.0  iCGmth=   3
 Ef(eV)               = 0.1066336E+01
 err of ug            = 0.1928E-03
 dv_ave, drho_tot     = 0.3716E-02 0.1077E-02
 E_tot(eV)            = -.13289912503566E+06    0.3231E-01
 -------------------------------------------
 iter=  18   ave_lin=  4.0  iCGmth=   3
 Ef(eV)               = 0.1214233E+01
 err of ug            = 0.1284E-03
 dv_ave, drho_tot     = 0.3010E-02 0.8007E-03
 E_tot(eV)            = -.13289910841200E+06    0.1662E-01
 -------------------------------------------
 iter=  19   ave_lin=  4.0  iCGmth=   3
 Ef(eV)               = 0.1388346E+01
 err of ug            = 0.1090E-03
 dv_ave, drho_tot     = 0.2455E-02 0.6106E-03
 E_tot(eV)            = -.13289909053472E+06    0.1788E-01
 -------------------------------------------
 iter=  20   ave_lin=  4.0  iCGmth=   3
 Ef(eV)               = 0.1512611E+01
 err of ug            = 0.9467E-04
 dv_ave, drho_tot     = 0.2386E-02 0.4555E-03
 E_tot(eV)            = -.13289907836019E+06    0.1217E-01
 -------------------------------------------
 iter=  21   ave_lin=  4.0  iCGmth=   3
 Ef(eV)               = 0.1588567E+01
 err of ug            = 0.6513E-04
 dv_ave, drho_tot     = 0.1117E-02 0.3737E-03
 E_tot(eV)            = -.13289907115095E+06    0.7209E-02
 -------------------------------------------
 iter=  22   ave_lin=  4.0  iCGmth=   3
 Ef(eV)               = 0.1645947E+01
 err of ug            = 0.6036E-04
 dv_ave, drho_tot     = 0.9930E-03 0.3032E-03
 E_tot(eV)            = -.13289906510333E+06    0.6048E-02
 -------------------------------------------
 iter=  23   ave_lin=  4.0  iCGmth=   3
 Ef(eV)               = 0.1682068E+01
 err of ug            = 0.4930E-04
 dv_ave, drho_tot     = 0.8108E-03 0.2526E-03
 E_tot(eV)            = -.13289906147590E+06    0.3627E-02
 -------------------------------------------
 E_Fermi(eV)=   1.68206815984227     
 ---------------------------------------------------
 Ef(eV)               = 0.1682068E+01
 dvE, dvE(n)-dvE(n-1) = 0.6574E-06 -.3287E-06
 dv_ave, drho_tot     = 0.8108E-03 0.2526E-03
 err of ug            = 0.4930E-04
 ---------------------------------------------------
 ending_scf_reason = tol Etot_err  5.279008887880000E-003
 Ewald        = -.40149318489764E+05
 Alpha        = 0.15207970391171E+04
 E_extV       = 0.00000000000000E+00    0.0000E+00
 E_NSC        = -.21605234994096E+05    0.5890E+00
 E[-rho*V_Hxc]= -.12542992470409E+06    -.5853E+00
 E_Hxc        = 0.52764619672934E+05    0.6123E+00
 -TS          = -.16749488172390E-09    -.9861E-10
 E_tot(eV)    = -.13289906147590E+06    0.3627E-02
 E_tot(Ryd)   = -.97679009351615E+04    0.1333E-03
 ---------------------------------------------------
 ---------------------------------------------------
 occup for:      kpt=1,spin=1,m=(totN/2-2,totN/2+2)
   1.000    1.000    1.000    0.000    0.000
 eigen(eV) for:  kpt=1,spin=1,m=(totN/2-2,totN/2+2)
  -1.921   -1.912   -1.620    2.249    2.477
 ---------------------------------------------------
 ---------------------------------------------------
 E_Hart,E_xc,E_ion =0.81635818028978E+05  -.28871198356044E+05  -.22667008536167E+06
 E_Hxc+E_ion       =-.17390546568874E+06
 E_kin+E_nonloc    =0.79634925663486E+05
 E_rhoVext,E_IVext     =0.00000000000000E+00  0.00000000000000E+00
 E_psiV,E_dDrho =-.10124025125419E+06  0.00000000000000E+00
 ave(vtot):v0 =-.76649677636895E+01
 ave(V_ion_s(or p,d))=ave(V_Hatree)=0; ave(Vtot)=ave(V_xc)=v0
 ---------------------------------------------------
 *********************************
 Eigen energies are values after setting ave(Vtot)=0
 For Vtot=V_ion+V_Hartree+V_xc, and
 ave(V_ion+V_Hatree)=0, ave(V_xc).ne.0:  E=E+v0
 *********************************
iislda,kpt=   1,    1      0.000000     0.000000     0.000000             kpoint in xyz unit 
 err of each states, A.U
  0.402256E-04     0.206262E-04     0.944028E-04     0.261908E-04     0.401329E-04
  0.335356E-04     0.159511E-04     0.358866E-04     0.176647E-04     0.755798E-04
  0.214961E-04     0.183517E-04     0.234273E-04     0.269995E-04     0.151457E-04
  0.229125E-04     0.151472E-04     0.149158E-04     0.222359E-04     0.246487E-04
  0.232227E-04     0.158364E-04     0.340084E-04     0.100800E-03     0.158523E-04
  0.145969E-04     0.167508E-04     0.258470E-04     0.175243E-04     0.167701E-04
  0.166793E-04     0.382918E-04     0.217543E-04     0.409262E-04     0.204523E-04
  0.470368E-04     0.163665E-04     0.170486E-04     0.331243E-04     0.405168E-04
  0.184296E-04     0.155770E-04     0.159338E-04     0.299951E-04     0.411588E-04
  0.125930E-04     0.296855E-04     0.370260E-04     0.196375E-04     0.157397E-04
  0.179892E-04     0.195637E-04     0.216954E-04     0.187328E-04     0.331223E-04
  0.160929E-04     0.241626E-04     0.162577E-04     0.818130E-04     0.209270E-04
  0.248452E-04     0.144247E-04     0.140901E-04     0.129728E-04     0.168370E-04
  0.178705E-04     0.319877E-04     0.174363E-04     0.124929E-04     0.213289E-04
  0.274824E-04     0.215115E-04     0.199616E-04     0.264664E-04     0.111287E-04
  0.109163E-04     0.249401E-04     0.132945E-04     0.131784E-04     0.161654E-04
  0.168545E-04     0.181812E-04     0.109960E-04     0.161866E-04     0.155695E-04
  0.137832E-04     0.745543E-04     0.480637E-04     0.128453E-04     0.246433E-04
  0.102613E-04     0.148217E-04     0.308939E-04     0.266507E-04     0.112047E-04
  0.159561E-04     0.262883E-04     0.135287E-04     0.231277E-04     0.135819E-04
  0.103712E-03     0.306205E-04     0.128643E-04     0.325139E-04     0.356639E-04
  0.132766E-04     0.148022E-04     0.135049E-04     0.116279E-04     0.332748E-04
  0.397153E-04     0.305626E-04     0.171691E-04     0.240386E-04     0.119765E-04
  0.373106E-04     0.151719E-04     0.126843E-04     0.183769E-04     0.240453E-04
  0.106591E-04     0.212580E-04     0.143293E-04     0.238687E-04     0.128570E-04
  0.164127E-04     0.140759E-04     0.137951E-04     0.651374E-04     0.133061E-04
  0.160787E-04     0.133740E-04     0.130426E-04     0.147394E-04     0.120425E-04
  0.158721E-04     0.160406E-04     0.129441E-04     0.724892E-04     0.689341E-04
  0.152539E-04     0.372602E-04     0.153013E-04     0.143436E-04     0.135697E-04
  0.112997E-04     0.172712E-04     0.150951E-04     0.413750E-04     0.176032E-04
  0.184973E-04     0.285075E-04     0.294316E-04     0.128611E-04     0.283889E-04
  0.231012E-04     0.368918E-04     0.163890E-04     0.215851E-04     0.219511E-04
  0.195748E-04     0.106153E-04     0.241243E-04     0.172760E-04     0.175781E-04
  0.116801E-04     0.235694E-04     0.281074E-04     0.141058E-04     0.230458E-04
  0.251450E-04     0.504388E-04     0.242976E-04     0.169694E-04     0.171035E-04
  0.168425E-04     0.266678E-04     0.121756E-04     0.402080E-04     0.213962E-04
  0.133743E-04     0.119631E-04     0.118988E-04     0.174719E-04     0.995969E-05
  0.141446E-04     0.128720E-04     0.217778E-04     0.164749E-04     0.114548E-04
  0.166513E-04     0.151175E-04     0.194326E-04     0.107819E-04     0.159026E-04
  0.215656E-04     0.158160E-04     0.135751E-04     0.120942E-04     0.206231E-04
  0.176730E-04     0.165648E-04     0.113874E-04     0.118919E-04     0.142703E-04
  0.125156E-04     0.309026E-04     0.332246E-04     0.119559E-04     0.114899E-04
  0.155667E-04     0.123403E-04     0.117758E-04     0.186276E-04     0.282940E-04
  0.137343E-04     0.166621E-04     0.139804E-04     0.167406E-04     0.113988E-04
  0.139397E-04     0.144286E-04     0.197816E-04     0.189982E-04     0.146807E-04
  0.174258E-04     0.119237E-04     0.134784E-04     0.107578E-04     0.122842E-04
  0.167733E-04     0.133601E-04     0.209160E-04     0.106649E-04     0.174904E-04
  0.121909E-04     0.144586E-04     0.126467E-04     0.123996E-04     0.179459E-04
  0.210985E-04     0.136768E-04     0.177222E-04     0.105736E-04     0.136718E-04
  0.200986E-04     0.157879E-04     0.138853E-04     0.197783E-04     0.201434E-04
  0.117103E-04     0.163260E-04     0.129807E-04     0.216609E-04     0.161740E-04
  0.249612E-04     0.133628E-04     0.140723E-04     0.161704E-04     0.147510E-04
  0.192228E-04     0.213302E-04     0.136209E-04     0.137245E-04     0.156583E-04
  0.159024E-04     0.238917E-04     0.247214E-04     0.157184E-04     0.184892E-04
  0.182038E-04     0.143134E-04     0.196156E-04     0.158188E-04     0.344139E-04
  0.178945E-04     0.141571E-04     0.165004E-04     0.203041E-04     0.200045E-04
  0.311774E-04     0.210531E-04     0.211023E-04     0.213135E-04     0.206415E-04
  0.162740E-04     0.191505E-04     0.231731E-04     0.133261E-04     0.189421E-04
  0.164948E-04     0.184085E-04     0.301251E-04     0.170805E-04     0.358191E-04
  0.166633E-04     0.202539E-04     0.161815E-04     0.169457E-04     0.234508E-04
  0.187113E-04     0.195441E-04     0.206044E-04     0.178930E-04     0.239668E-04
  0.170095E-04     0.137445E-04     0.149913E-04     0.188026E-04     0.160225E-04
  0.214664E-04     0.152763E-04     0.144050E-04     0.204905E-04     0.229082E-04
  0.276336E-04     0.275837E-04     0.304909E-04     0.282229E-04     0.197884E-04
  0.286392E-04     0.262180E-04     0.404825E-04     0.222987E-04     0.229203E-04
  0.217413E-04     0.189549E-04     0.217512E-04     0.236800E-04     0.221900E-04
  0.241210E-04     0.271529E-04     0.234089E-04     0.200543E-04     0.179827E-04
  0.271127E-04     0.254061E-04     0.178107E-04     0.222796E-04     0.212971E-04
  0.261380E-04     0.176435E-04     0.216728E-04     0.219798E-04     0.183219E-04
  0.188611E-04     0.192997E-04     0.186925E-04     0.155640E-04     0.182462E-04
  0.243185E-04     0.235303E-04     0.232704E-04     0.221434E-04     0.206148E-04
  0.218276E-04     0.242738E-04     0.235749E-04     0.288809E-04     0.226743E-04
  0.304473E-04     0.224201E-04     0.169529E-04     0.203711E-04     0.148599E-04
  0.210051E-04     0.168482E-04     0.256720E-04     0.169403E-04     0.261778E-04
  0.227715E-04     0.225039E-04     0.227791E-04     0.268197E-04     0.144877E-04
  0.220556E-04     0.215213E-04     0.208182E-04     0.225584E-04     0.285967E-04
  0.310588E-04     0.286717E-04     0.304153E-04     0.226899E-04     0.154652E-04
  0.300667E-04     0.170203E-04     0.208512E-04     0.216117E-04     0.204371E-04
  0.307716E-04     0.249596E-04     0.151656E-04     0.191459E-04     0.180715E-04
  0.271150E-04     0.279228E-04     0.298873E-04     0.264092E-04     0.325492E-04
  0.257104E-04     0.274230E-04     0.217451E-04     0.261549E-04     0.367163E-04
  0.261847E-04     0.210709E-04     0.199601E-04     0.223196E-04     0.219216E-04
  0.233393E-04     0.214847E-04     0.290631E-04     0.209019E-04     0.258606E-04
  0.257147E-04     0.176554E-04     0.179731E-04     0.226550E-04     0.238868E-04
  0.184037E-04     0.264780E-04     0.215275E-04     0.256352E-04     0.209657E-04
  0.262221E-04     0.261001E-04     0.275680E-04     0.320209E-04     0.289919E-04
  0.295071E-04     0.300020E-04     0.322216E-04     0.248316E-04     0.257830E-04
  0.276165E-04     0.221462E-04     0.259059E-04     0.257078E-04     0.333501E-04
  0.343656E-04     0.266082E-04     0.278836E-04     0.375022E-04     0.281486E-04
  0.310319E-04     0.526613E-04     0.212704E-04     0.358608E-04     0.227802E-04
  0.239604E-04     0.432159E-04     0.152003E-04     0.276428E-04     0.323558E-04
  0.306859E-04     0.281436E-04     0.306084E-04     0.288910E-04     0.174684E-04
  0.183929E-04     0.206231E-04     0.296420E-04     0.282697E-04     0.223062E-04
  0.353162E-04     0.187074E-04     0.401074E-04     0.205211E-04     0.253913E-04
  0.213999E-04     0.159337E-04     0.221280E-04     0.205208E-04     0.364464E-04
  0.308001E-04     0.207478E-04     0.228472E-04     0.191907E-04     0.283533E-04
  0.192711E-04     0.126636E-04     0.139186E-04     0.277953E-04     0.182367E-04
  0.279814E-04     0.197030E-04     0.211942E-04     0.220291E-04     0.318465E-04
  0.172044E-04     0.181695E-04     0.263691E-04     0.187967E-04     0.193267E-04
  0.230156E-04     0.143414E-04     0.208165E-04     0.194202E-04     0.154086E-04
  0.159478E-04     0.124303E-04     0.192131E-04     0.135554E-04     0.229138E-04
  0.194412E-04     0.158873E-04     0.150493E-04     0.163968E-04     0.144033E-04
  0.127679E-04     0.184154E-04     0.164460E-04     0.150521E-04     0.178011E-04
  0.179782E-04     0.283146E-04     0.303973E-04     0.156119E-04     0.199390E-04
  0.249639E-04     0.147822E-04     0.242044E-04     0.180127E-04     0.225503E-04
  0.198320E-04     0.234982E-04     0.205759E-04     0.231991E-04     0.230206E-04
  0.202834E-04     0.237154E-04     0.217124E-04     0.217832E-04     0.135522E-04
  0.266535E-04     0.286224E-04     0.276550E-04     0.204569E-04     0.115226E-04
  0.173551E-04     0.229949E-04     0.187897E-04     0.175272E-04     0.205967E-04
  0.178524E-04     0.207912E-04     0.222503E-04     0.219559E-04     0.218714E-04
  0.209708E-04     0.240776E-04     0.275448E-04     0.308207E-04     0.229719E-04
  0.260433E-04     0.223210E-04     0.227265E-04     0.247010E-04     0.294342E-04
  0.267260E-04     0.306249E-04     0.192592E-04     0.132194E-04     0.229499E-04
  0.218542E-04     0.220185E-04     0.196819E-04     0.208467E-04     0.202417E-04
  0.224735E-04     0.194656E-04     0.203645E-04     0.129517E-04     0.221283E-04
  0.245695E-04     0.211968E-04     0.215334E-04     0.203488E-04     0.202766E-04
  0.233290E-04     0.223302E-04     0.220024E-04     0.167995E-04     0.235239E-04
  0.249776E-04     0.166833E-04     0.233094E-04     0.219182E-04     0.222644E-04
  0.225093E-04     0.234077E-04     0.262590E-04     0.188315E-04     0.217615E-04
  0.251159E-04     0.197329E-04     0.223260E-04     0.177762E-04     0.207262E-04
  0.206428E-04     0.237478E-04     0.181665E-04     0.213458E-04     0.192352E-04
  0.239241E-04     0.232488E-04     0.251344E-04     0.191648E-04     0.211183E-04
  0.182402E-04     0.194184E-04     0.178981E-04     0.155819E-04     0.174496E-04
  0.174017E-04     0.213654E-04     0.229836E-04     0.175460E-04     0.159333E-04
  0.214220E-04     0.187926E-04     0.222996E-04     0.258953E-04     0.206011E-04
  0.298989E-04     0.215008E-04     0.181625E-04     0.234373E-04     0.261624E-04
  0.188313E-04     0.192723E-04     0.202315E-04     0.190763E-04     0.202734E-04
  0.216576E-04     0.229898E-04     0.227466E-04     0.235108E-04     0.194403E-04
  0.203573E-04     0.266538E-04     0.218645E-04     0.240075E-04     0.196443E-04
  0.277061E-04     0.197676E-04     0.279495E-04     0.216327E-04     0.202308E-04
  0.219203E-04     0.217410E-04     0.220850E-04     0.227784E-04     0.237677E-04
  0.271709E-04     0.288171E-04     0.314314E-04     0.214978E-04     0.255913E-04
  0.250853E-04     0.229181E-04     0.217018E-04     0.317296E-04     0.240219E-04
  0.208830E-04     0.229878E-04     0.224114E-04     0.262806E-04     0.236361E-04
  0.246240E-04     0.251914E-04     0.266461E-04     0.229844E-04     0.208259E-04
  0.219873E-04     0.291127E-04     0.309289E-04     0.234361E-04     0.237617E-04
  0.214290E-04     0.263968E-04     0.252293E-04     0.228771E-04     0.230374E-04
  0.239373E-04     0.359232E-04     0.233156E-04     0.258719E-04     0.240817E-04
  0.245478E-04     0.231262E-04     0.285685E-04     0.249421E-04     0.245066E-04
  0.224533E-04     0.238676E-04     0.226329E-04     0.231766E-04     0.215085E-04
  0.262400E-04     0.222467E-04     0.246663E-04     0.269188E-04     0.265218E-04
  0.248636E-04     0.260762E-04     0.263278E-04     0.271704E-04     0.297553E-04
  0.261487E-04     0.301791E-04     0.284566E-04     0.280596E-04     0.259167E-04
  0.296634E-04     0.239878E-04     0.299777E-04     0.292194E-04     0.256493E-04
  0.238189E-04     0.227358E-04     0.367201E-04     0.313476E-04     0.273773E-04
  0.312420E-04     0.305582E-04     0.256344E-04     0.250340E-04     0.253614E-04
  0.271199E-04     0.313104E-04     0.227775E-04     0.244625E-04     0.241496E-04
  0.256029E-04     0.262278E-04     0.268589E-04     0.255285E-04     0.271624E-04
  0.226582E-04     0.324799E-04     0.264763E-04     0.299112E-04     0.275834E-04
  0.291484E-04     0.298767E-04     0.280545E-04     0.276528E-04     0.257386E-04
  0.269376E-04     0.238135E-04     0.314300E-04     0.277511E-04     0.285557E-04
  0.249317E-04     0.256574E-04     0.363888E-04     0.351707E-04     0.272824E-04
  0.258145E-04     0.266913E-04     0.307254E-04     0.333561E-04     0.298775E-04
  0.294047E-04     0.307478E-04     0.290629E-04     0.301288E-04     0.301877E-04
  0.308873E-04     0.319120E-04     0.295646E-04     0.225606E-04     0.313973E-04
  0.311823E-04     0.277731E-04     0.206596E-04     0.275195E-04     0.312640E-04
  0.326463E-04     0.312242E-04     0.270329E-04     0.361505E-04     0.268721E-04
  0.301262E-04     0.265043E-04     0.292771E-04     0.301849E-04     0.373095E-04
  0.354057E-04     0.511630E-04     0.369735E-04     0.286667E-04     0.264395E-04
  0.286566E-04     0.320693E-04     0.274938E-04     0.345100E-04     0.293018E-04
  0.290271E-04     0.283314E-04     0.298704E-04     0.286161E-04     0.286877E-04
  0.298287E-04     0.343696E-04     0.295330E-04     0.232706E-04     0.247800E-04
  0.289761E-04     0.281662E-04     0.254333E-04     0.271115E-04     0.284752E-04
  0.262560E-04     0.276052E-04     0.215203E-04     0.230191E-04     0.195760E-04
  0.242925E-04     0.233140E-04     0.285586E-04     0.262001E-04     0.259295E-04
  0.218417E-04     0.256463E-04     0.248688E-04     0.263873E-04     0.305433E-04
  0.255060E-04     0.297723E-04     0.283053E-04     0.371056E-04     0.315568E-04
  0.375609E-04     0.300717E-04     0.295400E-04     0.339577E-04     0.284888E-04
  0.294975E-04     0.403180E-04     0.270343E-04     0.250009E-04     0.252532E-04
  0.250499E-04     0.321823E-04     0.528158E-04     0.387886E-04     0.319855E-04
  0.292544E-04     0.458123E-04     0.366069E-04     0.333484E-04     0.483572E-04
  0.383503E-04     0.229045E-04     0.321763E-04     0.417492E-04     0.264809E-04
  0.298177E-04     0.247290E-04     0.530559E-04     0.354553E-04     0.301992E-04
  0.265309E-04     0.343613E-04     0.263705E-04     0.265590E-04     0.371427E-04
  0.251033E-04     0.196053E-04     0.426104E-04     0.436350E-04     0.274498E-04
  0.424794E-04     0.558088E-04     0.253937E-04     0.282220E-04     0.257413E-04
  0.737560E-04     0.500644E-04     0.244460E-04     0.336591E-04     0.405610E-04
  0.387500E-04     0.423403E-04     0.338561E-04     0.333988E-04     0.307201E-04
  0.366089E-04     0.286850E-04     0.302067E-04     0.337787E-04     0.354549E-04
  0.417137E-04     0.229515E-04     0.329123E-04     0.380660E-04     0.414124E-04
  0.403484E-04     0.370429E-04     0.229807E-04     0.231427E-04     0.369471E-04
  0.285506E-04     0.233784E-04     0.249333E-04     0.261102E-04     0.189940E-04
  0.442563E-04     0.508891E-04     0.613934E-04     0.457560E-04     0.299921E-04
  0.389509E-04     0.273004E-04     0.450252E-04     0.515126E-04     0.517328E-04
  0.233339E-04     0.268569E-04     0.311267E-04     0.299809E-04     0.398381E-04
  0.219060E-04     0.345247E-04     0.301830E-04     0.275893E-04     0.239258E-04
  0.264384E-04     0.329250E-04     0.383280E-04     0.278419E-04     0.483635E-04
  0.264088E-04     0.406849E-04     0.361909E-04     0.365565E-04     0.363696E-04
  0.426597E-04     0.568609E-04     0.223066E-04     0.218687E-04     0.366032E-04
  0.486719E-04     0.264304E-04     0.271181E-04     0.242744E-04     0.262060E-04
  0.260065E-04     0.219416E-04     0.255347E-04     0.310017E-04     0.348356E-04
  0.297079E-04     0.444839E-04     0.402558E-04     0.429271E-04     0.359851E-04
  0.504501E-04     0.367299E-04     0.183346E-04     0.323902E-04     0.203254E-04
  0.307013E-04     0.419642E-04     0.336098E-04     0.333114E-04     0.238704E-04
  0.858981E-04     0.486391E-04     0.119956E-03     0.162126E-03     0.891664E-04
  0.927491E-04     0.912784E-04     0.241446E-03     0.155536E-03     0.214168E-03
  0.168467E-03     0.385588E-03     0.210876E-03     0.609239E-03     0.411823E-03
  0.381753E-03     0.543313E-03     0.432616E-03     0.739780E-03     0.723763E-03
  0.815309E-03     0.113927E-02     0.126441E-02     0.119276E-02     0.112238E-02
  0.126941E-02     0.109920E-02     0.133781E-02     0.137912E-02     0.155524E-02
  0.110421E-02     0.151760E-02     0.245995E-02     0.173343E-02     0.171092E-02
  0.169747E-02     0.252734E-02     0.217671E-02     0.261336E-02     0.256900E-02
  0.197792E-02     0.238308E-02     0.248529E-02     0.297672E-02     0.558010E-02
  0.499358E-02     0.446574E-02     0.338683E-02     0.474137E-02     0.512010E-02
  0.536654E-02     0.502412E-02     0.628114E-02     0.897488E-02     0.702046E-02
  0.943320E-02     0.902230E-02     0.133563E-01
 eigen energies, in eV 
    -44.534684       -44.451657       -44.341597       -44.266892       -44.224107
    -29.229634       -29.119346       -28.989343       -28.945045       -28.941306
    -28.792214       -28.667626       -28.661465       -28.637731       -28.584646
    -28.575884       -28.566574       -28.520403       -28.507977       -28.503244
    -28.466771       -28.462892       -28.457419       -28.438822       -28.418140
    -28.371783       -28.301628       -28.262261       -28.238505       -28.233606
    -28.124394       -28.112598       -28.104780       -28.104688       -28.097463
    -28.043286       -28.038345       -28.006713       -28.003595       -27.985398
    -27.977513       -27.974354       -27.879402       -27.817171       -27.816018
    -27.717343       -27.699436       -27.683080       -27.590532       -27.575003
    -27.553561       -27.530021       -27.522836       -27.498547       -27.468512
    -27.457187       -27.433442       -27.391178       -27.360472       -27.353716
    -27.313468       -27.309154       -27.308311       -27.243309       -27.239354
    -27.234687       -27.221826       -27.199546       -27.150040       -27.127406
    -27.084838       -27.066180       -26.981663       -26.890432       -26.839371
    -26.769352       -26.753563       -26.702366       -26.699263       -26.698905
    -26.688985       -26.637463       -26.573484       -26.572333       -26.554746
    -26.551843       -26.545385       -26.508299       -26.504635       -26.465094
    -26.417153       -26.415129       -26.402209       -26.377655       -26.329345
    -26.316354       -26.273048       -26.262396       -26.257408       -26.252691
    -26.246302       -26.230987       -26.226620       -26.172607       -26.153888
    -26.148231       -26.130574       -26.126345       -26.105795       -26.089662
    -26.080275       -26.079714       -26.027876       -26.018587       -25.997189
    -25.991126       -25.871575       -25.861312       -25.842378       -25.832612
    -25.826033       -25.819856       -25.816897       -25.751453       -25.687860
    -25.678221       -25.652402       -25.624756       -25.560664       -25.560549
    -25.529812       -25.513699       -25.495812       -25.479657       -25.247461
    -24.457904       -24.347319       -24.282027       -23.880438       -23.817343
    -23.795604       -23.711423       -23.711107       -23.651454       -23.647477
    -23.572486       -23.421650       -23.373585       -23.347476       -23.315295
    -23.164353       -23.132277       -23.021269       -23.006412       -22.947434
    -22.866941       -22.836801       -22.785857       -22.759048       -22.755875
    -22.634424       -22.613485       -22.399999       -22.358755       -22.186376
    -22.181954       -22.148173       -22.070696       -22.059362       -21.960778
    -21.936826       -21.926151       -21.683356       -21.587253       -21.508895
    -21.428224       -21.351924       -21.286133       -21.261380       -21.207578
    -21.200709       -21.185444       -21.161298       -21.117158       -21.045485
    -20.975339       -20.774135       -20.696896       -20.380525       -20.221024
    -18.962339       -18.566725       -18.398865       -18.210038       -18.208605
    -16.116748       -16.053460       -16.017658       -15.912873       -15.909099
    -15.762278       -15.709515       -15.617562       -15.600846       -15.523838
    -15.460936       -15.460753       -15.423850       -15.379426       -15.376032
    -15.357985       -15.266058       -15.232553       -15.205062       -15.089329
    -15.040974       -14.999131       -14.992750       -14.908050       -14.821767
    -14.754809       -14.736028       -14.683478       -14.638721       -14.637498
    -14.582253       -14.564055       -14.455940       -14.422922       -14.411846
    -14.363916       -14.356481       -14.339040       -14.295245       -14.246334
    -13.935493       -13.854077       -13.776162       -13.732521       -13.703670
    -13.700137       -13.661538       -13.638898       -13.637023       -13.538471
    -13.520497       -13.502589       -13.456853       -13.426173       -13.413964
    -13.379505       -13.370712       -13.338701       -13.334723       -13.314893
    -13.232419       -13.174157       -13.148329       -13.136210       -13.120363
    -13.106829       -13.026789       -12.999201       -12.997219       -12.892069
    -12.550243       -12.351397       -12.316869       -12.244612       -12.196974
    -12.182263       -12.113545       -12.061983       -12.033770       -12.007779
    -11.997278       -11.968576       -11.945691       -11.937636       -11.895971
    -11.867074       -11.827922       -11.779125       -11.767519       -11.749222
    -11.739042       -11.708328       -11.692766       -11.635766       -11.546083
    -11.516390       -11.496118       -11.490066       -11.488658       -11.442771
    -11.416511       -11.401099       -11.393325       -11.388583       -11.364975
    -11.342143       -11.334689       -11.332449       -11.289198       -11.236743
    -11.164068       -11.134559       -11.062178       -11.028873       -10.978286
    -10.916798       -10.877609       -10.854595       -10.800729       -10.756465
    -10.737579       -10.664472       -10.660345       -10.640184       -10.633625
    -10.614823       -10.596499       -10.571440       -10.550977       -10.540411
    -10.526381       -10.507172       -10.500083       -10.491489       -10.490164
    -10.471022       -10.463029       -10.461713       -10.458256       -10.446418
    -10.428179       -10.411522       -10.409565       -10.377817       -10.359445
    -10.353715       -10.351571       -10.336918       -10.324303       -10.317179
    -10.303451       -10.293899       -10.284298       -10.269406       -10.266796
    -10.246580       -10.239369       -10.231802       -10.224509       -10.210633
    -10.206782       -10.188921       -10.180461       -10.170202       -10.158148
    -10.142727       -10.129358       -10.114451       -10.091636       -10.085673
    -10.067778       -10.061334       -10.054348       -10.044706       -10.020760
    -10.013791       -10.004770        -9.981393        -9.959462        -9.943267
     -9.937427        -9.929372        -9.925920        -9.910380        -9.906539
     -9.899917        -9.894634        -9.871967        -9.838452        -9.834039
     -9.818769        -9.796541        -9.773973        -9.747345        -9.732430
     -9.712939        -9.698807        -9.683313        -9.667065        -9.650839
     -9.644281        -9.639795        -9.625115        -9.603567        -9.592275
     -9.573970        -9.570167        -9.562410        -9.553193        -9.530864
     -9.502436        -9.498824        -9.489479        -9.472165        -9.451102
     -9.447789        -9.432155        -9.422419        -9.413048        -9.406398
     -9.392577        -9.374610        -9.368805        -9.352243        -9.328327
     -9.302199        -9.294251        -9.245192        -9.239793        -9.219692
     -9.202722        -9.188338        -9.182946        -9.165274        -9.158927
     -9.136200        -9.130115        -9.123445        -9.113406        -9.106683
     -9.096895        -9.067394        -9.057463        -9.050721        -9.041962
     -9.028082        -9.019293        -9.003303        -8.989557        -8.955220
     -8.952290        -8.943287        -8.937267        -8.932067        -8.918166
     -8.914197        -8.901658        -8.874470        -8.857298        -8.840845
     -8.827380        -8.816970        -8.803780        -8.777601        -8.756098
     -8.722180        -8.681247        -8.675420        -8.646993        -8.609676
     -8.586387        -8.575056        -8.549852        -8.525008        -8.514410
     -8.482779        -8.464691        -8.433977        -8.426079        -8.419395
     -8.413138        -8.403942        -8.394849        -8.378438        -8.316144
     -8.279335        -8.264034        -8.245604        -8.243664        -8.225389
     -8.217888        -8.207080        -8.189007        -8.169320        -8.149405
     -8.139781        -8.098024        -8.013863        -7.984021        -7.978138
     -7.931561        -7.898345        -7.877096        -7.864918        -7.852550
     -7.838298        -7.829695        -7.800206        -7.784146        -7.735336
     -7.730594        -7.707333        -7.684038        -7.677884        -7.654122
     -7.622800        -7.612398        -7.596016        -7.563636        -7.562062
     -7.542791        -7.522939        -7.516318        -7.479709        -7.425397
     -7.411250        -7.388735        -7.377515        -7.364836        -7.359309
     -7.347822        -7.300639        -7.290699        -7.271829        -7.254736
     -7.249997        -7.246125        -7.232899        -7.209092        -7.196676
     -7.155716        -7.142154        -7.120772        -7.118619        -7.078231
     -7.062947        -7.056806        -7.028167        -7.019304        -7.007538
     -6.996028        -6.988792        -6.979017        -6.953759        -6.948907
     -6.923419        -6.912994        -6.896352        -6.883548        -6.881780
     -6.879997        -6.871927        -6.851962        -6.846865        -6.834621
     -6.824158        -6.821658        -6.779947        -6.775513        -6.761916
     -6.741433        -6.720188        -6.717460        -6.709593        -6.703758
     -6.689948        -6.672512        -6.656112        -6.651989        -6.648865
     -6.633211        -6.626394        -6.620826        -6.605368        -6.588016
     -6.565844        -6.562235        -6.549757        -6.533685        -6.502082
     -6.494527        -6.485492        -6.479930        -6.475645        -6.468736
     -6.455319        -6.445209        -6.440888        -6.432096        -6.400321
     -6.395836        -6.373139        -6.363213        -6.352247        -6.343707
     -6.337270        -6.330638        -6.316274        -6.302045        -6.292846
     -6.287371        -6.266521        -6.250414        -6.232615        -6.225221
     -6.207343        -6.198649        -6.193031        -6.187125        -6.182019
     -6.178683        -6.150963        -6.129335        -6.124822        -6.101811
     -6.090577        -6.086368        -6.074947        -6.072489        -6.063128
     -6.057481        -6.046208        -6.041284        -6.039672        -6.026107
     -6.013974        -6.009857        -6.003520        -5.998604        -5.993977
     -5.987059        -5.975228        -5.973176        -5.961410        -5.951788
     -5.940292        -5.934256        -5.932818        -5.930847        -5.922512
     -5.913420        -5.898079        -5.894284        -5.880613        -5.874711
     -5.864316        -5.856422        -5.851072        -5.842579        -5.832428
     -5.825355        -5.818854        -5.808993        -5.803955        -5.794046
     -5.778969        -5.775490        -5.762797        -5.758712        -5.752026
     -5.746436        -5.743000        -5.737097        -5.722891        -5.720988
     -5.711107        -5.707596        -5.702096        -5.691823        -5.688021
     -5.676235        -5.669738        -5.663046        -5.656799        -5.650551
     -5.642891        -5.630950        -5.622957        -5.615209        -5.610465
     -5.608137        -5.605244        -5.600776        -5.587861        -5.584540
     -5.573001        -5.568498        -5.563137        -5.548602        -5.536584
     -5.532985        -5.522192        -5.519254        -5.517171        -5.511780
     -5.507297        -5.501794        -5.493075        -5.480982        -5.472411
     -5.466395        -5.462598        -5.455392        -5.452666        -5.447729
     -5.439327        -5.436150        -5.428152        -5.419277        -5.414353
     -5.404168        -5.400001        -5.394803        -5.386534        -5.376497
     -5.369525        -5.353683        -5.352843        -5.348302        -5.339380
     -5.330889        -5.326119        -5.320012        -5.314705        -5.309318
     -5.306992        -5.296681        -5.279387        -5.271522        -5.252237
     -5.248886        -5.244298        -5.234421        -5.224581        -5.211426
     -5.210437        -5.205132        -5.197701        -5.190379        -5.185004
     -5.181492        -5.172191        -5.169905        -5.162798        -5.157636
     -5.153743        -5.150216        -5.140203        -5.138692        -5.129738
     -5.128755        -5.126388        -5.115424        -5.110896        -5.104575
     -5.097142        -5.095152        -5.086122        -5.085531        -5.071494
     -5.069439        -5.056957        -5.050209        -5.047333        -5.042613
     -5.037051        -5.024863        -5.020187        -5.017948        -5.006717
     -5.002397        -4.999518        -4.991555        -4.989262        -4.977348
     -4.974437        -4.965715        -4.961296        -4.958180        -4.952170
     -4.949443        -4.931334        -4.908644        -4.900343        -4.898953
     -4.898212        -4.881983        -4.873250        -4.868654        -4.857754
     -4.850766        -4.846174        -4.842988        -4.836280        -4.830889
     -4.827944        -4.826545        -4.819387        -4.817913        -4.809404
     -4.799041        -4.795301        -4.766740        -4.744560        -4.740259
     -4.728129        -4.716044        -4.699867        -4.692393        -4.674758
     -4.672780        -4.648153        -4.633224        -4.614304        -4.608570
     -4.588088        -4.584525        -4.568934        -4.560164        -4.547477
     -4.538741        -4.526015        -4.512953        -4.500039        -4.472902
     -4.470446        -4.435607        -4.428724        -4.418185        -4.409279
     -4.403935        -4.373632        -4.353380        -4.340440        -4.328444
     -4.298426        -4.291055        -4.283726        -4.258478        -4.252049
     -4.219689        -4.202131        -4.187668        -4.177416        -4.156635
     -4.146426        -4.129170        -4.104429        -4.096578        -4.092135
     -4.076476        -4.070622        -4.049313        -4.046372        -4.024550
     -4.021109        -3.999672        -3.993584        -3.953915        -3.942716
     -3.929596        -3.901133        -3.895886        -3.883132        -3.861061
     -3.822630        -3.796279        -3.751817        -3.748996        -3.708410
     -3.702033        -3.700908        -3.677978        -3.666109        -3.635748
     -3.630622        -3.597669        -3.587966        -3.533823        -3.487546
     -3.471826        -3.462697        -3.434124        -3.424176        -3.404748
     -3.394349        -3.369407        -3.360022        -3.344216        -3.336785
     -3.300205        -3.287539        -3.262906        -3.240583        -3.233218
     -3.213324        -3.204373        -3.178361        -3.175804        -3.151864
     -3.145357        -3.126931        -3.118104        -3.093489        -3.066135
     -3.051954        -3.050932        -3.026380        -3.022985        -3.000282
     -2.997765        -2.970000        -2.967259        -2.952396        -2.910634
     -2.889794        -2.884455        -2.869387        -2.851746        -2.837972
     -2.826158        -2.823631        -2.808670        -2.795221        -2.763891
     -2.750810        -2.741140        -2.727298        -2.717845        -2.705638
     -2.692534        -2.687460        -2.672972        -2.664372        -2.662836
     -2.660579        -2.624429        -2.614272        -2.605231        -2.577823
     -2.537497        -2.522100        -2.494009        -2.478305        -2.432535
     -2.425514        -2.375687        -2.370925        -2.361321        -2.319861
     -2.282988        -2.268414        -2.262835        -2.261101        -2.241457
     -2.215992        -2.199475        -2.126023        -2.097295        -2.050155
     -1.974541        -1.943759        -1.920946        -1.912083        -1.619986
      2.249046         2.477344         2.508184         2.627738         2.861556
      3.023432         3.054396         3.241437         3.308225         3.341790
      3.385620         3.482970         3.501751         3.560829         3.596749
      3.621262         3.696639         3.760975         3.803913         3.855020
      3.877877         3.929758         3.993734         4.042642         4.055414
      4.071578         4.093507         4.126881         4.132715         4.185131
      4.199643         4.222787         4.228560         4.261437         4.291623
      4.299703         4.315606         4.346309         4.364270         4.381465
      4.408259         4.421957         4.452353         4.469910         4.476350
      4.513465         4.538575         4.560320         4.600240         4.623078
      4.629289         4.690973         4.694778         4.732666         4.757289
      4.775681         4.815098         4.839897
 *********************************
 total computation time (sec)=   1996.35030293465     
