 AEM_Eatom=  1.180964544489515E-003
 AEM_Egroup=  1.544399645531107E-004
 AEM_Etot=  2.146106353910089E-003
 AEM_F=  0.500093666383746     
