 AEM_Eatom=  0.145356282076127     
 AEM_Egroup=  1.391682719493864E-002
 AEM_Etot=  4.484232042597344E-003
 AEM_F=  0.673522059334290     
