 AEM_Eatom=  2.447381326539005E-002
 AEM_Egroup=  3.027119581828066E-003
 AEM_Etot=  1.923930181391801E-002
 AEM_F=  0.567172870520536     
