 AEM_Eatom=  1.653679749862299E-002
 AEM_Egroup=  1.690601034193019E-003
 AEM_Etot=  2.274556593783932E-003
 AEM_F=  0.552895365263024     
