 AEM_Eatom=  4.478436531865233E-003
 AEM_Egroup=  4.083046553661952E-004
 AEM_Etot=  3.726611087960940E-003
 AEM_F=  0.500160088288179     
