 AEM_Eatom=  9.216859171945313E-002
 AEM_Egroup=  1.549006984262989E-002
 AEM_Etot=  9.724254530660672E-003
 AEM_F=  0.675071455004440     
