 AEM_Eatom=  1.777429827697098E-002
 AEM_Egroup=  1.438010322460642E-003
 AEM_Etot=  7.259703528149052E-004
 AEM_F=  0.501466506051256     
