 AEM_Eatom=  3.131384687413923E-002
 AEM_Egroup=  4.449227512566452E-003
 AEM_Etot=  5.925915854470067E-003
 AEM_F=  0.502431171311520     
