 AEM_Eatom=  1.333311187961299E-002
 AEM_Egroup=  2.224439117852999E-003
 AEM_Etot=  8.205564398868292E-004
 AEM_F=  0.502971561573459     
