 AEM_Eatom=  1.265901900413259E-002
 AEM_Egroup=  8.133107289970969E-004
 AEM_Etot=  1.368158836370990E-003
 AEM_F=  0.516094746353795     
