 AEM_Eatom=  2.169476342701432E-002
 AEM_Egroup=  1.611408398864917E-003
 AEM_Etot=  8.517107047345467E-004
 AEM_F=  0.503104833701049     
