 AEM_Eatom=  1.962385855963649E-003
 AEM_Egroup=  3.370353921301695E-004
 AEM_Etot=  1.846566887371356E-003
 AEM_F=  0.500185244223868     
