 AEM_Eatom=  0.108814775800276     
 AEM_Egroup=  9.569018644812606E-003
 AEM_Etot=  1.079505845597936E-003
 AEM_F=  0.552987606314692     
