 AEM_Eatom=  3.239470118492761E-002
 AEM_Egroup=  2.241727782689168E-003
 AEM_Etot=  1.810532585776876E-003
 AEM_F=  0.570285945589035     
