 AEM_Eatom=  0.181474803363698     
 AEM_Egroup=  1.166839605680451E-002
 AEM_Etot=  1.013452856210317E-002
 AEM_F=   1.23776528560617     
