 AEM_Eatom=  1.128420923907056E-002
 AEM_Egroup=  1.378572100730815E-003
 AEM_Etot=  8.093937076385987E-004
 AEM_F=  0.501198794487793     
