           4           1
 PRECISION  = SINGLE     
 JOB       = SCF
 IN.PSP1   = /home/sabs/shenjie/Pseudopotential/Li.nc.pbe.UPF
 IN.PSP2   = /home/sabs/shenjie/Pseudopotential/C.nc.pbe.UPF
 IN.PSP3   = /home/sabs/shenjie/Pseudopotential/O.nc.pbe.UPF
 IN.PSP4   = /home/sabs/shenjie/Pseudopotential/N.nc.pbe.UPF
 IN.PSP5   = /home/sabs/shenjie/Pseudopotential/S.nc.pbe.UPF
 IN.PSP6   = /home/sabs/shenjie/Pseudopotential/F.nc.pbe.UPF
 IN.PSP7   = /home/sabs/shenjie/Pseudopotential/H.nc.pbe.UPF
 IN.PSP8   = /home/sabs/shenjie/Pseudopotential/P.nc.pbe.UPF
 IN.ATOM   = atom.config         
 CONVERGENCE  = EASY
 ACCURACY  = NORM
 VFF_DETAIL =   1   500  0.50000000E-02     30.00000     4.00000     0.00000     1.00000  
 EGG_DETAIL =            3           3           3
 SPIN      =   1
 CONSTRAINT_MAG =           0
 RANDOM_SEED=           0
 QIJ_DETAIL =   0  1
 SCF_MIX = CHARGE
 PWSCF_OUTPUT     =  F
 Ecut      =    60.0000000000000     
 Ecut2     =    120.000000000000     
 Ecut2L    =    120.000000000000     
 EcutP    =    60.0000000000000     
 N123      =   120   120   120
 NS123     =    40    40    40
 N123L     =   120   120   120
 STRESS_CORR =   0.100000E+01  0.000000E+00  0.200000E+01  0.000000E+00
 XCFUNCTIONAL = LDA
 HSE_DETAIL    =      1.00000000    1     0.00000000    6 1 1
 RELAX_HSE    =    20   0.50000E-01     2
 VDW       = NONE
 LONDON_S6      =   0.000000000000000E+000
 LONDON_C6(1)      =   -1.00000000000000     
 LONDON_C6(2)      =   -1.00000000000000     
 LONDON_C6(3)      =   -1.00000000000000     
 LONDON_C6(4)      =   -1.00000000000000     
 LONDON_C6(5)      =   -1.00000000000000     
 LONDON_C6(6)      =   -1.00000000000000     
 LONDON_C6(7)      =   -1.00000000000000     
 LONDON_C6(8)      =   -1.00000000000000     
 LONDON_RCUT      =   0.000000000000000E+000
 DFTD3_S6        =   0.000000000000000E+000
 DFTD3_RS6        =   0.000000000000000E+000
 DFTD3_S18        =   0.000000000000000E+000
 DFTD3_RS18        =   0.000000000000000E+000
 DFTD3_ALPHA6        =   0.000000000000000E+000
 DFTD3_VERSION        =            0
 DFTD3_3BODY        =  F
 COULOMB   =    0
 IN.WG     =  F
 OUT.WG    =  F
 IN.RHO    =  F
 OUT.RHOATOM =  F
 OUT.RHO   =  F
 IN.VR     =  F
 OUT.VR    =  F
 OUT.ELF   =  F
 IN.VEXT   =  F
 OUT.VATOM   =  F
 OUT.FORCE =  T
 OUT.STRESS =  F
 IN.KPT    =  F
 IN.SYMM   =  F
 SYMM_PREC =    0.10000E-04
 MP_N123 =      1      1      1      0      0      0      0
 NUM_KPT =            1
 CHARGE_DECOMP = F
 ENERGY_DECOMP = F 
 IN.SOLVENT =  F
 NUM_ELECTRON =   1940.00000000000     
 FIX_FERMI =   F  0.000000E+00  0.000000E+00  0.000000E+00
 IN.NONSCF    =  F
 NUM_BAND  =  1028
 OUT.REAL.RHOWF_SP= 0
 WG_ERROR  =   1.000000000000000E-004
 E_ERROR   =   5.279008887880000E-003
 RHO_ERROR =   5.000000000000000E-005
 RHO_RELATIVE_ERROR      =   0.000000000000000E+000
 FORCE_RELATIVE_ERROR     =   0.000000000000000E+000
 MIN_SCF_ITER     =            1
 SYS_TYPE   =            1
 PULAY_MIX_OPT =     30  1  0       1.00000       0.00000
 PULAY_METRIC_Q0 =       -1.00000
 IN.OCC    =  F          -1
 IN.CC    =  F
 IN.OCC_ADIA    =  F
 SCF_ITER0_1 =    6   4    3    0.0000     0.02500    1
 SCF_ITER0_2 =   94   4    3    1.0000     0.02500    1
 SCF_ITER1_1 =   40   4    3    1.0000     0.02500    1
 NONLOCAL  =  2
 IN.A_FIELD =  F       0.00000       0.00000       0.00000
 RCUT      =    4.00000000000000     
 IN.PSP_RCUT1 =   4.00000000000000     
 IN.PSP_RCUT2 =   4.00000000000000     
 IN.PSP_RCUT3 =   4.00000000000000     
 IN.PSP_RCUT4 =   4.00000000000000     
 IN.PSP_RCUT5 =   4.00000000000000     
 IN.PSP_RCUT6 =   4.00000000000000     
 IN.PSP_RCUT7 =   4.00000000000000     
 IN.PSP_RCUT8 =   4.00000000000000     
 MD_VV_SCALE =    100
 LDAU_PSP1   =           -1  2.721138638331097E-009  2.721138638331097E-009  eV
 LDAU_PSP2   =           -1  2.721138638331097E-009  2.721138638331097E-009  eV
 LDAU_PSP3   =           -1  2.721138638331097E-009  2.721138638331097E-009  eV
 LDAU_PSP4   =           -1  2.721138638331097E-009  2.721138638331097E-009  eV
 LDAU_PSP5   =           -1  2.721138638331097E-009  2.721138638331097E-009  eV
 LDAU_PSP6   =           -1  2.721138638331097E-009  2.721138638331097E-009  eV
 LDAU_PSP7   =           -1  2.721138638331097E-009  2.721138638331097E-009  eV
 LDAU_PSP8   =           -1  2.721138638331097E-009  2.721138638331097E-009  eV
 NUM_BLOCKED_PSI=  F
 WF_STORE2DISK  =            0
 NUM_DOS_GRID =         4000
 NMAP_MAX =        50000
 KERK_AMIN =   0.300000000000000     
 KERK_AMIX =   0.400000000000000     
 KERK_AMIX_MAG =   0.800000000000000     
 KERK_BMIX =   0.500000000000000     
 LDAU_MIX =   0.700000000000000     
 PULAY_WEIGHT_SPIN =    1.00000000000000     
 PULAY_WEIGHT_NS =    1.00000000000000     
 OUT.MLMD    =  F
 NUM_MPI_PER_GPU =     1
 FLAG_CYLINDER =            0
 SET_OUT_FERMI_POS =  F           0
 E_FINITE =  F   0.00000E+00   0.00000E+00   0.00000E+00
 MLINE_EIGEN =      1
 
 ------------------------------------------------
 total number of K-point:           1
   0.00000     0.00000    0.00000     1.00000            
 ------------------------------------------------
 
 
 *********************************************
 *********** end of etot.input report ********
 minimum n1,n2,n3 from Ecut2
     118.970      119.148      119.089
 minimum n1L,n2L,n3L from Ecut2L
     118.970      119.148      119.089
 *********************************************
 
 
Weighted average num_of_PW for all kpoint=                       312673.000
 ************************************
 E_Hxc(eV)         49649.9881458069     
 E_ion(eV)        -219675.769362324     
 E_Coul(eV)        77891.9676758905     
 E_Hxc+E_ion(eV)  -170025.781216518     
 NONSCF     1          AVE_STATE_ERROR= 0.5919E+01
 NONSCF     2          AVE_STATE_ERROR= 0.1625E+01
 NONSCF     3          AVE_STATE_ERROR= 0.4996E+00
 NONSCF     4          AVE_STATE_ERROR= 0.9198E-01
 NONSCF     5          AVE_STATE_ERROR= 0.1560E-01
 NONSCF     6          AVE_STATE_ERROR= 0.3139E-02
 iter=   7   ave_lin=  4.0  iCGmth=   3
 Ef(eV)               = -.1711891E+01
 err of ug            = 0.1239E-02
 dv_ave, drho_tot     = 0.0000E+00 0.1243E+00
 E_tot(eV)            = -.13305646388179E+06    -.1331E+06
 -------------------------------------------
 iter=   8   ave_lin=  4.0  iCGmth=   3
 Ef(eV)               = 0.3162734E-01
 err of ug            = 0.1100E-01
 dv_ave, drho_tot     = 0.1739E-01 0.7173E-01
 E_tot(eV)            = -.13294673185726E+06    0.1097E+03
 -------------------------------------------
 iter=   9   ave_lin=  4.0  iCGmth=   3
 Ef(eV)               = 0.6364976E+00
 err of ug            = 0.6787E-02
 dv_ave, drho_tot     = 0.1391E-01 0.3060E-01
 E_tot(eV)            = -.13291288329196E+06    0.3385E+02
 -------------------------------------------
 iter=  10   ave_lin=  4.0  iCGmth=   3
 Ef(eV)               = 0.5802969E+00
 err of ug            = 0.2046E-02
 dv_ave, drho_tot     = 0.6983E-02 0.1076E-01
 E_tot(eV)            = -.13290746540178E+06    0.5418E+01
 -------------------------------------------
 iter=  11   ave_lin=  4.0  iCGmth=   3
 Ef(eV)               = 0.5650627E+00
 err of ug            = 0.5565E-03
 dv_ave, drho_tot     = 0.3095E-02 0.5986E-02
 E_tot(eV)            = -.13290678562962E+06    0.6798E+00
 -------------------------------------------
 iter=  12   ave_lin=  4.0  iCGmth=   3
 Ef(eV)               = 0.4738662E+00
 err of ug            = 0.3065E-03
 dv_ave, drho_tot     = 0.3542E-02 0.3656E-02
 E_tot(eV)            = -.13290627055077E+06    0.5151E+00
 -------------------------------------------
 iter=  13   ave_lin=  4.0  iCGmth=   3
 Ef(eV)               = 0.2892711E+00
 err of ug            = 0.3562E-03
 dv_ave, drho_tot     = 0.4177E-02 0.2817E-02
 E_tot(eV)            = -.13290576327994E+06    0.5073E+00
 -------------------------------------------
 iter=  14   ave_lin=  4.0  iCGmth=   3
 Ef(eV)               = 0.2972354E+00
 err of ug            = 0.3263E-03
 dv_ave, drho_tot     = 0.5538E-02 0.2205E-02
 E_tot(eV)            = -.13290532440513E+06    0.4389E+00
 -------------------------------------------
 iter=  15   ave_lin=  4.0  iCGmth=   3
 Ef(eV)               = 0.7264163E+00
 err of ug            = 0.3456E-03
 dv_ave, drho_tot     = 0.6346E-02 0.1767E-02
 E_tot(eV)            = -.13290501659588E+06    0.3078E+00
 -------------------------------------------
 iter=  16   ave_lin=  4.0  iCGmth=   3
 Ef(eV)               = 0.1054878E+01
 err of ug            = 0.2546E-03
 dv_ave, drho_tot     = 0.4041E-02 0.1367E-02
 E_tot(eV)            = -.13290494255994E+06    0.7404E-01
 -------------------------------------------
 iter=  17   ave_lin=  4.0  iCGmth=   3
 Ef(eV)               = 0.1186218E+01
 err of ug            = 0.1998E-03
 dv_ave, drho_tot     = 0.3574E-02 0.1082E-02
 E_tot(eV)            = -.13290491370961E+06    0.2885E-01
 -------------------------------------------
 iter=  18   ave_lin=  4.0  iCGmth=   3
 Ef(eV)               = 0.1245531E+01
 err of ug            = 0.1322E-03
 dv_ave, drho_tot     = 0.2870E-02 0.8156E-03
 E_tot(eV)            = -.13290489867368E+06    0.1504E-01
 -------------------------------------------
 iter=  19   ave_lin=  4.0  iCGmth=   3
 Ef(eV)               = 0.1293463E+01
 err of ug            = 0.1162E-03
 dv_ave, drho_tot     = 0.2611E-02 0.6233E-03
 E_tot(eV)            = -.13290488084402E+06    0.1783E-01
 -------------------------------------------
 iter=  20   ave_lin=  4.0  iCGmth=   3
 Ef(eV)               = 0.1308665E+01
 err of ug            = 0.1027E-03
 dv_ave, drho_tot     = 0.2297E-02 0.4562E-03
 E_tot(eV)            = -.13290486776837E+06    0.1308E-01
 -------------------------------------------
 iter=  21   ave_lin=  4.0  iCGmth=   3
 Ef(eV)               = 0.1350729E+01
 err of ug            = 0.6583E-04
 dv_ave, drho_tot     = 0.9932E-03 0.3674E-03
 E_tot(eV)            = -.13290486130131E+06    0.6467E-02
 -------------------------------------------
 iter=  22   ave_lin=  4.0  iCGmth=   3
 Ef(eV)               = 0.1393086E+01
 err of ug            = 0.6146E-04
 dv_ave, drho_tot     = 0.9896E-03 0.2934E-03
 E_tot(eV)            = -.13290485589736E+06    0.5404E-02
 -------------------------------------------
 iter=  23   ave_lin=  4.0  iCGmth=   3
 Ef(eV)               = 0.1435121E+01
 err of ug            = 0.5058E-04
 dv_ave, drho_tot     = 0.8000E-03 0.2385E-03
 E_tot(eV)            = -.13290485295106E+06    0.2946E-02
 -------------------------------------------
 E_Fermi(eV)=   1.43512123826136     
 ---------------------------------------------------
 Ef(eV)               = 0.1435121E+01
 dvE, dvE(n)-dvE(n-1) = 0.6400E-06 -.3393E-06
 dv_ave, drho_tot     = 0.8000E-03 0.2385E-03
 err of ug            = 0.5058E-04
 ---------------------------------------------------
 ending_scf_reason = tol Etot_err  5.279008887880000E-003
 Ewald        = -.42429218258154E+05
 Alpha        = 0.15207970391171E+04
 E_extV       = 0.00000000000000E+00    0.0000E+00
 E_NSC        = -.21317567966647E+05    0.6877E+00
 E[-rho*V_Hxc]= -.12153017918334E+06    -.6847E+00
 E_Hxc        = 0.50851315417963E+05    0.6674E+00
 -TS          = -.16592846503400E-18    -.9738E-19
 E_tot(eV)    = -.13290485295106E+06    0.2946E-02
 E_tot(Ryd)   = -.97683266007384E+04    0.1083E-03
 ---------------------------------------------------
 ---------------------------------------------------
 occup for:      kpt=1,spin=1,m=(totN/2-2,totN/2+2)
   1.000    1.000    1.000    0.000    0.000
 eigen(eV) for:  kpt=1,spin=1,m=(totN/2-2,totN/2+2)
  -2.137   -2.035   -2.003    2.537    2.620
 ---------------------------------------------------
 ---------------------------------------------------
 E_Hart,E_xc,E_ion =0.79614983591190E+05  -.28763668173227E+05  -.22211691668471E+06
 E_Hxc+E_ion       =-.17126560126675E+06
 E_kin+E_nonloc    =0.79269169534723E+05
 E_rhoVext,E_IVext     =0.00000000000000E+00  0.00000000000000E+00
 E_psiV,E_dDrho =-.10058676524746E+06  0.00000000000000E+00
 ave(vtot):v0 =-.77042537672970E+01
 ave(V_ion_s(or p,d))=ave(V_Hatree)=0; ave(Vtot)=ave(V_xc)=v0
 ---------------------------------------------------
 *********************************
 Eigen energies are values after setting ave(Vtot)=0
 For Vtot=V_ion+V_Hartree+V_xc, and
 ave(V_ion+V_Hatree)=0, ave(V_xc).ne.0:  E=E+v0
 *********************************
iislda,kpt=   1,    1      0.000000     0.000000     0.000000             kpoint in xyz unit 
 err of each states, A.U
  0.230482E-04     0.557893E-04     0.130128E-03     0.270377E-03     0.232382E-04
  0.196895E-04     0.156166E-04     0.631631E-04     0.161629E-04     0.362049E-04
  0.143414E-04     0.152918E-04     0.169118E-04     0.138776E-04     0.232417E-04
  0.118566E-04     0.249094E-04     0.154930E-04     0.571858E-04     0.208675E-04
  0.311898E-04     0.209107E-04     0.175792E-04     0.145523E-04     0.145379E-04
  0.137873E-04     0.385255E-04     0.168654E-04     0.171539E-04     0.124279E-04
  0.413561E-04     0.317913E-04     0.376832E-04     0.557711E-04     0.190293E-04
  0.183880E-04     0.185817E-04     0.157230E-04     0.139568E-04     0.556204E-04
  0.658516E-04     0.153113E-04     0.177409E-04     0.215686E-04     0.132115E-04
  0.124745E-04     0.312741E-04     0.159258E-04     0.145697E-04     0.175356E-04
  0.139391E-04     0.146347E-04     0.179210E-04     0.141984E-04     0.253889E-04
  0.150498E-04     0.165051E-04     0.192318E-04     0.311905E-04     0.258440E-04
  0.128435E-03     0.126288E-04     0.667424E-04     0.135192E-04     0.711501E-04
  0.251526E-04     0.149780E-04     0.190280E-04     0.137763E-04     0.128039E-04
  0.158391E-04     0.154323E-04     0.120545E-04     0.146459E-04     0.190049E-04
  0.125249E-04     0.366817E-04     0.143408E-04     0.213182E-04     0.116146E-04
  0.943886E-05     0.228261E-04     0.700987E-04     0.232781E-04     0.137161E-04
  0.139881E-04     0.170274E-04     0.714169E-04     0.150468E-04     0.151241E-04
  0.121824E-04     0.117819E-04     0.130582E-04     0.109939E-04     0.279926E-04
  0.131496E-04     0.178015E-04     0.217530E-04     0.631294E-04     0.175143E-04
  0.341256E-04     0.267012E-04     0.117340E-04     0.138947E-04     0.122132E-04
  0.128180E-04     0.989006E-05     0.122334E-04     0.113004E-04     0.155582E-04
  0.123504E-04     0.171947E-04     0.139663E-04     0.979052E-04     0.941226E-04
  0.120080E-04     0.121990E-04     0.103950E-03     0.119429E-04     0.161733E-04
  0.140513E-04     0.111600E-04     0.123978E-04     0.241066E-04     0.137527E-04
  0.148178E-04     0.109553E-04     0.192107E-04     0.111762E-04     0.431775E-04
  0.341750E-04     0.462214E-04     0.258370E-04     0.214592E-04     0.482157E-04
  0.175715E-04     0.387939E-04     0.344221E-04     0.217633E-04     0.109965E-04
  0.148252E-04     0.133644E-04     0.158482E-04     0.113509E-04     0.245534E-04
  0.129361E-04     0.278734E-04     0.286411E-04     0.326210E-04     0.205488E-04
  0.280324E-04     0.277771E-04     0.124673E-04     0.123600E-04     0.521505E-04
  0.209553E-04     0.127902E-04     0.129944E-04     0.107702E-04     0.174740E-04
  0.229919E-04     0.180955E-03     0.286609E-04     0.178295E-04     0.192212E-04
  0.132829E-04     0.199293E-04     0.225232E-04     0.193568E-04     0.173516E-04
  0.485520E-04     0.118442E-04     0.126292E-04     0.168853E-04     0.367372E-04
  0.113936E-04     0.122869E-04     0.274457E-04     0.380815E-04     0.154029E-04
  0.185614E-04     0.105243E-04     0.118002E-04     0.896151E-05     0.116718E-04
  0.117798E-04     0.118726E-04     0.116852E-04     0.947740E-05     0.386888E-04
  0.161145E-04     0.117896E-04     0.258402E-04     0.186495E-04     0.104473E-04
  0.159129E-04     0.372219E-04     0.128424E-04     0.125233E-04     0.156204E-04
  0.160253E-04     0.127261E-04     0.142786E-04     0.250400E-04     0.142427E-04
  0.168424E-04     0.123552E-04     0.140012E-04     0.146967E-04     0.195180E-04
  0.156747E-04     0.171171E-04     0.208823E-04     0.114766E-04     0.209585E-04
  0.170664E-04     0.104974E-04     0.246014E-04     0.127693E-04     0.177008E-04
  0.147207E-04     0.211285E-04     0.134619E-04     0.168997E-04     0.206727E-04
  0.174241E-04     0.164369E-04     0.116308E-04     0.121850E-04     0.163818E-04
  0.184823E-04     0.166069E-04     0.213317E-04     0.950351E-05     0.160955E-04
  0.106421E-04     0.158126E-04     0.181883E-04     0.168559E-04     0.180126E-04
  0.134557E-04     0.189107E-04     0.135104E-04     0.156099E-04     0.149865E-04
  0.112943E-04     0.139839E-04     0.190663E-04     0.125355E-04     0.125541E-04
  0.134135E-04     0.139714E-04     0.209339E-04     0.188694E-04     0.144608E-04
  0.143818E-04     0.207353E-04     0.213767E-04     0.183117E-04     0.183163E-04
  0.104576E-04     0.125803E-04     0.255480E-04     0.244836E-04     0.142725E-04
  0.178884E-04     0.237131E-04     0.140046E-04     0.176596E-04     0.295238E-04
  0.143040E-04     0.186386E-04     0.170963E-04     0.146900E-04     0.185493E-04
  0.202743E-04     0.173640E-04     0.167019E-04     0.267179E-04     0.161244E-04
  0.219832E-04     0.166040E-04     0.137475E-04     0.164508E-04     0.183050E-04
  0.149282E-04     0.156126E-04     0.151685E-04     0.184086E-04     0.191465E-04
  0.137781E-04     0.198778E-04     0.248114E-04     0.171049E-04     0.245789E-04
  0.103357E-04     0.177028E-04     0.220603E-04     0.159039E-04     0.169960E-04
  0.149101E-04     0.286917E-04     0.179309E-04     0.356552E-04     0.248443E-04
  0.218851E-04     0.168393E-04     0.140169E-04     0.195483E-04     0.269014E-04
  0.169813E-04     0.274620E-04     0.215718E-04     0.208440E-04     0.228783E-04
  0.132504E-04     0.244322E-04     0.186477E-04     0.233942E-04     0.201390E-04
  0.287949E-04     0.244087E-04     0.202623E-04     0.229372E-04     0.192820E-04
  0.235490E-04     0.188232E-04     0.238137E-04     0.195940E-04     0.170684E-04
  0.225048E-04     0.255681E-04     0.171456E-04     0.245864E-04     0.233470E-04
  0.283265E-04     0.270803E-04     0.203793E-04     0.188237E-04     0.176448E-04
  0.213360E-04     0.190948E-04     0.246502E-04     0.235290E-04     0.257293E-04
  0.204516E-04     0.233361E-04     0.168241E-04     0.206790E-04     0.233360E-04
  0.234005E-04     0.204002E-04     0.234955E-04     0.234169E-04     0.161987E-04
  0.185713E-04     0.231282E-04     0.228079E-04     0.173208E-04     0.200544E-04
  0.199792E-04     0.257524E-04     0.196355E-04     0.250366E-04     0.192774E-04
  0.169470E-04     0.159362E-04     0.185826E-04     0.226070E-04     0.226973E-04
  0.237989E-04     0.243969E-04     0.213279E-04     0.301119E-04     0.211010E-04
  0.214124E-04     0.245810E-04     0.235047E-04     0.367793E-04     0.228643E-04
  0.212344E-04     0.222006E-04     0.189162E-04     0.187397E-04     0.172979E-04
  0.171003E-04     0.227630E-04     0.178968E-04     0.233783E-04     0.274190E-04
  0.260722E-04     0.234673E-04     0.260875E-04     0.177480E-04     0.244637E-04
  0.244678E-04     0.236724E-04     0.237301E-04     0.168179E-04     0.259342E-04
  0.262610E-04     0.246813E-04     0.245275E-04     0.425257E-04     0.236657E-04
  0.200330E-04     0.251287E-04     0.230488E-04     0.206552E-04     0.264293E-04
  0.294310E-04     0.231301E-04     0.264866E-04     0.272534E-04     0.290934E-04
  0.400363E-04     0.218636E-04     0.236454E-04     0.228477E-04     0.226588E-04
  0.255257E-04     0.244256E-04     0.260277E-04     0.400640E-04     0.169649E-04
  0.200708E-04     0.305350E-04     0.287505E-04     0.239451E-04     0.212050E-04
  0.227184E-04     0.363036E-04     0.384675E-04     0.260525E-04     0.245172E-04
  0.241879E-04     0.188850E-04     0.236435E-04     0.251892E-04     0.318880E-04
  0.298772E-04     0.294647E-04     0.279274E-04     0.278005E-04     0.315303E-04
  0.205511E-04     0.214831E-04     0.298911E-04     0.224059E-04     0.259227E-04
  0.284032E-04     0.258532E-04     0.276574E-04     0.248636E-04     0.375516E-04
  0.250917E-04     0.202985E-04     0.250090E-04     0.211189E-04     0.260187E-04
  0.422317E-04     0.265628E-04     0.225203E-04     0.196365E-04     0.235029E-04
  0.296149E-04     0.276172E-04     0.273627E-04     0.342951E-04     0.251753E-04
  0.291944E-04     0.297692E-04     0.285941E-04     0.229317E-04     0.182491E-04
  0.233544E-04     0.312556E-04     0.169902E-04     0.288943E-04     0.249479E-04
  0.203035E-04     0.264948E-04     0.292178E-04     0.248914E-04     0.381200E-04
  0.214197E-04     0.223619E-04     0.162041E-04     0.206518E-04     0.161627E-04
  0.181606E-04     0.204351E-04     0.367155E-04     0.232853E-04     0.239079E-04
  0.190501E-04     0.203266E-04     0.183928E-04     0.165871E-04     0.179409E-04
  0.241681E-04     0.243439E-04     0.194026E-04     0.215946E-04     0.161547E-04
  0.225282E-04     0.184579E-04     0.168931E-04     0.291489E-04     0.202126E-04
  0.194668E-04     0.208414E-04     0.191736E-04     0.297282E-04     0.285840E-04
  0.190754E-04     0.193378E-04     0.229436E-04     0.241561E-04     0.243019E-04
  0.212780E-04     0.238340E-04     0.244140E-04     0.222069E-04     0.240855E-04
  0.265780E-04     0.223397E-04     0.170831E-04     0.206188E-04     0.161009E-04
  0.215815E-04     0.269266E-04     0.214283E-04     0.189452E-04     0.215824E-04
  0.205918E-04     0.264721E-04     0.281096E-04     0.329351E-04     0.200439E-04
  0.307034E-04     0.163459E-04     0.290425E-04     0.149530E-04     0.202894E-04
  0.151951E-04     0.185282E-04     0.204592E-04     0.212517E-04     0.165130E-04
  0.169165E-04     0.225554E-04     0.159230E-04     0.158733E-04     0.170976E-04
  0.274960E-04     0.234296E-04     0.270278E-04     0.204445E-04     0.215740E-04
  0.237460E-04     0.191299E-04     0.206392E-04     0.230339E-04     0.228689E-04
  0.177436E-04     0.234693E-04     0.298269E-04     0.201229E-04     0.220472E-04
  0.243207E-04     0.178615E-04     0.199611E-04     0.174451E-04     0.197823E-04
  0.183276E-04     0.168352E-04     0.220813E-04     0.227174E-04     0.252367E-04
  0.217224E-04     0.218070E-04     0.173019E-04     0.177373E-04     0.176433E-04
  0.201353E-04     0.209001E-04     0.228864E-04     0.166621E-04     0.220933E-04
  0.238324E-04     0.201463E-04     0.224133E-04     0.243442E-04     0.181758E-04
  0.220314E-04     0.221563E-04     0.221843E-04     0.240036E-04     0.204254E-04
  0.250728E-04     0.187234E-04     0.268216E-04     0.190994E-04     0.199244E-04
  0.212783E-04     0.205860E-04     0.260373E-04     0.172938E-04     0.203367E-04
  0.175522E-04     0.204576E-04     0.211597E-04     0.227257E-04     0.195900E-04
  0.254753E-04     0.209874E-04     0.184116E-04     0.182260E-04     0.274064E-04
  0.194049E-04     0.177377E-04     0.177568E-04     0.179769E-04     0.233109E-04
  0.285939E-04     0.180525E-04     0.183113E-04     0.195593E-04     0.225151E-04
  0.199729E-04     0.166523E-04     0.254232E-04     0.240286E-04     0.272196E-04
  0.194957E-04     0.193200E-04     0.269925E-04     0.228243E-04     0.189473E-04
  0.263522E-04     0.204077E-04     0.228823E-04     0.225823E-04     0.221669E-04
  0.207363E-04     0.195662E-04     0.224890E-04     0.178282E-04     0.238010E-04
  0.244918E-04     0.229112E-04     0.233895E-04     0.261712E-04     0.232645E-04
  0.212534E-04     0.274735E-04     0.244920E-04     0.261706E-04     0.208961E-04
  0.269552E-04     0.216067E-04     0.216045E-04     0.248588E-04     0.232306E-04
  0.235361E-04     0.231738E-04     0.204536E-04     0.266819E-04     0.255033E-04
  0.234860E-04     0.253959E-04     0.287417E-04     0.234426E-04     0.236855E-04
  0.207873E-04     0.209938E-04     0.276110E-04     0.364914E-04     0.265353E-04
  0.240565E-04     0.264407E-04     0.313628E-04     0.272053E-04     0.287551E-04
  0.241154E-04     0.236978E-04     0.229344E-04     0.248855E-04     0.257186E-04
  0.266740E-04     0.243857E-04     0.213880E-04     0.265878E-04     0.253164E-04
  0.254660E-04     0.229235E-04     0.216558E-04     0.231932E-04     0.275215E-04
  0.214676E-04     0.225124E-04     0.253643E-04     0.251426E-04     0.269660E-04
  0.246372E-04     0.256076E-04     0.253753E-04     0.252234E-04     0.233577E-04
  0.301621E-04     0.191982E-04     0.223911E-04     0.235460E-04     0.254849E-04
  0.256969E-04     0.284373E-04     0.275116E-04     0.276479E-04     0.266666E-04
  0.211219E-04     0.284630E-04     0.225623E-04     0.299354E-04     0.236661E-04
  0.268175E-04     0.243559E-04     0.232329E-04     0.235273E-04     0.253278E-04
  0.243152E-04     0.253624E-04     0.255086E-04     0.276071E-04     0.249425E-04
  0.295147E-04     0.242987E-04     0.248807E-04     0.259277E-04     0.187787E-04
  0.310024E-04     0.260203E-04     0.283121E-04     0.247726E-04     0.230237E-04
  0.255300E-04     0.266246E-04     0.319093E-04     0.267257E-04     0.301150E-04
  0.240939E-04     0.302372E-04     0.266697E-04     0.277626E-04     0.242779E-04
  0.238216E-04     0.308164E-04     0.211780E-04     0.297729E-04     0.242861E-04
  0.271570E-04     0.270750E-04     0.270733E-04     0.329761E-04     0.298086E-04
  0.263794E-04     0.307632E-04     0.272634E-04     0.259672E-04     0.284190E-04
  0.258704E-04     0.258687E-04     0.257030E-04     0.262904E-04     0.258826E-04
  0.254372E-04     0.232143E-04     0.289171E-04     0.238603E-04     0.276938E-04
  0.295853E-04     0.279759E-04     0.248418E-04     0.250290E-04     0.266793E-04
  0.254059E-04     0.299172E-04     0.245153E-04     0.319924E-04     0.259708E-04
  0.268420E-04     0.251356E-04     0.264389E-04     0.284447E-04     0.301799E-04
  0.294357E-04     0.291151E-04     0.313515E-04     0.305787E-04     0.272613E-04
  0.290066E-04     0.289412E-04     0.280938E-04     0.251325E-04     0.271299E-04
  0.232671E-04     0.251580E-04     0.257801E-04     0.362048E-04     0.293030E-04
  0.330426E-04     0.281997E-04     0.294449E-04     0.260358E-04     0.249745E-04
  0.278960E-04     0.274711E-04     0.242089E-04     0.252356E-04     0.250150E-04
  0.263086E-04     0.249672E-04     0.269658E-04     0.348475E-04     0.252961E-04
  0.276144E-04     0.300899E-04     0.278216E-04     0.410503E-04     0.267969E-04
  0.288929E-04     0.310530E-04     0.328011E-04     0.315625E-04     0.360462E-04
  0.346502E-04     0.358723E-04     0.339330E-04     0.276528E-04     0.331542E-04
  0.273961E-04     0.309288E-04     0.362794E-04     0.317481E-04     0.403199E-04
  0.383558E-04     0.293225E-04     0.268142E-04     0.263431E-04     0.272315E-04
  0.428870E-04     0.427728E-04     0.380117E-04     0.289277E-04     0.591128E-04
  0.438325E-04     0.556511E-04     0.325933E-04     0.371991E-04     0.334073E-04
  0.407291E-04     0.403810E-04     0.313701E-04     0.314241E-04     0.537207E-04
  0.329224E-04     0.290271E-04     0.254873E-04     0.380716E-04     0.360549E-04
  0.237429E-04     0.289285E-04     0.312341E-04     0.361022E-04     0.406939E-04
  0.383188E-04     0.520806E-04     0.356795E-04     0.334643E-04     0.420833E-04
  0.413634E-04     0.394580E-04     0.337360E-04     0.717085E-04     0.380533E-04
  0.500796E-04     0.302642E-04     0.237337E-04     0.379340E-04     0.419266E-04
  0.364213E-04     0.309880E-04     0.388339E-04     0.367772E-04     0.360129E-04
  0.337130E-04     0.300406E-04     0.280788E-04     0.318047E-04     0.311716E-04
  0.344538E-04     0.258167E-04     0.287180E-04     0.290848E-04     0.301116E-04
  0.358286E-04     0.283850E-04     0.359096E-04     0.359485E-04     0.295422E-04
  0.333954E-04     0.384858E-04     0.263390E-04     0.276705E-04     0.275832E-04
  0.304855E-04     0.433535E-04     0.396852E-04     0.410542E-04     0.395719E-04
  0.365761E-04     0.354459E-04     0.293613E-04     0.342573E-04     0.300596E-04
  0.812308E-04     0.246741E-04     0.547337E-04     0.267285E-04     0.215626E-04
  0.398051E-04     0.290246E-04     0.337079E-04     0.291269E-04     0.369342E-04
  0.221219E-04     0.222224E-04     0.257861E-04     0.283193E-04     0.394359E-04
  0.322622E-04     0.365180E-04     0.458746E-04     0.229488E-04     0.326176E-04
  0.386755E-04     0.284779E-04     0.352065E-04     0.270047E-04     0.395633E-04
  0.367435E-04     0.231217E-04     0.631953E-04     0.649745E-04     0.517910E-04
  0.315103E-04     0.305224E-04     0.320889E-04     0.394685E-04     0.346180E-04
  0.225971E-04     0.258230E-04     0.598778E-04     0.438177E-04     0.208103E-04
  0.389862E-04     0.420062E-04     0.362537E-04     0.293435E-04     0.243096E-04
  0.130002E-03     0.866832E-04     0.145337E-03     0.107540E-03     0.739629E-04
  0.105784E-03     0.103215E-03     0.956048E-04     0.919841E-04     0.139350E-03
  0.155232E-03     0.206706E-03     0.234226E-03     0.331341E-03     0.664796E-03
  0.705455E-03     0.826049E-03     0.485219E-03     0.645113E-03     0.108538E-02
  0.579776E-03     0.103549E-02     0.130496E-02     0.134805E-02     0.106091E-02
  0.234949E-02     0.876905E-03     0.167468E-02     0.175622E-02     0.242347E-02
  0.130006E-02     0.193493E-02     0.259996E-02     0.218942E-02     0.356504E-02
  0.205529E-02     0.337594E-02     0.303420E-02     0.683960E-02     0.279752E-02
  0.352377E-02     0.440886E-02     0.486045E-02     0.562953E-02     0.468155E-02
  0.386698E-02     0.662940E-02     0.664184E-02     0.785924E-02     0.702388E-02
  0.815989E-02     0.893358E-02     0.872632E-02     0.789217E-02     0.815575E-02
  0.108461E-01     0.130255E-01     0.155109E-01
 eigen energies, in eV 
    -44.439229       -44.239053       -44.200773       -44.114921       -43.989393
    -28.449916       -28.325182       -28.322700       -28.272938       -28.227765
    -28.182356       -28.168701       -28.152206       -28.133067       -28.037768
    -27.972329       -27.965899       -27.899857       -27.887755       -27.880896
    -27.798003       -27.797727       -27.788633       -27.782770       -27.766906
    -27.743641       -27.743142       -27.697296       -27.684331       -27.662430
    -27.622788       -27.587215       -27.556913       -27.550714       -27.528490
    -27.497322       -27.467737       -27.420190       -27.393044       -27.345134
    -27.338841       -27.309712       -27.287007       -27.255892       -27.194120
    -27.165523       -27.150960       -27.130204       -27.098819       -27.081411
    -27.074528       -26.977623       -26.960078       -26.957302       -26.932323
    -26.929314       -26.904931       -26.872494       -26.844787       -26.779209
    -26.767353       -26.709257       -26.637903       -26.637779       -26.604661
    -26.566372       -26.510006       -26.498809       -26.480819       -26.422935
    -26.396391       -26.374731       -26.324598       -26.307941       -26.296748
    -26.272130       -26.237031       -26.201042       -26.165402       -26.146993
    -26.118833       -26.116131       -26.079211       -26.037062       -26.014863
    -25.954446       -25.946833       -25.941855       -25.932175       -25.889155
    -25.887139       -25.880502       -25.880286       -25.877343       -25.864963
    -25.827004       -25.794057       -25.764121       -25.754819       -25.711576
    -25.696651       -25.669994       -25.668410       -25.661851       -25.644875
    -25.635068       -25.590544       -25.587043       -25.586301       -25.582382
    -25.518410       -25.515947       -25.513243       -25.501612       -25.498689
    -25.491615       -25.474981       -25.405583       -25.385496       -25.352792
    -25.322047       -25.294690       -25.275506       -25.268003       -25.255789
    -25.241529       -25.231876       -25.211753       -25.196336       -25.187283
    -25.059964       -25.025703       -25.003250       -24.925060       -24.476152
    -24.018499       -23.848777       -23.815455       -23.777276       -23.716887
    -23.610839       -23.608569       -23.561779       -23.520529       -23.486600
    -23.429502       -23.401327       -23.353476       -23.345986       -23.328606
    -23.305287       -23.258017       -23.238983       -23.233999       -23.138387
    -23.137781       -23.084369       -23.082336       -23.044576       -23.034846
    -23.022125       -23.014566       -22.981881       -22.922824       -22.916752
    -22.782441       -22.746653       -22.648139       -22.635572       -22.244917
    -21.818645       -21.635228       -21.592517       -21.551165       -21.551052
    -21.518929       -21.349890       -21.326144       -21.304308       -21.265205
    -21.197092       -21.167834       -21.122485       -21.100595       -21.041987
    -21.003223       -20.977256       -20.830156       -20.823492       -20.695092
    -18.779855       -18.525997       -18.508586       -18.401267       -18.293595
    -16.102930       -16.061445       -15.976160       -15.957068       -15.939988
    -15.905863       -15.904465       -15.887649       -15.873427       -15.819083
    -15.815791       -15.763878       -15.450715       -15.417765       -15.402384
    -15.071777       -15.056971       -14.965986       -14.946189       -14.915177
    -14.840827       -14.784153       -14.773906       -14.715814       -14.711310
    -14.659073       -14.634300       -14.609441       -14.586966       -14.510806
    -14.499419       -14.497600       -14.491380       -14.424631       -14.418246
    -14.409181       -14.310514       -14.287237       -14.014462       -13.968255
    -13.920798       -13.872616       -13.695250       -13.575409       -13.569007
    -13.555996       -13.535619       -13.486685       -13.467322       -13.425430
    -13.418513       -13.407587       -13.389565       -13.333479       -13.328794
    -13.312525       -13.312192       -13.285521       -13.267803       -13.261284
    -13.239190       -13.205863       -13.191850       -13.170560       -13.129799
    -13.066870       -13.061904       -12.995656       -12.897853       -12.807437
    -12.202159       -12.191603       -12.183038       -12.129011       -12.076586
    -12.069776       -12.054060       -12.023932       -11.965452       -11.914011
    -11.878626       -11.833972       -11.830923       -11.819328       -11.732361
    -11.716722       -11.631497       -11.630990       -11.593983       -11.524406
    -11.504148       -11.461772       -11.393830       -11.371065       -11.311783
    -11.278691       -11.271918       -11.262616       -11.251804       -11.232131
    -11.199895       -11.134665       -11.132809       -11.095823       -11.065322
    -11.035686       -10.973278       -10.953018       -10.946506       -10.927555
    -10.898019       -10.816452       -10.778913       -10.672722       -10.595036
    -10.553147       -10.534484       -10.503251       -10.489355       -10.459043
    -10.456722       -10.449736       -10.383059       -10.369883       -10.363436
    -10.346968       -10.339789       -10.331614       -10.322403       -10.318320
    -10.301371       -10.296885       -10.285611       -10.281027       -10.241584
    -10.235985       -10.188015       -10.186427       -10.176922       -10.173809
    -10.165331       -10.123593       -10.112474       -10.104547       -10.097565
    -10.088691       -10.086435       -10.070934       -10.065835       -10.049972
    -10.046148       -10.041263       -10.030614       -10.022574        -9.984767
     -9.962977        -9.962083        -9.939350        -9.936983        -9.917991
     -9.914688        -9.906113        -9.888797        -9.872643        -9.862279
     -9.851668        -9.840583        -9.833798        -9.823207        -9.796387
     -9.791730        -9.782326        -9.769904        -9.758627        -9.737091
     -9.725219        -9.707693        -9.691612        -9.690384        -9.672619
     -9.670849        -9.653238        -9.648048        -9.626595        -9.612025
     -9.607798        -9.593202        -9.586406        -9.566684        -9.538336
     -9.533368        -9.520906        -9.504297        -9.491531        -9.488824
     -9.464732        -9.458703        -9.455459        -9.452610        -9.449693
     -9.447216        -9.437686        -9.435400        -9.397171        -9.377749
     -9.368603        -9.363452        -9.346449        -9.338221        -9.335908
     -9.314624        -9.307159        -9.264482        -9.258017        -9.237685
     -9.232216        -9.213179        -9.203786        -9.196265        -9.151780
     -9.144582        -9.116271        -9.108803        -9.096041        -9.090465
     -9.083662        -9.076570        -9.059171        -9.033255        -9.027252
     -9.015992        -9.000629        -8.986571        -8.974728        -8.956739
     -8.930119        -8.926641        -8.918276        -8.907234        -8.903722
     -8.891523        -8.886531        -8.870657        -8.865606        -8.825151
     -8.816866        -8.809249        -8.802599        -8.783371        -8.775127
     -8.755773        -8.744902        -8.724667        -8.709290        -8.694066
     -8.670953        -8.649596        -8.642598        -8.610357        -8.599295
     -8.582599        -8.573083        -8.564366        -8.549388        -8.530112
     -8.516227        -8.509458        -8.489051        -8.476934        -8.472337
     -8.463866        -8.452146        -8.417726        -8.401799        -8.391940
     -8.376355        -8.363100        -8.338734        -8.327856        -8.280763
     -8.262729        -8.243039        -8.209342        -8.200105        -8.195276
     -8.182897        -8.148290        -8.079581        -8.072954        -8.065861
     -8.017773        -8.013046        -7.983289        -7.970994        -7.943677
     -7.917443        -7.908308        -7.892712        -7.881762        -7.840623
     -7.833292        -7.813076        -7.807618        -7.775237        -7.766366
     -7.710438        -7.704217        -7.678557        -7.657104        -7.636674
     -7.628269        -7.614577        -7.589035        -7.523321        -7.511873
     -7.503188        -7.489113        -7.472088        -7.451648        -7.410947
     -7.400888        -7.388617        -7.359539        -7.352385        -7.341577
     -7.324561        -7.291360        -7.263231        -7.254831        -7.247128
     -7.244085        -7.227500        -7.211812        -7.203521        -7.157451
     -7.144768        -7.097406        -7.075180        -7.058602        -7.023985
     -7.021453        -6.978843        -6.976304        -6.957340        -6.905335
     -6.901418        -6.888832        -6.870559        -6.848614        -6.828266
     -6.794522        -6.787963        -6.761211        -6.748629        -6.741091
     -6.723864        -6.710964        -6.700926        -6.639597        -6.626339
     -6.614073        -6.600993        -6.599182        -6.577320        -6.572863
     -6.559455        -6.539150        -6.528321        -6.524020        -6.510230
     -6.494092        -6.485065        -6.465008        -6.442602        -6.440338
     -6.433876        -6.418573        -6.412145        -6.404332        -6.399225
     -6.393426        -6.381026        -6.378904        -6.355557        -6.347691
     -6.320323        -6.311881        -6.298134        -6.286345        -6.274280
     -6.257668        -6.254407        -6.249217        -6.236086        -6.227724
     -6.214613        -6.207415        -6.190781        -6.187301        -6.184396
     -6.172594        -6.168040        -6.162748        -6.155127        -6.149300
     -6.140954        -6.129716        -6.125418        -6.111738        -6.094967
     -6.080338        -6.065482        -6.059909        -6.052636        -6.049022
     -6.040147        -6.036339        -6.034356        -6.020134        -6.008874
     -6.001443        -5.992499        -5.988143        -5.983919        -5.975427
     -5.972597        -5.955259        -5.941006        -5.923092        -5.912535
     -5.905761        -5.880830        -5.872893        -5.863361        -5.859604
     -5.852218        -5.847697        -5.838245        -5.829811        -5.818320
     -5.802142        -5.800020        -5.790126        -5.785021        -5.783446
     -5.775294        -5.770926        -5.756395        -5.748790        -5.746617
     -5.742461        -5.732627        -5.728275        -5.716336        -5.707986
     -5.701276        -5.697033        -5.692077        -5.687041        -5.678394
     -5.665977        -5.655575        -5.651555        -5.648619        -5.647090
     -5.633806        -5.630111        -5.628163        -5.624534        -5.620060
     -5.611015        -5.603614        -5.594330        -5.591779        -5.585304
     -5.583076        -5.570758        -5.569093        -5.558813        -5.552337
     -5.551532        -5.543645        -5.528969        -5.517419        -5.507755
     -5.500405        -5.500078        -5.487307        -5.478551        -5.473739
     -5.465747        -5.453882        -5.453754        -5.448365        -5.445700
     -5.440542        -5.434038        -5.431674        -5.417117        -5.411338
     -5.394725        -5.390311        -5.385029        -5.372978        -5.366646
     -5.363677        -5.359091        -5.351570        -5.348572        -5.335524
     -5.325769        -5.323095        -5.314203        -5.309040        -5.307922
     -5.304143        -5.292962        -5.282821        -5.282516        -5.276131
     -5.271712        -5.269137        -5.262135        -5.260237        -5.254087
     -5.246681        -5.245207        -5.240835        -5.232715        -5.226602
     -5.224453        -5.214830        -5.208131        -5.204526        -5.197641
     -5.168284        -5.162888        -5.156942        -5.156415        -5.137760
     -5.136831        -5.135090        -5.127200        -5.124104        -5.115505
     -5.104407        -5.097975        -5.094056        -5.090980        -5.086002
     -5.083588        -5.080551        -5.076465        -5.063102        -5.055115
     -5.050887        -5.039791        -5.038275        -5.027571        -5.017797
     -5.010537        -5.009043        -5.005753        -4.999215        -4.993308
     -4.991453        -4.987083        -4.983301        -4.980177        -4.974674
     -4.973176        -4.964972        -4.958029        -4.951808        -4.948025
     -4.942536        -4.941600        -4.933873        -4.927725        -4.918673
     -4.912512        -4.910061        -4.907064        -4.901480        -4.899175
     -4.888237        -4.880521        -4.874536        -4.866410        -4.863136
     -4.856666        -4.845687        -4.837841        -4.826622        -4.815701
     -4.806254        -4.798541        -4.789545        -4.787560        -4.785070
     -4.777551        -4.772219        -4.759192        -4.752937        -4.749774
     -4.738743        -4.733400        -4.730710        -4.719455        -4.714604
     -4.701436        -4.693898        -4.683329        -4.676870        -4.674150
     -4.667792        -4.663864        -4.658945        -4.644793        -4.643702
     -4.636741        -4.630511        -4.621354        -4.619563        -4.617477
     -4.600300        -4.598537        -4.588396        -4.568690        -4.560472
     -4.554832        -4.540802        -4.530161        -4.519007        -4.506982
     -4.490274        -4.468080        -4.457615        -4.444271        -4.438869
     -4.425342        -4.418941        -4.413307        -4.409913        -4.403036
     -4.396511        -4.387451        -4.382240        -4.369674        -4.359914
     -4.330943        -4.318401        -4.314231        -4.297906        -4.267836
     -4.229223        -4.212366        -4.207562        -4.195523        -4.174811
     -4.167780        -4.148095        -4.140961        -4.119872        -4.112551
     -4.097963        -4.084295        -4.042625        -4.019986        -4.012410
     -3.959110        -3.950214        -3.943248        -3.939729        -3.930044
     -3.910864        -3.877329        -3.865412        -3.854224        -3.845634
     -3.839034        -3.817238        -3.801922        -3.787126        -3.778436
     -3.770488        -3.758121        -3.746684        -3.730697        -3.719353
     -3.713893        -3.697439        -3.667755        -3.658758        -3.648934
     -3.633185        -3.626177        -3.621310        -3.615424        -3.601489
     -3.578037        -3.545656        -3.526643        -3.516556        -3.508198
     -3.501537        -3.485939        -3.450851        -3.445873        -3.429536
     -3.422682        -3.415024        -3.411177        -3.397214        -3.385887
     -3.378574        -3.363969        -3.342193        -3.333300        -3.327587
     -3.299583        -3.282737        -3.255232        -3.253199        -3.249616
     -3.240962        -3.221656        -3.219416        -3.214876        -3.202601
     -3.162431        -3.136644        -3.099728        -3.090598        -3.081860
     -3.012108        -3.004976        -2.994976        -2.980824        -2.960304
     -2.860789        -2.858585        -2.834510        -2.829095        -2.812180
     -2.796982        -2.786540        -2.784607        -2.777997        -2.748461
     -2.692028        -2.660471        -2.658703        -2.619168        -2.589819
     -2.568774        -2.534369        -2.527363        -2.524867        -2.509755
     -2.472814        -2.418666        -2.415991        -2.406036        -2.390373
     -2.387437        -2.290333        -2.274673        -2.226849        -2.203319
     -2.159205        -2.140573        -2.136881        -2.035445        -2.002692
      2.536929         2.620318         2.695946         2.842429         2.884167
      2.905112         2.931785         2.939467         2.968680         3.028382
      3.146423         3.158396         3.233789         3.279541         3.349011
      3.399028         3.475701         3.477897         3.520618         3.535496
      3.563899         3.608199         3.622786         3.655442         3.711523
      3.736700         3.757093         3.773992         3.795567         3.805906
      3.832363         3.847484         3.894314         3.907420         3.948765
      3.957901         3.978908         3.999967         4.023864         4.039484
      4.055762         4.107537         4.120089         4.135203         4.155521
      4.175457         4.187281         4.194875         4.221671         4.249898
      4.270155         4.282686         4.370090         4.396676         4.419500
      4.440679         4.462557         4.545450
 *********************************
 total computation time (sec)=   1996.86759018898     
