 AEM_Eatom=  0.105208327792526     
 AEM_Egroup=  4.683290243775054E-003
 AEM_Etot=  1.219301262699766E-003
 AEM_F=  0.503174117978490     
