 AEM_Eatom=  1.056784980454010E-002
 AEM_Egroup=  1.685975784062998E-003
 AEM_Etot=  4.237256183029189E-004
 AEM_F=  0.500799663594161     
