           4           1
 PRECISION  = SINGLE     
 JOB       = SCF
 IN.PSP1   = /home/sabs/shenjie/Pseudopotential/Li.nc.pbe.UPF
 IN.PSP2   = /home/sabs/shenjie/Pseudopotential/C.nc.pbe.UPF
 IN.PSP3   = /home/sabs/shenjie/Pseudopotential/O.nc.pbe.UPF
 IN.PSP4   = /home/sabs/shenjie/Pseudopotential/N.nc.pbe.UPF
 IN.PSP5   = /home/sabs/shenjie/Pseudopotential/S.nc.pbe.UPF
 IN.PSP6   = /home/sabs/shenjie/Pseudopotential/F.nc.pbe.UPF
 IN.PSP7   = /home/sabs/shenjie/Pseudopotential/H.nc.pbe.UPF
 IN.PSP8   = /home/sabs/shenjie/Pseudopotential/P.nc.pbe.UPF
 IN.ATOM   = atom.config         
 CONVERGENCE  = EASY
 ACCURACY  = NORM
 VFF_DETAIL =   1   500  0.50000000E-02     30.00000     4.00000     0.00000     1.00000  
 EGG_DETAIL =            3           3           3
 SPIN      =   1
 CONSTRAINT_MAG =           0
 RANDOM_SEED=           0
 QIJ_DETAIL =   0  1
 SCF_MIX = CHARGE
 PWSCF_OUTPUT     =  F
 Ecut      =    60.0000000000000     
 Ecut2     =    120.000000000000     
 Ecut2L    =    120.000000000000     
 EcutP    =    60.0000000000000     
 N123      =   120   120   120
 NS123     =    40    40    40
 N123L     =   120   120   120
 STRESS_CORR =   0.100000E+01  0.000000E+00  0.200000E+01  0.000000E+00
 XCFUNCTIONAL = LDA
 HSE_DETAIL    =      1.00000000    1     0.00000000    6 1 1
 RELAX_HSE    =    20   0.50000E-01     2
 VDW       = NONE
 LONDON_S6      =   0.000000000000000E+000
 LONDON_C6(1)      =   -1.00000000000000     
 LONDON_C6(2)      =   -1.00000000000000     
 LONDON_C6(3)      =   -1.00000000000000     
 LONDON_C6(4)      =   -1.00000000000000     
 LONDON_C6(5)      =   -1.00000000000000     
 LONDON_C6(6)      =   -1.00000000000000     
 LONDON_C6(7)      =   -1.00000000000000     
 LONDON_C6(8)      =   -1.00000000000000     
 LONDON_RCUT      =   0.000000000000000E+000
 DFTD3_S6        =   0.000000000000000E+000
 DFTD3_RS6        =   0.000000000000000E+000
 DFTD3_S18        =   0.000000000000000E+000
 DFTD3_RS18        =   0.000000000000000E+000
 DFTD3_ALPHA6        =   0.000000000000000E+000
 DFTD3_VERSION        =            0
 DFTD3_3BODY        =  F
 COULOMB   =    0
 IN.WG     =  F
 OUT.WG    =  F
 IN.RHO    =  F
 OUT.RHOATOM =  F
 OUT.RHO   =  F
 IN.VR     =  F
 OUT.VR    =  F
 OUT.ELF   =  F
 IN.VEXT   =  F
 OUT.VATOM   =  F
 OUT.FORCE =  T
 OUT.STRESS =  F
 IN.KPT    =  F
 IN.SYMM   =  F
 SYMM_PREC =    0.10000E-04
 MP_N123 =      1      1      1      0      0      0      0
 NUM_KPT =            1
 CHARGE_DECOMP = F
 ENERGY_DECOMP = F 
 IN.SOLVENT =  F
 NUM_ELECTRON =   1940.00000000000     
 FIX_FERMI =   F  0.000000E+00  0.000000E+00  0.000000E+00
 IN.NONSCF    =  F
 NUM_BAND  =  1028
 OUT.REAL.RHOWF_SP= 0
 WG_ERROR  =   1.000000000000000E-004
 E_ERROR   =   5.279008887880000E-003
 RHO_ERROR =   5.000000000000000E-005
 RHO_RELATIVE_ERROR      =   0.000000000000000E+000
 FORCE_RELATIVE_ERROR     =   0.000000000000000E+000
 MIN_SCF_ITER     =            1
 SYS_TYPE   =            1
 PULAY_MIX_OPT =     30  1  0       1.00000       0.00000
 PULAY_METRIC_Q0 =       -1.00000
 IN.OCC    =  F          -1
 IN.CC    =  F
 IN.OCC_ADIA    =  F
 SCF_ITER0_1 =    6   4    3    0.0000     0.02500    1
 SCF_ITER0_2 =   94   4    3    1.0000     0.02500    1
 SCF_ITER1_1 =   40   4    3    1.0000     0.02500    1
 NONLOCAL  =  2
 IN.A_FIELD =  F       0.00000       0.00000       0.00000
 RCUT      =    4.00000000000000     
 IN.PSP_RCUT1 =   4.00000000000000     
 IN.PSP_RCUT2 =   4.00000000000000     
 IN.PSP_RCUT3 =   4.00000000000000     
 IN.PSP_RCUT4 =   4.00000000000000     
 IN.PSP_RCUT5 =   4.00000000000000     
 IN.PSP_RCUT6 =   4.00000000000000     
 IN.PSP_RCUT7 =   4.00000000000000     
 IN.PSP_RCUT8 =   4.00000000000000     
 MD_VV_SCALE =    100
 LDAU_PSP1   =           -1  2.721138638331097E-009  2.721138638331097E-009  eV
 LDAU_PSP2   =           -1  2.721138638331097E-009  2.721138638331097E-009  eV
 LDAU_PSP3   =           -1  2.721138638331097E-009  2.721138638331097E-009  eV
 LDAU_PSP4   =           -1  2.721138638331097E-009  2.721138638331097E-009  eV
 LDAU_PSP5   =           -1  2.721138638331097E-009  2.721138638331097E-009  eV
 LDAU_PSP6   =           -1  2.721138638331097E-009  2.721138638331097E-009  eV
 LDAU_PSP7   =           -1  2.721138638331097E-009  2.721138638331097E-009  eV
 LDAU_PSP8   =           -1  2.721138638331097E-009  2.721138638331097E-009  eV
 NUM_BLOCKED_PSI=  F
 WF_STORE2DISK  =            0
 NUM_DOS_GRID =         4000
 NMAP_MAX =        50000
 KERK_AMIN =   0.300000000000000     
 KERK_AMIX =   0.400000000000000     
 KERK_AMIX_MAG =   0.800000000000000     
 KERK_BMIX =   0.500000000000000     
 LDAU_MIX =   0.700000000000000     
 PULAY_WEIGHT_SPIN =    1.00000000000000     
 PULAY_WEIGHT_NS =    1.00000000000000     
 OUT.MLMD    =  F
 NUM_MPI_PER_GPU =     1
 FLAG_CYLINDER =            0
 SET_OUT_FERMI_POS =  F           0
 E_FINITE =  F   0.00000E+00   0.00000E+00   0.00000E+00
 MLINE_EIGEN =      1
 
 ------------------------------------------------
 total number of K-point:           1
   0.00000     0.00000    0.00000     1.00000            
 ------------------------------------------------
 
 
 *********************************************
 *********** end of etot.input report ********
 minimum n1,n2,n3 from Ecut2
     118.970      119.148      119.089
 minimum n1L,n2L,n3L from Ecut2L
     118.970      119.148      119.089
 *********************************************
 
 
Weighted average num_of_PW for all kpoint=                       312673.000
 ************************************
 E_Hxc(eV)         49554.9013099915     
 E_ion(eV)        -219424.086263393     
 E_Coul(eV)        77789.8211164532     
 E_Hxc+E_ion(eV)  -169869.184953401     
 NONSCF     1          AVE_STATE_ERROR= 0.5918E+01
 NONSCF     2          AVE_STATE_ERROR= 0.1623E+01
 NONSCF     3          AVE_STATE_ERROR= 0.4987E+00
 NONSCF     4          AVE_STATE_ERROR= 0.9189E-01
 NONSCF     5          AVE_STATE_ERROR= 0.1559E-01
 NONSCF     6          AVE_STATE_ERROR= 0.3144E-02
 iter=   7   ave_lin=  4.0  iCGmth=   3
 Ef(eV)               = -.1663629E+01
 err of ug            = 0.1243E-02
 dv_ave, drho_tot     = 0.0000E+00 0.1239E+00
 E_tot(eV)            = -.13305391796394E+06    -.1331E+06
 -------------------------------------------
 iter=   8   ave_lin=  4.0  iCGmth=   3
 Ef(eV)               = -.3805079E-01
 err of ug            = 0.1096E-01
 dv_ave, drho_tot     = 0.1727E-01 0.7150E-01
 E_tot(eV)            = -.13294584910741E+06    0.1081E+03
 -------------------------------------------
 iter=   9   ave_lin=  4.0  iCGmth=   3
 Ef(eV)               = -.1178843E+01
 err of ug            = 0.6745E-02
 dv_ave, drho_tot     = 0.1376E-01 0.3057E-01
 E_tot(eV)            = -.13291268480978E+06    0.3316E+02
 -------------------------------------------
 iter=  10   ave_lin=  4.0  iCGmth=   3
 Ef(eV)               = 0.6107038E+00
 err of ug            = 0.2041E-02
 dv_ave, drho_tot     = 0.6964E-02 0.1068E-01
 E_tot(eV)            = -.13290732582383E+06    0.5359E+01
 -------------------------------------------
 iter=  11   ave_lin=  4.0  iCGmth=   3
 Ef(eV)               = 0.5858281E+00
 err of ug            = 0.5519E-03
 dv_ave, drho_tot     = 0.3080E-02 0.5954E-02
 E_tot(eV)            = -.13290664902159E+06    0.6768E+00
 -------------------------------------------
 iter=  12   ave_lin=  4.0  iCGmth=   3
 Ef(eV)               = 0.5183636E+00
 err of ug            = 0.3071E-03
 dv_ave, drho_tot     = 0.3541E-02 0.3671E-02
 E_tot(eV)            = -.13290612610552E+06    0.5229E+00
 -------------------------------------------
 iter=  13   ave_lin=  4.0  iCGmth=   3
 Ef(eV)               = 0.3421339E+00
 err of ug            = 0.3584E-03
 dv_ave, drho_tot     = 0.4215E-02 0.2840E-02
 E_tot(eV)            = -.13290560601522E+06    0.5201E+00
 -------------------------------------------
 iter=  14   ave_lin=  4.0  iCGmth=   3
 Ef(eV)               = 0.3506674E+00
 err of ug            = 0.3334E-03
 dv_ave, drho_tot     = 0.5638E-02 0.2229E-02
 E_tot(eV)            = -.13290515303251E+06    0.4530E+00
 -------------------------------------------
 iter=  15   ave_lin=  4.0  iCGmth=   3
 Ef(eV)               = 0.9445570E+00
 err of ug            = 0.3509E-03
 dv_ave, drho_tot     = 0.6355E-02 0.1784E-02
 E_tot(eV)            = -.13290484099160E+06    0.3120E+00
 -------------------------------------------
 iter=  16   ave_lin=  4.0  iCGmth=   3
 Ef(eV)               = 0.1145647E+01
 err of ug            = 0.2565E-03
 dv_ave, drho_tot     = 0.4043E-02 0.1377E-02
 E_tot(eV)            = -.13290476732901E+06    0.7366E-01
 -------------------------------------------
 iter=  17   ave_lin=  4.0  iCGmth=   3
 Ef(eV)               = 0.1303415E+01
 err of ug            = 0.2010E-03
 dv_ave, drho_tot     = 0.3592E-02 0.1084E-02
 E_tot(eV)            = -.13290473873989E+06    0.2859E-01
 -------------------------------------------
 iter=  18   ave_lin=  4.0  iCGmth=   3
 Ef(eV)               = 0.1384288E+01
 err of ug            = 0.1323E-03
 dv_ave, drho_tot     = 0.2877E-02 0.8163E-03
 E_tot(eV)            = -.13290472371107E+06    0.1503E-01
 -------------------------------------------
 iter=  19   ave_lin=  4.0  iCGmth=   3
 Ef(eV)               = 0.1475984E+01
 err of ug            = 0.1162E-03
 dv_ave, drho_tot     = 0.2596E-02 0.6243E-03
 E_tot(eV)            = -.13290470569043E+06    0.1802E-01
 -------------------------------------------
 iter=  20   ave_lin=  4.0  iCGmth=   3
 Ef(eV)               = 0.1553898E+01
 err of ug            = 0.1023E-03
 dv_ave, drho_tot     = 0.2283E-02 0.4607E-03
 E_tot(eV)            = -.13290469246200E+06    0.1323E-01
 -------------------------------------------
 iter=  21   ave_lin=  4.0  iCGmth=   3
 Ef(eV)               = 0.1623275E+01
 err of ug            = 0.6691E-04
 dv_ave, drho_tot     = 0.9918E-03 0.3711E-03
 E_tot(eV)            = -.13290468578674E+06    0.6675E-02
 -------------------------------------------
 iter=  22   ave_lin=  4.0  iCGmth=   3
 Ef(eV)               = 0.1694918E+01
 err of ug            = 0.6032E-04
 dv_ave, drho_tot     = 0.9834E-03 0.2967E-03
 E_tot(eV)            = -.13290468028867E+06    0.5498E-02
 -------------------------------------------
 iter=  23   ave_lin=  4.0  iCGmth=   3
 Ef(eV)               = 0.1783320E+01
 err of ug            = 0.5079E-04
 dv_ave, drho_tot     = 0.8191E-03 0.2439E-03
 E_tot(eV)            = -.13290467713088E+06    0.3158E-02
 -------------------------------------------
 E_Fermi(eV)=   1.78332049651416     
 ---------------------------------------------------
 Ef(eV)               = 0.1783320E+01
 dvE, dvE(n)-dvE(n-1) = 0.6709E-06 -.2961E-06
 dv_ave, drho_tot     = 0.8191E-03 0.2439E-03
 err of ug            = 0.5079E-04
 ---------------------------------------------------
 ending_scf_reason = tol Etot_err  5.279008887880000E-003
 Ewald        = -.42574996559446E+05
 Alpha        = 0.15207970391171E+04
 E_extV       = 0.00000000000000E+00    0.0000E+00
 E_NSC        = -.21293797385624E+05    0.8118E+00
 E[-rho*V_Hxc]= -.12129467845528E+06    -.8087E+00
 E_Hxc        = 0.50737998230352E+05    0.7793E+00
 -TS          = -.34661653045340E-14    -.3271E-14
 E_tot(eV)    = -.13290467713088E+06    0.3158E-02
 E_tot(Ryd)   = -.97683136781930E+04    0.1160E-03
 ---------------------------------------------------
 ---------------------------------------------------
 occup for:      kpt=1,spin=1,m=(totN/2-2,totN/2+2)
   1.000    1.000    1.000    0.000    0.000
 eigen(eV) for:  kpt=1,spin=1,m=(totN/2-2,totN/2+2)
  -2.122   -2.076   -1.912    2.642    2.654
 ---------------------------------------------------
 ---------------------------------------------------
 E_Hart,E_xc,E_ion =0.79488661372153E+05  -.28750663141801E+05  -.22181506156639E+06
 E_Hxc+E_ion       =-.17107706333603E+06
 E_kin+E_nonloc    =0.79226585725484E+05
 E_rhoVext,E_IVext     =0.00000000000000E+00  0.00000000000000E+00
 E_psiV,E_dDrho =-.10052030793056E+06  0.00000000000000E+00
 ave(vtot):v0 =-.77117318374605E+01
 ave(V_ion_s(or p,d))=ave(V_Hatree)=0; ave(Vtot)=ave(V_xc)=v0
 ---------------------------------------------------
 *********************************
 Eigen energies are values after setting ave(Vtot)=0
 For Vtot=V_ion+V_Hartree+V_xc, and
 ave(V_ion+V_Hatree)=0, ave(V_xc).ne.0:  E=E+v0
 *********************************
iislda,kpt=   1,    1      0.000000     0.000000     0.000000             kpoint in xyz unit 
 err of each states, A.U
  0.251438E-04     0.187071E-04     0.175453E-04     0.277581E-04     0.322049E-04
  0.205637E-04     0.216618E-04     0.175607E-04     0.153999E-04     0.451713E-04
  0.121372E-04     0.167602E-04     0.142102E-04     0.235147E-04     0.165157E-04
  0.195510E-04     0.140872E-04     0.260831E-04     0.170532E-04     0.161604E-04
  0.424252E-04     0.174108E-04     0.212039E-04     0.188745E-04     0.136451E-04
  0.587159E-04     0.144467E-04     0.143802E-04     0.122846E-04     0.268170E-04
  0.138989E-04     0.243456E-04     0.381526E-04     0.156715E-04     0.141797E-04
  0.128886E-04     0.200807E-04     0.197316E-04     0.217431E-04     0.228650E-04
  0.118783E-03     0.154478E-04     0.177011E-04     0.181495E-04     0.190839E-04
  0.276540E-04     0.126512E-04     0.141899E-04     0.165453E-04     0.183633E-04
  0.154916E-04     0.374755E-04     0.133248E-04     0.136134E-04     0.183706E-04
  0.186450E-04     0.152725E-04     0.127879E-04     0.218782E-04     0.545566E-04
  0.190297E-04     0.108546E-04     0.223183E-04     0.107169E-03     0.714364E-04
  0.148013E-04     0.228424E-04     0.163438E-04     0.182593E-04     0.210367E-04
  0.130533E-04     0.121095E-04     0.144069E-04     0.122602E-04     0.344589E-04
  0.167002E-04     0.150727E-04     0.331532E-04     0.116007E-04     0.999476E-05
  0.159876E-04     0.343489E-04     0.128370E-04     0.717561E-04     0.146707E-04
  0.195508E-04     0.140333E-04     0.169143E-04     0.126939E-04     0.147125E-04
  0.136944E-03     0.181454E-04     0.495131E-04     0.277939E-04     0.105856E-03
  0.153020E-04     0.485459E-04     0.355677E-04     0.161173E-04     0.172076E-04
  0.597059E-04     0.216999E-04     0.250686E-04     0.131239E-04     0.175179E-04
  0.109431E-04     0.144534E-04     0.122626E-04     0.112008E-04     0.195394E-04
  0.111495E-04     0.154766E-04     0.184414E-04     0.197896E-04     0.345514E-04
  0.878658E-04     0.111144E-04     0.135208E-04     0.159161E-04     0.107492E-04
  0.132431E-04     0.139552E-04     0.114744E-04     0.136262E-04     0.112511E-04
  0.150269E-04     0.370692E-04     0.147966E-04     0.167598E-04     0.241493E-04
  0.586185E-04     0.127320E-04     0.274031E-04     0.225382E-04     0.689795E-04
  0.126555E-04     0.121984E-04     0.241296E-04     0.239876E-04     0.141297E-04
  0.120507E-04     0.227193E-04     0.205354E-04     0.141054E-04     0.875493E-04
  0.120167E-04     0.398439E-04     0.178325E-04     0.137655E-04     0.894871E-04
  0.321155E-04     0.122377E-04     0.122677E-04     0.183469E-04     0.170754E-04
  0.290164E-04     0.192440E-04     0.125782E-04     0.140165E-04     0.136056E-04
  0.417060E-04     0.103739E-04     0.364092E-04     0.215547E-04     0.251477E-04
  0.169790E-04     0.179362E-04     0.213591E-04     0.540132E-04     0.182637E-04
  0.225211E-04     0.134284E-04     0.131355E-04     0.157841E-04     0.109908E-04
  0.119638E-04     0.122788E-04     0.127501E-04     0.160252E-03     0.131879E-04
  0.126262E-04     0.108376E-04     0.251173E-04     0.100979E-04     0.111823E-04
  0.137011E-04     0.126493E-04     0.113427E-04     0.513408E-04     0.100049E-04
  0.130357E-04     0.234620E-04     0.141663E-04     0.184691E-04     0.102755E-04
  0.147906E-04     0.168408E-04     0.154140E-04     0.379997E-04     0.124580E-04
  0.146657E-04     0.152248E-04     0.186929E-04     0.175896E-04     0.234430E-04
  0.118789E-04     0.124028E-04     0.141098E-04     0.151462E-04     0.205949E-04
  0.164957E-04     0.176884E-04     0.111738E-04     0.186402E-04     0.148433E-04
  0.156439E-04     0.185414E-04     0.246735E-04     0.191992E-04     0.109768E-04
  0.132495E-04     0.183700E-04     0.170402E-04     0.172666E-04     0.156975E-04
  0.161391E-04     0.118304E-04     0.220287E-04     0.214178E-04     0.117269E-04
  0.155656E-04     0.199709E-04     0.175669E-04     0.123115E-04     0.157641E-04
  0.159817E-04     0.121286E-04     0.177912E-04     0.163843E-04     0.118802E-04
  0.228686E-04     0.168632E-04     0.150244E-04     0.153310E-04     0.117983E-04
  0.140011E-04     0.112151E-04     0.166713E-04     0.134037E-04     0.130758E-04
  0.141003E-04     0.134365E-04     0.158395E-04     0.205862E-04     0.145531E-04
  0.132767E-04     0.181820E-04     0.206014E-04     0.196593E-04     0.105686E-04
  0.182445E-04     0.148238E-04     0.246130E-04     0.235277E-04     0.141446E-04
  0.137730E-04     0.169813E-04     0.198271E-04     0.183858E-04     0.282615E-04
  0.172069E-04     0.142586E-04     0.185188E-04     0.168522E-04     0.214223E-04
  0.189452E-04     0.174531E-04     0.190262E-04     0.153155E-04     0.160839E-04
  0.225798E-04     0.179614E-04     0.143874E-04     0.168331E-04     0.181697E-04
  0.150917E-04     0.143746E-04     0.144359E-04     0.180003E-04     0.187265E-04
  0.192399E-04     0.285109E-04     0.124472E-04     0.224444E-04     0.164968E-04
  0.194498E-04     0.198152E-04     0.153842E-04     0.154273E-04     0.321278E-04
  0.152705E-04     0.176979E-04     0.165042E-04     0.173026E-04     0.207347E-04
  0.279690E-04     0.246044E-04     0.228803E-04     0.189086E-04     0.243870E-04
  0.176804E-04     0.282789E-04     0.246821E-04     0.205291E-04     0.125201E-04
  0.275302E-04     0.197749E-04     0.218419E-04     0.223457E-04     0.218423E-04
  0.234152E-04     0.326708E-04     0.218836E-04     0.190097E-04     0.198393E-04
  0.250006E-04     0.243866E-04     0.199511E-04     0.233248E-04     0.223028E-04
  0.167022E-04     0.185264E-04     0.258968E-04     0.176964E-04     0.246443E-04
  0.284797E-04     0.291741E-04     0.204943E-04     0.234553E-04     0.194743E-04
  0.211405E-04     0.221077E-04     0.246147E-04     0.215244E-04     0.240565E-04
  0.252581E-04     0.250928E-04     0.203394E-04     0.178348E-04     0.248280E-04
  0.210121E-04     0.215475E-04     0.164836E-04     0.245478E-04     0.209836E-04
  0.177304E-04     0.242399E-04     0.243290E-04     0.216419E-04     0.203668E-04
  0.186558E-04     0.201880E-04     0.218578E-04     0.189252E-04     0.212310E-04
  0.190220E-04     0.242483E-04     0.174710E-04     0.230417E-04     0.277462E-04
  0.244296E-04     0.235700E-04     0.282758E-04     0.210148E-04     0.237600E-04
  0.244792E-04     0.222686E-04     0.211673E-04     0.300580E-04     0.337365E-04
  0.190754E-04     0.213412E-04     0.195010E-04     0.173089E-04     0.219929E-04
  0.231168E-04     0.218903E-04     0.236984E-04     0.195377E-04     0.224188E-04
  0.247144E-04     0.136401E-04     0.253840E-04     0.251896E-04     0.170417E-04
  0.279252E-04     0.277863E-04     0.223878E-04     0.217730E-04     0.253462E-04
  0.220880E-04     0.232134E-04     0.228899E-04     0.391411E-04     0.302578E-04
  0.286028E-04     0.289212E-04     0.349517E-04     0.246536E-04     0.243762E-04
  0.262244E-04     0.223541E-04     0.246113E-04     0.231346E-04     0.365186E-04
  0.201100E-04     0.353024E-04     0.220941E-04     0.223268E-04     0.279063E-04
  0.241449E-04     0.249345E-04     0.214840E-04     0.372766E-04     0.160772E-04
  0.286107E-04     0.288336E-04     0.312996E-04     0.282891E-04     0.225182E-04
  0.189992E-04     0.226267E-04     0.251435E-04     0.246044E-04     0.254499E-04
  0.227090E-04     0.443029E-04     0.305515E-04     0.247001E-04     0.299889E-04
  0.347870E-04     0.272679E-04     0.357112E-04     0.295406E-04     0.320147E-04
  0.198068E-04     0.230137E-04     0.293638E-04     0.250740E-04     0.229158E-04
  0.275666E-04     0.204075E-04     0.319131E-04     0.288273E-04     0.249080E-04
  0.242422E-04     0.383527E-04     0.266297E-04     0.211175E-04     0.258051E-04
  0.220161E-04     0.210865E-04     0.471704E-04     0.243135E-04     0.224848E-04
  0.278401E-04     0.258219E-04     0.258817E-04     0.329500E-04     0.323000E-04
  0.282976E-04     0.288059E-04     0.312674E-04     0.253760E-04     0.167959E-04
  0.171283E-04     0.168601E-04     0.368105E-04     0.305021E-04     0.285719E-04
  0.176231E-04     0.287141E-04     0.307639E-04     0.423556E-04     0.220715E-04
  0.239214E-04     0.192904E-04     0.197473E-04     0.211145E-04     0.201044E-04
  0.242049E-04     0.371946E-04     0.171110E-04     0.237413E-04     0.204264E-04
  0.191608E-04     0.230150E-04     0.193788E-04     0.176720E-04     0.181113E-04
  0.263301E-04     0.249268E-04     0.222056E-04     0.166699E-04     0.255298E-04
  0.169648E-04     0.190411E-04     0.170321E-04     0.187527E-04     0.196595E-04
  0.196395E-04     0.300512E-04     0.312431E-04     0.226596E-04     0.180480E-04
  0.244740E-04     0.192139E-04     0.251587E-04     0.225432E-04     0.241361E-04
  0.221067E-04     0.323838E-04     0.279512E-04     0.287945E-04     0.242521E-04
  0.220187E-04     0.219567E-04     0.165582E-04     0.238998E-04     0.231787E-04
  0.269345E-04     0.191006E-04     0.148642E-04     0.219171E-04     0.193254E-04
  0.256759E-04     0.316041E-04     0.388746E-04     0.263205E-04     0.149340E-04
  0.342751E-04     0.182099E-04     0.248883E-04     0.187092E-04     0.211509E-04
  0.118443E-04     0.226943E-04     0.207779E-04     0.222017E-04     0.171871E-04
  0.178429E-04     0.224970E-04     0.129780E-04     0.166168E-04     0.182725E-04
  0.301806E-04     0.201872E-04     0.238753E-04     0.173010E-04     0.196853E-04
  0.210470E-04     0.249336E-04     0.209408E-04     0.218388E-04     0.261800E-04
  0.202739E-04     0.249106E-04     0.185845E-04     0.241152E-04     0.192377E-04
  0.213515E-04     0.231900E-04     0.215280E-04     0.209739E-04     0.247307E-04
  0.237103E-04     0.193900E-04     0.232549E-04     0.198849E-04     0.253350E-04
  0.185997E-04     0.232963E-04     0.182980E-04     0.182421E-04     0.191806E-04
  0.178924E-04     0.200885E-04     0.232188E-04     0.229194E-04     0.230223E-04
  0.234466E-04     0.212781E-04     0.193296E-04     0.219333E-04     0.228919E-04
  0.203454E-04     0.192884E-04     0.207358E-04     0.231673E-04     0.257838E-04
  0.182457E-04     0.263100E-04     0.215372E-04     0.216801E-04     0.245860E-04
  0.214846E-04     0.237759E-04     0.219799E-04     0.192957E-04     0.187926E-04
  0.218325E-04     0.171634E-04     0.219263E-04     0.250410E-04     0.255598E-04
  0.232743E-04     0.235926E-04     0.159083E-04     0.197558E-04     0.245610E-04
  0.256247E-04     0.211436E-04     0.189706E-04     0.207700E-04     0.209878E-04
  0.295518E-04     0.182980E-04     0.188863E-04     0.238967E-04     0.176696E-04
  0.234242E-04     0.219709E-04     0.251627E-04     0.251373E-04     0.216188E-04
  0.257242E-04     0.212095E-04     0.180317E-04     0.207616E-04     0.185496E-04
  0.200346E-04     0.317611E-04     0.225946E-04     0.251402E-04     0.239698E-04
  0.165174E-04     0.230936E-04     0.239825E-04     0.227951E-04     0.221052E-04
  0.273644E-04     0.240215E-04     0.202922E-04     0.219749E-04     0.227971E-04
  0.239094E-04     0.232258E-04     0.242975E-04     0.254969E-04     0.207799E-04
  0.291749E-04     0.245622E-04     0.281825E-04     0.242040E-04     0.241859E-04
  0.244774E-04     0.229492E-04     0.210114E-04     0.243923E-04     0.286125E-04
  0.240584E-04     0.223583E-04     0.256540E-04     0.244144E-04     0.245858E-04
  0.236366E-04     0.262148E-04     0.197673E-04     0.396142E-04     0.286526E-04
  0.320306E-04     0.279474E-04     0.270591E-04     0.261828E-04     0.242574E-04
  0.235013E-04     0.247194E-04     0.233617E-04     0.232499E-04     0.255869E-04
  0.299285E-04     0.260547E-04     0.270295E-04     0.282794E-04     0.283402E-04
  0.241878E-04     0.214877E-04     0.236109E-04     0.255132E-04     0.216553E-04
  0.254776E-04     0.229928E-04     0.266785E-04     0.265065E-04     0.271485E-04
  0.276092E-04     0.239261E-04     0.225651E-04     0.255134E-04     0.261752E-04
  0.262570E-04     0.250300E-04     0.223440E-04     0.205694E-04     0.225611E-04
  0.245027E-04     0.248433E-04     0.208077E-04     0.253050E-04     0.223553E-04
  0.262802E-04     0.277552E-04     0.287648E-04     0.289167E-04     0.279944E-04
  0.271181E-04     0.264879E-04     0.273782E-04     0.279548E-04     0.320149E-04
  0.214256E-04     0.254908E-04     0.270007E-04     0.251992E-04     0.272664E-04
  0.263857E-04     0.235183E-04     0.291966E-04     0.277000E-04     0.238685E-04
  0.257802E-04     0.263573E-04     0.253598E-04     0.276775E-04     0.256124E-04
  0.218745E-04     0.260573E-04     0.256109E-04     0.276269E-04     0.245174E-04
  0.271721E-04     0.231894E-04     0.245533E-04     0.253531E-04     0.277802E-04
  0.318933E-04     0.265555E-04     0.330638E-04     0.331593E-04     0.250770E-04
  0.288386E-04     0.327562E-04     0.306892E-04     0.294662E-04     0.296470E-04
  0.251393E-04     0.314172E-04     0.277877E-04     0.285773E-04     0.254602E-04
  0.309969E-04     0.272466E-04     0.288178E-04     0.239021E-04     0.264604E-04
  0.292796E-04     0.277360E-04     0.283546E-04     0.269098E-04     0.292184E-04
  0.285142E-04     0.273625E-04     0.316758E-04     0.274596E-04     0.266014E-04
  0.249747E-04     0.300169E-04     0.288242E-04     0.263576E-04     0.355522E-04
  0.289611E-04     0.285328E-04     0.231887E-04     0.254388E-04     0.279660E-04
  0.256878E-04     0.292141E-04     0.333142E-04     0.310480E-04     0.301499E-04
  0.320735E-04     0.344477E-04     0.253884E-04     0.322386E-04     0.283355E-04
  0.339644E-04     0.271763E-04     0.268171E-04     0.278012E-04     0.238083E-04
  0.304671E-04     0.289057E-04     0.291190E-04     0.282480E-04     0.288395E-04
  0.274945E-04     0.286367E-04     0.290509E-04     0.209048E-04     0.282091E-04
  0.282917E-04     0.269315E-04     0.310271E-04     0.271452E-04     0.264917E-04
  0.295952E-04     0.308155E-04     0.336894E-04     0.266127E-04     0.356587E-04
  0.359861E-04     0.332687E-04     0.335505E-04     0.345771E-04     0.362978E-04
  0.339000E-04     0.279570E-04     0.336782E-04     0.312551E-04     0.318583E-04
  0.356243E-04     0.399313E-04     0.292419E-04     0.335294E-04     0.412146E-04
  0.334251E-04     0.260615E-04     0.245099E-04     0.336059E-04     0.263741E-04
  0.379642E-04     0.622891E-04     0.405608E-04     0.348510E-04     0.280505E-04
  0.560413E-04     0.312585E-04     0.306114E-04     0.418322E-04     0.439149E-04
  0.342084E-04     0.526253E-04     0.442220E-04     0.381733E-04     0.487402E-04
  0.530532E-04     0.285637E-04     0.249245E-04     0.301275E-04     0.309209E-04
  0.377249E-04     0.386952E-04     0.330060E-04     0.332310E-04     0.309044E-04
  0.576077E-04     0.317702E-04     0.436377E-04     0.383683E-04     0.377534E-04
  0.378040E-04     0.348125E-04     0.427201E-04     0.440982E-04     0.598224E-04
  0.391978E-04     0.648768E-04     0.453099E-04     0.377146E-04     0.339270E-04
  0.330540E-04     0.286583E-04     0.445525E-04     0.276262E-04     0.343928E-04
  0.293112E-04     0.299597E-04     0.285668E-04     0.370400E-04     0.396240E-04
  0.357316E-04     0.367710E-04     0.325272E-04     0.314144E-04     0.341746E-04
  0.381617E-04     0.352515E-04     0.377011E-04     0.290934E-04     0.263553E-04
  0.398946E-04     0.460190E-04     0.303646E-04     0.272202E-04     0.337272E-04
  0.296451E-04     0.387359E-04     0.392589E-04     0.478934E-04     0.321836E-04
  0.385827E-04     0.288409E-04     0.259296E-04     0.391592E-04     0.339883E-04
  0.220803E-04     0.719463E-04     0.448469E-04     0.644364E-04     0.321273E-04
  0.264058E-04     0.274582E-04     0.198445E-04     0.309801E-04     0.273296E-04
  0.428239E-04     0.397499E-04     0.536146E-04     0.255017E-04     0.257749E-04
  0.265339E-04     0.264696E-04     0.363855E-04     0.280553E-04     0.303583E-04
  0.323137E-04     0.384448E-04     0.419288E-04     0.447720E-04     0.298896E-04
  0.881569E-04     0.586113E-04     0.279562E-04     0.237771E-04     0.338102E-04
  0.260524E-04     0.329584E-04     0.397757E-04     0.225285E-04     0.613172E-04
  0.452642E-04     0.414419E-04     0.202166E-04     0.398934E-04     0.223433E-04
  0.401370E-04     0.446358E-04     0.421730E-04     0.320707E-04     0.263721E-04
  0.157626E-03     0.947481E-04     0.137542E-03     0.107558E-03     0.117195E-03
  0.106874E-03     0.120696E-03     0.112619E-03     0.110402E-03     0.201212E-03
  0.218370E-03     0.170904E-03     0.326188E-03     0.532099E-03     0.533430E-03
  0.780178E-03     0.939225E-03     0.747315E-03     0.858461E-03     0.978500E-03
  0.109940E-02     0.981437E-03     0.733727E-03     0.799443E-03     0.109954E-02
  0.143973E-02     0.133425E-02     0.994103E-03     0.208764E-02     0.231916E-02
  0.135353E-02     0.210400E-02     0.313146E-02     0.279875E-02     0.332511E-02
  0.307385E-02     0.314106E-02     0.557006E-02     0.508230E-02     0.348690E-02
  0.369690E-02     0.280415E-02     0.398226E-02     0.678326E-02     0.468006E-02
  0.712401E-02     0.447265E-02     0.705035E-02     0.617608E-02     0.665411E-02
  0.662631E-02     0.704972E-02     0.932322E-02     0.784508E-02     0.930802E-02
  0.112066E-01     0.140375E-01     0.148991E-01
 eigen energies, in eV 
    -44.446166       -44.250680       -44.179345       -44.125123       -43.964405
    -28.384116       -28.255432       -28.208839       -28.204688       -28.189601
    -28.172971       -28.053181       -28.048744       -28.017014       -28.005667
    -28.001733       -27.935043       -27.912984       -27.845737       -27.801798
    -27.790035       -27.777367       -27.772990       -27.750134       -27.723649
    -27.719446       -27.692136       -27.683640       -27.637051       -27.612775
    -27.607290       -27.590530       -27.517657       -27.449358       -27.437228
    -27.421060       -27.410181       -27.369239       -27.348895       -27.290768
    -27.289537       -27.279891       -27.248966       -27.248696       -27.210330
    -27.183765       -27.149291       -27.106393       -27.066460       -27.048516
    -27.036959       -26.945554       -26.937658       -26.934618       -26.883734
    -26.847281       -26.807653       -26.800893       -26.752577       -26.745456
    -26.729416       -26.724700       -26.691827       -26.682674       -26.581104
    -26.533562       -26.516794       -26.513481       -26.393786       -26.383142
    -26.362075       -26.322300       -26.321267       -26.292961       -26.287833
    -26.276234       -26.256646       -26.255745       -26.197808       -26.189516
    -26.179203       -26.129639       -26.099341       -26.075012       -26.071201
    -25.991349       -25.926066       -25.918227       -25.911831       -25.893643
    -25.846204       -25.836552       -25.826389       -25.825731       -25.807876
    -25.804342       -25.772785       -25.770290       -25.743119       -25.739931
    -25.671581       -25.657220       -25.650183       -25.648834       -25.620230
    -25.603486       -25.594010       -25.591926       -25.584469       -25.576182
    -25.572875       -25.545109       -25.491033       -25.447574       -25.438997
    -25.433102       -25.409513       -25.401068       -25.342036       -25.294926
    -25.292364       -25.285313       -25.249144       -25.227890       -25.220900
    -25.199122       -25.166550       -25.157990       -25.121912       -25.103808
    -25.097986       -25.073529       -25.057360       -24.956152       -24.584072
    -24.096919       -23.917917       -23.773051       -23.763240       -23.745205
    -23.607798       -23.605919       -23.518277       -23.509548       -23.496724
    -23.388513       -23.348563       -23.315242       -23.306458       -23.303987
    -23.278352       -23.251959       -23.211002       -23.199404       -23.162060
    -23.140243       -23.102200       -23.069016       -23.057428       -23.031884
    -22.989906       -22.965386       -22.946128       -22.918343       -22.909695
    -22.902981       -22.902214       -22.769198       -22.702757       -22.367622
    -21.839900       -21.543134       -21.541518       -21.526468       -21.441369
    -21.419711       -21.299182       -21.274076       -21.273229       -21.221078
    -21.211727       -21.174546       -21.141909       -21.127904       -20.982374
    -20.979931       -20.936943       -20.833509       -20.792162       -20.703001
    -18.685745       -18.510677       -18.475179       -18.309431       -18.279575
    -16.164279       -16.082573       -16.074869       -16.067797       -16.033919
    -15.993121       -15.974215       -15.935903       -15.930765       -15.895759
    -15.868811       -15.764997       -15.512564       -15.466004       -15.415749
    -15.048306       -15.044115       -14.963620       -14.915185       -14.891143
    -14.835406       -14.810318       -14.793165       -14.790750       -14.768015
    -14.601222       -14.595468       -14.588453       -14.580085       -14.524626
    -14.502103       -14.478152       -14.469161       -14.463744       -14.453801
    -14.410133       -14.351158       -14.334537       -13.965610       -13.943455
    -13.939582       -13.935074       -13.682545       -13.631048       -13.585029
    -13.535088       -13.501309       -13.476291       -13.446145       -13.426132
    -13.405263       -13.395708       -13.345355       -13.325883       -13.315206
    -13.301951       -13.300133       -13.296088       -13.265577       -13.260819
    -13.239379       -13.216804       -13.192550       -13.184737       -13.099197
    -13.065753       -13.003006       -12.998345       -12.906545       -12.844176
    -12.206513       -12.169263       -12.167470       -12.093803       -12.046521
    -12.011055       -12.005541       -11.993511       -11.980909       -11.891776
    -11.854320       -11.827289       -11.823316       -11.783423       -11.712465
    -11.682843       -11.603186       -11.598682       -11.577540       -11.505923
    -11.483595       -11.442758       -11.401970       -11.369000       -11.274977
    -11.268278       -11.246678       -11.223578       -11.222731       -11.213973
    -11.210339       -11.192139       -11.140040       -11.045819       -10.999725
    -10.958163       -10.938884       -10.930567       -10.921927       -10.874325
    -10.825132       -10.779817       -10.745911       -10.588646       -10.576272
    -10.573320       -10.499454       -10.482936       -10.467398       -10.460923
    -10.446523       -10.426089       -10.371409       -10.362163       -10.347857
    -10.336139       -10.333373       -10.328078       -10.324209       -10.317385
    -10.302824       -10.297503       -10.270259       -10.261059       -10.258942
    -10.212592       -10.186274       -10.179153       -10.178527       -10.160553
    -10.140901       -10.133879       -10.111797       -10.097879       -10.093873
    -10.079445       -10.072530       -10.056416       -10.048641       -10.041525
    -10.033005       -10.027504       -10.007541       -10.001501        -9.977282
     -9.969589        -9.960869        -9.933548        -9.932396        -9.917263
     -9.906561        -9.892377        -9.884953        -9.863963        -9.859420
     -9.857137        -9.814745        -9.807778        -9.804825        -9.800492
     -9.766106        -9.753414        -9.748030        -9.720086        -9.700051
     -9.698886        -9.688945        -9.679834        -9.656994        -9.648513
     -9.632650        -9.616886        -9.607104        -9.598010        -9.588618
     -9.576953        -9.572269        -9.567409        -9.537199        -9.518275
     -9.508242        -9.505606        -9.501241        -9.473584        -9.466010
     -9.461893        -9.453256        -9.435565        -9.434216        -9.425502
     -9.418264        -9.409714        -9.380466        -9.379107        -9.343775
     -9.330038        -9.318054        -9.306723        -9.301078        -9.297277
     -9.279460        -9.275108        -9.229909        -9.204728        -9.202563
     -9.183027        -9.168365        -9.158909        -9.154816        -9.119602
     -9.104839        -9.093855        -9.091306        -9.076083        -9.054932
     -9.052106        -9.044664        -9.036889        -9.022653        -9.010711
     -9.001297        -8.954734        -8.941796        -8.925567        -8.921583
     -8.914216        -8.904562        -8.896587        -8.880747        -8.875527
     -8.872063        -8.857089        -8.835672        -8.833803        -8.808745
     -8.791931        -8.780810        -8.771806        -8.763840        -8.738449
     -8.725777        -8.703122        -8.684144        -8.676146        -8.664396
     -8.620548        -8.605718        -8.598337        -8.585954        -8.579562
     -8.573921        -8.559196        -8.546266        -8.536583        -8.508807
     -8.498680        -8.462554        -8.453397        -8.448916        -8.444356
     -8.434734        -8.420495        -8.401872        -8.376428        -8.374923
     -8.362944        -8.346182        -8.311632        -8.295823        -8.262685
     -8.245028        -8.192434        -8.166731        -8.163450        -8.157980
     -8.141036        -8.090555        -8.077020        -8.067277        -8.049569
     -8.034383        -7.986086        -7.978715        -7.957481        -7.935666
     -7.929338        -7.912982        -7.903346        -7.838361        -7.820451
     -7.812187        -7.806070        -7.785279        -7.779010        -7.755729
     -7.687962        -7.664376        -7.662803        -7.632365        -7.621285
     -7.613093        -7.600433        -7.543156        -7.527546        -7.510784
     -7.487889        -7.479901        -7.456840        -7.417524        -7.381372
     -7.372832        -7.354563        -7.332848        -7.323879        -7.316007
     -7.301729        -7.282710        -7.264572        -7.249239        -7.247369
     -7.206701        -7.201396        -7.185120        -7.163877        -7.150289
     -7.109173        -7.103201        -7.062896        -7.036442        -7.003845
     -6.991966        -6.980564        -6.964704        -6.889000        -6.879683
     -6.862104        -6.843962        -6.837314        -6.830291        -6.813617
     -6.789731        -6.759115        -6.755093        -6.751621        -6.731338
     -6.725274        -6.698193        -6.686973        -6.649340        -6.619681
     -6.608511        -6.597514        -6.593368        -6.581461        -6.559091
     -6.556498        -6.548744        -6.530156        -6.525665        -6.501782
     -6.485302        -6.478373        -6.458158        -6.440643        -6.438639
     -6.427866        -6.424681        -6.415610        -6.406231        -6.399789
     -6.393863        -6.391949        -6.365729        -6.357947        -6.334863
     -6.310725        -6.299789        -6.283767        -6.282419        -6.267196
     -6.265123        -6.251582        -6.242900        -6.236177        -6.213365
     -6.204842        -6.188614        -6.179426        -6.172464        -6.163465
     -6.158208        -6.151642        -6.142995        -6.137684        -6.135424
     -6.128472        -6.116889        -6.105089        -6.095125        -6.093523
     -6.077193        -6.065982        -6.058791        -6.054524        -6.046517
     -6.044017        -6.029136        -6.021709        -6.012883        -6.009919
     -6.003609        -5.998693        -5.981453        -5.973291        -5.968434
     -5.967196        -5.957144        -5.939481        -5.922128        -5.918380
     -5.902721        -5.889138        -5.884515        -5.880920        -5.861287
     -5.854958        -5.842528        -5.835253        -5.826086        -5.810341
     -5.799390        -5.797366        -5.790265        -5.785221        -5.779599
     -5.766451        -5.760797        -5.754695        -5.751528        -5.741367
     -5.733415        -5.728245        -5.715821        -5.706714        -5.700559
     -5.696012        -5.693642        -5.682435        -5.668594        -5.664909
     -5.662812        -5.656439        -5.650621        -5.643155        -5.640965
     -5.635664        -5.625832        -5.622307        -5.619974        -5.613778
     -5.612235        -5.602374        -5.589962        -5.585590        -5.581661
     -5.581041        -5.577000        -5.559625        -5.556891        -5.553270
     -5.538692        -5.530528        -5.528402        -5.519879        -5.508132
     -5.502064        -5.488649        -5.482172        -5.468565        -5.464209
     -5.461112        -5.456998        -5.450258        -5.446808        -5.443106
     -5.430781        -5.424681        -5.423530        -5.408719        -5.403506
     -5.392060        -5.387467        -5.379336        -5.376005        -5.365958
     -5.356792        -5.347619        -5.343250        -5.338825        -5.328456
     -5.324852        -5.323136        -5.311229        -5.307419        -5.298994
     -5.288734        -5.286072        -5.273590        -5.267086        -5.265126
     -5.260676        -5.257873        -5.254539        -5.246241        -5.242546
     -5.235678        -5.232211        -5.227410        -5.224420        -5.219572
     -5.213935        -5.211408        -5.206183        -5.200703        -5.189781
     -5.173045        -5.165147        -5.156647        -5.151252        -5.140643
     -5.138578        -5.132584        -5.125142        -5.122690        -5.114344
     -5.104797        -5.095533        -5.091537        -5.089224        -5.080576
     -5.071824        -5.068180        -5.061003        -5.057613        -5.043340
     -5.039360        -5.023333        -5.020878        -5.005800        -5.005362
     -5.003262        -4.991266        -4.986117        -4.981833        -4.978915
     -4.974590        -4.972749        -4.966186        -4.960188        -4.958034
     -4.951211        -4.946261        -4.943688        -4.935158        -4.927173
     -4.924308        -4.918735        -4.916014        -4.913895        -4.907254
     -4.905893        -4.903109        -4.901272        -4.896040        -4.889704
     -4.881376        -4.871398        -4.866734        -4.848042        -4.844493
     -4.833424        -4.831627        -4.822467        -4.811176        -4.807383
     -4.797262        -4.790293        -4.779052        -4.770502        -4.767061
     -4.764505        -4.744442        -4.741758        -4.731034        -4.726066
     -4.713751        -4.712876        -4.707013        -4.704946        -4.700782
     -4.694566        -4.688699        -4.686803        -4.675467        -4.671477
     -4.667142        -4.658598        -4.657222        -4.645648        -4.633873
     -4.622315        -4.620311        -4.617891        -4.614762        -4.610042
     -4.593618        -4.592654        -4.566924        -4.559564        -4.543094
     -4.537107        -4.530856        -4.514498        -4.505289        -4.482790
     -4.477647        -4.469353        -4.459724        -4.457032        -4.450586
     -4.446422        -4.439180        -4.431955        -4.422830        -4.415817
     -4.405602        -4.397899        -4.392786        -4.390117        -4.378567
     -4.352258        -4.322601        -4.306150        -4.302039        -4.264659
     -4.216289        -4.210810        -4.197230        -4.188094        -4.169298
     -4.144499        -4.110865        -4.095234        -4.088269        -4.073099
     -4.057862        -4.053679        -4.020152        -4.006281        -3.982303
     -3.977781        -3.969432        -3.950310        -3.928633        -3.900834
     -3.898181        -3.894976        -3.884922        -3.845636        -3.826227
     -3.812108        -3.793047        -3.782412        -3.759939        -3.748871
     -3.747019        -3.718823        -3.714421        -3.706536        -3.690436
     -3.681671        -3.680377        -3.643665        -3.640874        -3.632889
     -3.622718        -3.614843        -3.609374        -3.589636        -3.574570
     -3.564473        -3.554459        -3.544892        -3.502901        -3.491027
     -3.483129        -3.480880        -3.474380        -3.452620        -3.433429
     -3.422685        -3.411106        -3.410403        -3.393928        -3.383647
     -3.376676        -3.355554        -3.332494        -3.319993        -3.312463
     -3.300481        -3.297849        -3.289016        -3.285394        -3.271449
     -3.266174        -3.231805        -3.216038        -3.200729        -3.194894
     -3.168483        -3.161550        -3.158593        -3.145150        -3.110609
     -3.065886        -3.024028        -3.005404        -3.003498        -2.979287
     -2.952746        -2.904178        -2.847444        -2.828127        -2.827822
     -2.789348        -2.743661        -2.738243        -2.717299        -2.704043
     -2.673121        -2.654404        -2.650631        -2.637002        -2.617995
     -2.551937        -2.535537        -2.528193        -2.491556        -2.479085
     -2.434358        -2.410057        -2.388099        -2.367945        -2.352550
     -2.307890        -2.301741        -2.270012        -2.209977        -2.166444
     -2.159415        -2.144740        -2.121692        -2.075946        -1.911553
      2.642192         2.654122         2.818280         2.859597         2.912941
      2.920608         2.929307         2.956488         3.030919         3.110337
      3.160896         3.182104         3.253326         3.305875         3.341576
      3.386967         3.426552         3.450245         3.484152         3.540016
      3.545330         3.581366         3.601457         3.613470         3.667244
      3.684429         3.730567         3.745618         3.776322         3.784928
      3.806583         3.828090         3.853821         3.880120         3.905821
      3.913475         3.953770         3.987318         3.999668         4.016226
      4.026877         4.063258         4.085935         4.097536         4.113700
      4.128006         4.155369         4.164518         4.207307         4.216619
      4.248933         4.274093         4.293471         4.341492         4.364047
      4.404125         4.417906         4.454303
 *********************************
 total computation time (sec)=   1992.72894001007     
