 AEM_Eatom=  1.152976175584352E-003
 AEM_Egroup=  2.073155988604558E-004
 AEM_Etot=  1.189071257247550E-003
 AEM_F=  0.500196758348907     
