 AEM_Eatom=  7.055980446070635E-002
 AEM_Egroup=  8.919101701038623E-003
 AEM_Etot=  1.481921789842466E-002
 AEM_F=  0.604958321809337     
