           4           1
 PRECISION  = SINGLE     
 JOB       = SCF
 IN.PSP1   = /home/sabs/shenjie/Pseudopotential/Li.nc.pbe.UPF
 IN.PSP2   = /home/sabs/shenjie/Pseudopotential/C.nc.pbe.UPF
 IN.PSP3   = /home/sabs/shenjie/Pseudopotential/O.nc.pbe.UPF
 IN.PSP4   = /home/sabs/shenjie/Pseudopotential/N.nc.pbe.UPF
 IN.PSP5   = /home/sabs/shenjie/Pseudopotential/S.nc.pbe.UPF
 IN.PSP6   = /home/sabs/shenjie/Pseudopotential/F.nc.pbe.UPF
 IN.PSP7   = /home/sabs/shenjie/Pseudopotential/H.nc.pbe.UPF
 IN.PSP8   = /home/sabs/shenjie/Pseudopotential/P.nc.pbe.UPF
 IN.ATOM   = atom.config         
 CONVERGENCE  = EASY
 ACCURACY  = NORM
 VFF_DETAIL =   1   500  0.50000000E-02     30.00000     4.00000     0.00000     1.00000  
 EGG_DETAIL =            3           3           3
 SPIN      =   1
 CONSTRAINT_MAG =           0
 RANDOM_SEED=           0
 QIJ_DETAIL =   0  1
 SCF_MIX = CHARGE
 PWSCF_OUTPUT     =  F
 Ecut      =    60.0000000000000     
 Ecut2     =    120.000000000000     
 Ecut2L    =    120.000000000000     
 EcutP    =    60.0000000000000     
 N123      =   120   120   120
 NS123     =    40    40    40
 N123L     =   120   120   120
 STRESS_CORR =   0.100000E+01  0.000000E+00  0.200000E+01  0.000000E+00
 XCFUNCTIONAL = LDA
 HSE_DETAIL    =      1.00000000    1     0.00000000    6 1 1
 RELAX_HSE    =    20   0.50000E-01     2
 VDW       = NONE
 LONDON_S6      =   0.000000000000000E+000
 LONDON_C6(1)      =   -1.00000000000000     
 LONDON_C6(2)      =   -1.00000000000000     
 LONDON_C6(3)      =   -1.00000000000000     
 LONDON_C6(4)      =   -1.00000000000000     
 LONDON_C6(5)      =   -1.00000000000000     
 LONDON_C6(6)      =   -1.00000000000000     
 LONDON_C6(7)      =   -1.00000000000000     
 LONDON_C6(8)      =   -1.00000000000000     
 LONDON_RCUT      =   0.000000000000000E+000
 DFTD3_S6        =   0.000000000000000E+000
 DFTD3_RS6        =   0.000000000000000E+000
 DFTD3_S18        =   0.000000000000000E+000
 DFTD3_RS18        =   0.000000000000000E+000
 DFTD3_ALPHA6        =   0.000000000000000E+000
 DFTD3_VERSION        =            0
 DFTD3_3BODY        =  F
 COULOMB   =    0
 IN.WG     =  F
 OUT.WG    =  F
 IN.RHO    =  F
 OUT.RHOATOM =  F
 OUT.RHO   =  F
 IN.VR     =  F
 OUT.VR    =  F
 OUT.ELF   =  F
 IN.VEXT   =  F
 OUT.VATOM   =  F
 OUT.FORCE =  T
 OUT.STRESS =  F
 IN.KPT    =  F
 IN.SYMM   =  F
 SYMM_PREC =    0.10000E-04
 MP_N123 =      1      1      1      0      0      0      0
 NUM_KPT =            1
 CHARGE_DECOMP = F
 ENERGY_DECOMP = F 
 IN.SOLVENT =  F
 NUM_ELECTRON =   1940.00000000000     
 FIX_FERMI =   F  0.000000E+00  0.000000E+00  0.000000E+00
 IN.NONSCF    =  F
 NUM_BAND  =  1028
 OUT.REAL.RHOWF_SP= 0
 WG_ERROR  =   1.000000000000000E-004
 E_ERROR   =   5.279008887880000E-003
 RHO_ERROR =   5.000000000000000E-005
 RHO_RELATIVE_ERROR      =   0.000000000000000E+000
 FORCE_RELATIVE_ERROR     =   0.000000000000000E+000
 MIN_SCF_ITER     =            1
 SYS_TYPE   =            1
 PULAY_MIX_OPT =     30  1  0       1.00000       0.00000
 PULAY_METRIC_Q0 =       -1.00000
 IN.OCC    =  F          -1
 IN.CC    =  F
 IN.OCC_ADIA    =  F
 SCF_ITER0_1 =    6   4    3    0.0000     0.02500    1
 SCF_ITER0_2 =   94   4    3    1.0000     0.02500    1
 SCF_ITER1_1 =   40   4    3    1.0000     0.02500    1
 NONLOCAL  =  2
 IN.A_FIELD =  F       0.00000       0.00000       0.00000
 RCUT      =    4.00000000000000     
 IN.PSP_RCUT1 =   4.00000000000000     
 IN.PSP_RCUT2 =   4.00000000000000     
 IN.PSP_RCUT3 =   4.00000000000000     
 IN.PSP_RCUT4 =   4.00000000000000     
 IN.PSP_RCUT5 =   4.00000000000000     
 IN.PSP_RCUT6 =   4.00000000000000     
 IN.PSP_RCUT7 =   4.00000000000000     
 IN.PSP_RCUT8 =   4.00000000000000     
 MD_VV_SCALE =    100
 LDAU_PSP1   =           -1  2.721138638331097E-009  2.721138638331097E-009  eV
 LDAU_PSP2   =           -1  2.721138638331097E-009  2.721138638331097E-009  eV
 LDAU_PSP3   =           -1  2.721138638331097E-009  2.721138638331097E-009  eV
 LDAU_PSP4   =           -1  2.721138638331097E-009  2.721138638331097E-009  eV
 LDAU_PSP5   =           -1  2.721138638331097E-009  2.721138638331097E-009  eV
 LDAU_PSP6   =           -1  2.721138638331097E-009  2.721138638331097E-009  eV
 LDAU_PSP7   =           -1  2.721138638331097E-009  2.721138638331097E-009  eV
 LDAU_PSP8   =           -1  2.721138638331097E-009  2.721138638331097E-009  eV
 NUM_BLOCKED_PSI=  F
 WF_STORE2DISK  =            0
 NUM_DOS_GRID =         4000
 NMAP_MAX =        50000
 KERK_AMIN =   0.300000000000000     
 KERK_AMIX =   0.400000000000000     
 KERK_AMIX_MAG =   0.800000000000000     
 KERK_BMIX =   0.500000000000000     
 LDAU_MIX =   0.700000000000000     
 PULAY_WEIGHT_SPIN =    1.00000000000000     
 PULAY_WEIGHT_NS =    1.00000000000000     
 OUT.MLMD    =  F
 NUM_MPI_PER_GPU =     1
 FLAG_CYLINDER =            0
 SET_OUT_FERMI_POS =  F           0
 E_FINITE =  F   0.00000E+00   0.00000E+00   0.00000E+00
 MLINE_EIGEN =      1
 
 ------------------------------------------------
 total number of K-point:           1
   0.00000     0.00000    0.00000     1.00000            
 ------------------------------------------------
 
 
 *********************************************
 *********** end of etot.input report ********
 minimum n1,n2,n3 from Ecut2
     118.970      119.148      119.089
 minimum n1L,n2L,n3L from Ecut2L
     118.970      119.148      119.089
 *********************************************
 
 
Weighted average num_of_PW for all kpoint=                       312673.000
 ************************************
 E_Hxc(eV)         50603.5481494077     
 E_ion(eV)        -221841.865395711     
 E_Coul(eV)        78879.4768547920     
 E_Hxc+E_ion(eV)  -171238.317246303     
 NONSCF     1          AVE_STATE_ERROR= 0.5919E+01
 NONSCF     2          AVE_STATE_ERROR= 0.1629E+01
 NONSCF     3          AVE_STATE_ERROR= 0.5055E+00
 NONSCF     4          AVE_STATE_ERROR= 0.9394E-01
 NONSCF     5          AVE_STATE_ERROR= 0.1565E-01
 NONSCF     6          AVE_STATE_ERROR= 0.3049E-02
 iter=   7   ave_lin=  4.0  iCGmth=   3
 Ef(eV)               = -.1386964E+01
 err of ug            = 0.1195E-02
 dv_ave, drho_tot     = 0.0000E+00 0.1227E+00
 E_tot(eV)            = -.13305040317418E+06    -.1331E+06
 -------------------------------------------
 iter=   8   ave_lin=  4.0  iCGmth=   3
 Ef(eV)               = -.1422778E+01
 err of ug            = 0.1071E-01
 dv_ave, drho_tot     = 0.1722E-01 0.7088E-01
 E_tot(eV)            = -.13294464706787E+06    0.1058E+03
 -------------------------------------------
 iter=   9   ave_lin=  4.0  iCGmth=   3
 Ef(eV)               = -.9291849E+00
 err of ug            = 0.6646E-02
 dv_ave, drho_tot     = 0.1375E-01 0.3041E-01
 E_tot(eV)            = -.13291199043585E+06    0.3266E+02
 -------------------------------------------
 iter=  10   ave_lin=  4.0  iCGmth=   3
 Ef(eV)               = -.8517514E+00
 err of ug            = 0.2091E-02
 dv_ave, drho_tot     = 0.6934E-02 0.1066E-01
 E_tot(eV)            = -.13290663066927E+06    0.5360E+01
 -------------------------------------------
 iter=  11   ave_lin=  4.0  iCGmth=   3
 Ef(eV)               = -.8277388E+00
 err of ug            = 0.5516E-03
 dv_ave, drho_tot     = 0.3060E-02 0.6006E-02
 E_tot(eV)            = -.13290595664484E+06    0.6740E+00
 -------------------------------------------
 iter=  12   ave_lin=  4.0  iCGmth=   3
 Ef(eV)               = -.7985179E+00
 err of ug            = 0.3095E-03
 dv_ave, drho_tot     = 0.3523E-02 0.3684E-02
 E_tot(eV)            = -.13290543482827E+06    0.5218E+00
 -------------------------------------------
 iter=  13   ave_lin=  4.0  iCGmth=   3
 Ef(eV)               = -.7751990E+00
 err of ug            = 0.3565E-03
 dv_ave, drho_tot     = 0.4069E-02 0.2857E-02
 E_tot(eV)            = -.13290493014308E+06    0.5047E+00
 -------------------------------------------
 iter=  14   ave_lin=  4.0  iCGmth=   3
 Ef(eV)               = 0.1077296E+01
 err of ug            = 0.3342E-03
 dv_ave, drho_tot     = 0.5532E-02 0.2265E-02
 E_tot(eV)            = -.13290447277542E+06    0.4574E+00
 -------------------------------------------
 iter=  15   ave_lin=  4.0  iCGmth=   3
 Ef(eV)               = 0.1264916E+01
 err of ug            = 0.3530E-03
 dv_ave, drho_tot     = 0.6362E-02 0.1810E-02
 E_tot(eV)            = -.13290414679498E+06    0.3260E+00
 -------------------------------------------
 iter=  16   ave_lin=  4.0  iCGmth=   3
 Ef(eV)               = 0.1374398E+01
 err of ug            = 0.2601E-03
 dv_ave, drho_tot     = 0.4300E-02 0.1378E-02
 E_tot(eV)            = -.13290406418413E+06    0.8261E-01
 -------------------------------------------
 iter=  17   ave_lin=  4.0  iCGmth=   3
 Ef(eV)               = 0.1623178E+01
 err of ug            = 0.1985E-03
 dv_ave, drho_tot     = 0.3690E-02 0.1066E-02
 E_tot(eV)            = -.13290403398988E+06    0.3019E-01
 -------------------------------------------
 iter=  18   ave_lin=  4.0  iCGmth=   3
 Ef(eV)               = 0.1706119E+01
 err of ug            = 0.1284E-03
 dv_ave, drho_tot     = 0.2873E-02 0.7910E-03
 E_tot(eV)            = -.13290401822581E+06    0.1576E-01
 -------------------------------------------
 iter=  19   ave_lin=  4.0  iCGmth=   3
 Ef(eV)               = 0.1798339E+01
 err of ug            = 0.1077E-03
 dv_ave, drho_tot     = 0.2438E-02 0.6027E-03
 E_tot(eV)            = -.13290400092835E+06    0.1730E-01
 -------------------------------------------
 iter=  20   ave_lin=  4.0  iCGmth=   3
 Ef(eV)               = 0.1859429E+01
 err of ug            = 0.9551E-04
 dv_ave, drho_tot     = 0.2338E-02 0.4548E-03
 E_tot(eV)            = -.13290398814038E+06    0.1279E-01
 -------------------------------------------
 iter=  21   ave_lin=  4.0  iCGmth=   3
 Ef(eV)               = 0.1889211E+01
 err of ug            = 0.6509E-04
 dv_ave, drho_tot     = 0.1062E-02 0.3756E-03
 E_tot(eV)            = -.13290398063475E+06    0.7506E-02
 -------------------------------------------
 iter=  22   ave_lin=  4.0  iCGmth=   3
 Ef(eV)               = 0.1860698E+01
 err of ug            = 0.6284E-04
 dv_ave, drho_tot     = 0.1066E-02 0.3064E-03
 E_tot(eV)            = -.13290397412326E+06    0.6511E-02
 -------------------------------------------
 iter=  23   ave_lin=  4.0  iCGmth=   3
 Ef(eV)               = 0.1828617E+01
 err of ug            = 0.5564E-04
 dv_ave, drho_tot     = 0.9003E-03 0.2465E-03
 E_tot(eV)            = -.13290397044983E+06    0.3673E-02
 -------------------------------------------
 E_Fermi(eV)=   1.82861749322655     
 ---------------------------------------------------
 Ef(eV)               = 0.1828617E+01
 dvE, dvE(n)-dvE(n-1) = 0.8105E-06 -.3266E-06
 dv_ave, drho_tot     = 0.9003E-03 0.2465E-03
 err of ug            = 0.5564E-04
 ---------------------------------------------------
 ending_scf_reason = tol Etot_err  5.279008887880000E-003
 Ewald        = -.41317499694899E+05
 Alpha        = 0.15207970391171E+04
 E_extV       = 0.00000000000000E+00    0.0000E+00
 E_NSC        = -.21438056988435E+05    0.7260E+00
 E[-rho*V_Hxc]= -.12348805423099E+06    -.7223E+00
 E_Hxc        = 0.51818843425381E+05    0.7366E+00
 -TS          = -.41480147956681E-10    0.1739E-09
 E_tot(eV)    = -.13290397044983E+06    0.3673E-02
 E_tot(Ryd)   = -.97682617380936E+04    0.1350E-03
 ---------------------------------------------------
 ---------------------------------------------------
 occup for:      kpt=1,spin=1,m=(totN/2-2,totN/2+2)
   1.000    1.000    1.000    0.000    0.000
 eigen(eV) for:  kpt=1,spin=1,m=(totN/2-2,totN/2+2)
  -1.943   -1.857   -1.776    2.432    2.716
 ---------------------------------------------------
 ---------------------------------------------------
 E_Hart,E_xc,E_ion =0.80616122232087E+05  -.28797278806706E+05  -.22430810024670E+06
 E_Hxc+E_ion       =-.17248925682132E+06
 E_kin+E_nonloc    =0.79381989027269E+05
 E_rhoVext,E_IVext     =0.00000000000000E+00  0.00000000000000E+00
 E_psiV,E_dDrho =-.10082024383325E+06  0.00000000000000E+00
 ave(vtot):v0 =-.76985080775852E+01
 ave(V_ion_s(or p,d))=ave(V_Hatree)=0; ave(Vtot)=ave(V_xc)=v0
 ---------------------------------------------------
 *********************************
 Eigen energies are values after setting ave(Vtot)=0
 For Vtot=V_ion+V_Hartree+V_xc, and
 ave(V_ion+V_Hatree)=0, ave(V_xc).ne.0:  E=E+v0
 *********************************
iislda,kpt=   1,    1      0.000000     0.000000     0.000000             kpoint in xyz unit 
 err of each states, A.U
  0.292271E-04     0.253569E-04     0.686115E-03     0.449493E-04     0.244376E-04
  0.299452E-04     0.767508E-04     0.213143E-04     0.335231E-04     0.181781E-04
  0.288391E-04     0.189214E-04     0.280994E-04     0.145687E-04     0.183597E-04
  0.452069E-04     0.378833E-04     0.307629E-04     0.154589E-04     0.120393E-04
  0.206676E-04     0.253503E-04     0.367065E-04     0.204488E-04     0.420473E-04
  0.119547E-04     0.203442E-04     0.365855E-04     0.304975E-04     0.159968E-04
  0.440642E-04     0.152102E-04     0.440670E-04     0.163647E-04     0.200957E-04
  0.140598E-04     0.128353E-04     0.197411E-04     0.155686E-04     0.489528E-04
  0.210559E-04     0.560171E-04     0.922164E-04     0.493739E-04     0.416034E-04
  0.159209E-04     0.155333E-04     0.582782E-04     0.138510E-04     0.239788E-04
  0.139849E-04     0.100947E-03     0.211197E-04     0.160495E-04     0.154761E-04
  0.445560E-04     0.355997E-04     0.163612E-04     0.198671E-04     0.209481E-04
  0.174016E-04     0.183517E-04     0.374748E-04     0.626988E-04     0.186077E-04
  0.153100E-04     0.165817E-04     0.152124E-04     0.103049E-03     0.176810E-04
  0.238516E-04     0.243348E-04     0.211940E-04     0.174409E-04     0.140395E-04
  0.200448E-04     0.460203E-04     0.524407E-04     0.149234E-04     0.122161E-04
  0.251608E-04     0.997350E-05     0.126128E-04     0.128210E-04     0.187372E-04
  0.145358E-04     0.241622E-04     0.184527E-04     0.196193E-04     0.134382E-04
  0.447642E-04     0.196398E-04     0.120741E-04     0.162535E-04     0.153357E-04
  0.610571E-04     0.199833E-04     0.141618E-04     0.142302E-04     0.133181E-04
  0.145915E-04     0.132465E-04     0.255487E-04     0.448002E-04     0.123743E-04
  0.132717E-04     0.128921E-04     0.112925E-04     0.170896E-04     0.644193E-04
  0.164734E-04     0.137947E-04     0.137081E-04     0.156325E-04     0.124336E-04
  0.124377E-04     0.121858E-04     0.161145E-04     0.142064E-04     0.139892E-04
  0.586995E-04     0.128213E-04     0.286435E-04     0.176526E-04     0.564065E-04
  0.125557E-04     0.135410E-04     0.442991E-04     0.146044E-04     0.178096E-04
  0.243681E-04     0.179142E-04     0.189230E-04     0.146457E-04     0.111601E-04
  0.221578E-04     0.199097E-04     0.333886E-04     0.227200E-04     0.355527E-04
  0.130549E-04     0.582575E-04     0.256248E-04     0.372901E-04     0.204185E-04
  0.183199E-04     0.117104E-04     0.121759E-04     0.413218E-04     0.299275E-04
  0.225821E-04     0.205859E-04     0.166197E-04     0.206128E-04     0.589833E-04
  0.205433E-04     0.877800E-04     0.113642E-04     0.363482E-04     0.310857E-04
  0.198035E-04     0.112716E-04     0.400329E-04     0.286354E-04     0.139267E-04
  0.245121E-04     0.155670E-04     0.194988E-04     0.171799E-04     0.508016E-04
  0.277268E-04     0.221679E-04     0.369534E-04     0.432345E-04     0.159544E-04
  0.161595E-04     0.150154E-04     0.124823E-04     0.118170E-04     0.163684E-04
  0.136114E-04     0.124480E-04     0.145697E-04     0.105172E-04     0.262490E-04
  0.251370E-04     0.145854E-04     0.138153E-04     0.177806E-04     0.113996E-04
  0.123604E-04     0.214092E-04     0.153464E-04     0.266762E-04     0.115654E-04
  0.213523E-04     0.141872E-04     0.189232E-04     0.163643E-04     0.207571E-04
  0.125666E-04     0.116015E-04     0.111071E-04     0.207559E-04     0.116083E-04
  0.164660E-04     0.221210E-04     0.332986E-04     0.144654E-04     0.134688E-04
  0.265584E-04     0.142686E-04     0.128987E-04     0.152050E-04     0.187552E-04
  0.218944E-04     0.261195E-04     0.273585E-04     0.155891E-04     0.192299E-04
  0.163784E-04     0.189632E-04     0.129836E-04     0.183107E-04     0.228936E-04
  0.199184E-04     0.137546E-04     0.145064E-04     0.108210E-04     0.140297E-04
  0.121791E-04     0.217555E-04     0.135713E-04     0.194074E-04     0.150361E-04
  0.112285E-04     0.140746E-04     0.159400E-04     0.142226E-04     0.209573E-04
  0.134101E-04     0.138960E-04     0.218020E-04     0.114257E-04     0.146736E-04
  0.216879E-04     0.195101E-04     0.197508E-04     0.165351E-04     0.151999E-04
  0.248354E-04     0.178477E-04     0.173795E-04     0.151120E-04     0.132792E-04
  0.133649E-04     0.215868E-04     0.141186E-04     0.134086E-04     0.183643E-04
  0.160289E-04     0.221710E-04     0.149726E-04     0.147847E-04     0.178931E-04
  0.175021E-04     0.305968E-04     0.157129E-04     0.162647E-04     0.252884E-04
  0.172557E-04     0.251570E-04     0.178591E-04     0.162401E-04     0.164947E-04
  0.168226E-04     0.224712E-04     0.164059E-04     0.230108E-04     0.345193E-04
  0.224203E-04     0.208298E-04     0.231364E-04     0.251436E-04     0.250608E-04
  0.183667E-04     0.187336E-04     0.294766E-04     0.217131E-04     0.150001E-04
  0.351953E-04     0.174794E-04     0.229512E-04     0.236459E-04     0.178049E-04
  0.185620E-04     0.251665E-04     0.148428E-04     0.246776E-04     0.188901E-04
  0.256603E-04     0.217161E-04     0.151229E-04     0.194816E-04     0.167693E-04
  0.206887E-04     0.252119E-04     0.277187E-04     0.185030E-04     0.271161E-04
  0.265874E-04     0.408864E-04     0.194202E-04     0.205201E-04     0.231588E-04
  0.162298E-04     0.295356E-04     0.263402E-04     0.224413E-04     0.216461E-04
  0.209504E-04     0.256641E-04     0.265437E-04     0.211386E-04     0.280117E-04
  0.311174E-04     0.388993E-04     0.235232E-04     0.263957E-04     0.251234E-04
  0.218253E-04     0.213266E-04     0.277722E-04     0.307800E-04     0.223696E-04
  0.283990E-04     0.224638E-04     0.279800E-04     0.243375E-04     0.110864E-04
  0.214181E-04     0.193837E-04     0.301054E-04     0.295844E-04     0.193759E-04
  0.190782E-04     0.235041E-04     0.251512E-04     0.211567E-04     0.292265E-04
  0.308399E-04     0.255754E-04     0.245089E-04     0.259632E-04     0.260762E-04
  0.137953E-04     0.239446E-04     0.203570E-04     0.226761E-04     0.248722E-04
  0.237693E-04     0.236924E-04     0.299404E-04     0.283659E-04     0.256976E-04
  0.156666E-04     0.220183E-04     0.220588E-04     0.208983E-04     0.221532E-04
  0.275148E-04     0.312187E-04     0.295122E-04     0.235256E-04     0.275074E-04
  0.240212E-04     0.249529E-04     0.245979E-04     0.271292E-04     0.186015E-04
  0.146573E-04     0.199467E-04     0.152844E-04     0.418548E-04     0.210622E-04
  0.337506E-04     0.248927E-04     0.238948E-04     0.227953E-04     0.267153E-04
  0.209393E-04     0.293238E-04     0.300077E-04     0.307354E-04     0.210155E-04
  0.202005E-04     0.275330E-04     0.371352E-04     0.224254E-04     0.324984E-04
  0.203568E-04     0.294470E-04     0.258183E-04     0.317921E-04     0.197584E-04
  0.255967E-04     0.263877E-04     0.406249E-04     0.263512E-04     0.417683E-04
  0.270540E-04     0.287321E-04     0.242096E-04     0.257736E-04     0.292717E-04
  0.324160E-04     0.218070E-04     0.190788E-04     0.264063E-04     0.370086E-04
  0.263689E-04     0.234041E-04     0.267043E-04     0.286070E-04     0.339477E-04
  0.358429E-04     0.233777E-04     0.317120E-04     0.353684E-04     0.314009E-04
  0.278622E-04     0.365307E-04     0.327374E-04     0.314585E-04     0.284449E-04
  0.266395E-04     0.227464E-04     0.240402E-04     0.399948E-04     0.290221E-04
  0.317938E-04     0.351718E-04     0.301570E-04     0.247797E-04     0.368403E-04
  0.239683E-04     0.265899E-04     0.462252E-04     0.311341E-04     0.434779E-04
  0.268215E-04     0.268993E-04     0.307880E-04     0.283139E-04     0.226131E-04
  0.301568E-04     0.279692E-04     0.276519E-04     0.260916E-04     0.205316E-04
  0.240753E-04     0.327501E-04     0.267279E-04     0.260271E-04     0.301654E-04
  0.347818E-04     0.450004E-04     0.282509E-04     0.170214E-04     0.265127E-04
  0.211972E-04     0.246297E-04     0.149267E-04     0.200052E-04     0.286670E-04
  0.268583E-04     0.277805E-04     0.223948E-04     0.379720E-04     0.352139E-04
  0.294474E-04     0.255064E-04     0.328116E-04     0.422392E-04     0.241297E-04
  0.295367E-04     0.273178E-04     0.190129E-04     0.249368E-04     0.216363E-04
  0.180327E-04     0.174271E-04     0.180556E-04     0.211939E-04     0.179483E-04
  0.132710E-04     0.178564E-04     0.174319E-04     0.165618E-04     0.222735E-04
  0.188457E-04     0.190559E-04     0.218180E-04     0.222781E-04     0.203781E-04
  0.214427E-04     0.175596E-04     0.215500E-04     0.207293E-04     0.200028E-04
  0.197850E-04     0.201294E-04     0.213168E-04     0.259572E-04     0.243652E-04
  0.269660E-04     0.227028E-04     0.239652E-04     0.309715E-04     0.199201E-04
  0.226754E-04     0.283016E-04     0.237461E-04     0.263476E-04     0.232714E-04
  0.237098E-04     0.280780E-04     0.149214E-04     0.274294E-04     0.323869E-04
  0.198533E-04     0.332244E-04     0.238539E-04     0.195681E-04     0.229191E-04
  0.272059E-04     0.303264E-04     0.182555E-04     0.294121E-04     0.245233E-04
  0.262654E-04     0.238498E-04     0.238687E-04     0.178566E-04     0.201557E-04
  0.287762E-04     0.180643E-04     0.247490E-04     0.240593E-04     0.251515E-04
  0.242776E-04     0.223723E-04     0.271406E-04     0.227067E-04     0.206533E-04
  0.244394E-04     0.194798E-04     0.182033E-04     0.253523E-04     0.346989E-04
  0.223537E-04     0.257442E-04     0.179479E-04     0.259981E-04     0.186524E-04
  0.197066E-04     0.237294E-04     0.305745E-04     0.243495E-04     0.234547E-04
  0.199782E-04     0.217974E-04     0.252155E-04     0.264119E-04     0.213637E-04
  0.206091E-04     0.290119E-04     0.244581E-04     0.245933E-04     0.295149E-04
  0.214632E-04     0.226031E-04     0.219872E-04     0.207553E-04     0.214916E-04
  0.251694E-04     0.167609E-04     0.220625E-04     0.172773E-04     0.190206E-04
  0.214412E-04     0.192474E-04     0.242974E-04     0.225066E-04     0.226130E-04
  0.234490E-04     0.235804E-04     0.289399E-04     0.241382E-04     0.217198E-04
  0.220978E-04     0.214642E-04     0.239891E-04     0.217235E-04     0.215789E-04
  0.218273E-04     0.246465E-04     0.222515E-04     0.235870E-04     0.202382E-04
  0.225176E-04     0.265274E-04     0.279074E-04     0.227516E-04     0.197905E-04
  0.222197E-04     0.223474E-04     0.205932E-04     0.219820E-04     0.200119E-04
  0.336530E-04     0.297216E-04     0.226990E-04     0.195047E-04     0.276007E-04
  0.227793E-04     0.298103E-04     0.270103E-04     0.250502E-04     0.187951E-04
  0.222855E-04     0.250136E-04     0.195055E-04     0.218532E-04     0.204922E-04
  0.173354E-04     0.197160E-04     0.237025E-04     0.260926E-04     0.241545E-04
  0.207352E-04     0.221309E-04     0.224327E-04     0.240888E-04     0.247875E-04
  0.232590E-04     0.223203E-04     0.245343E-04     0.230014E-04     0.275049E-04
  0.248405E-04     0.230032E-04     0.263188E-04     0.275188E-04     0.253888E-04
  0.239900E-04     0.211641E-04     0.239993E-04     0.210432E-04     0.264787E-04
  0.209519E-04     0.263229E-04     0.249190E-04     0.291386E-04     0.282239E-04
  0.275321E-04     0.259535E-04     0.260040E-04     0.232091E-04     0.226118E-04
  0.229220E-04     0.285317E-04     0.252383E-04     0.254951E-04     0.287242E-04
  0.268840E-04     0.279331E-04     0.271919E-04     0.223690E-04     0.298462E-04
  0.253046E-04     0.287683E-04     0.293009E-04     0.263578E-04     0.287393E-04
  0.332835E-04     0.302149E-04     0.229136E-04     0.252961E-04     0.276219E-04
  0.272065E-04     0.294226E-04     0.289437E-04     0.239475E-04     0.272723E-04
  0.259997E-04     0.274790E-04     0.273792E-04     0.282184E-04     0.280644E-04
  0.264026E-04     0.252856E-04     0.258732E-04     0.250482E-04     0.304351E-04
  0.296143E-04     0.284874E-04     0.298741E-04     0.268533E-04     0.286773E-04
  0.295558E-04     0.293328E-04     0.317800E-04     0.290865E-04     0.301793E-04
  0.323248E-04     0.320531E-04     0.286746E-04     0.342878E-04     0.308399E-04
  0.319317E-04     0.309918E-04     0.345893E-04     0.331390E-04     0.275108E-04
  0.344093E-04     0.311700E-04     0.266094E-04     0.308998E-04     0.297700E-04
  0.340640E-04     0.322318E-04     0.300048E-04     0.283817E-04     0.364101E-04
  0.290437E-04     0.331530E-04     0.342718E-04     0.318842E-04     0.286138E-04
  0.349572E-04     0.319232E-04     0.282553E-04     0.272462E-04     0.244162E-04
  0.322924E-04     0.358061E-04     0.296644E-04     0.362907E-04     0.349583E-04
  0.324886E-04     0.298826E-04     0.318318E-04     0.308267E-04     0.278075E-04
  0.313663E-04     0.369677E-04     0.465090E-04     0.359486E-04     0.373320E-04
  0.308691E-04     0.336971E-04     0.407937E-04     0.304002E-04     0.370627E-04
  0.290808E-04     0.278619E-04     0.296676E-04     0.300205E-04     0.340736E-04
  0.331917E-04     0.392072E-04     0.341269E-04     0.493122E-04     0.396381E-04
  0.277438E-04     0.324209E-04     0.341805E-04     0.360827E-04     0.288439E-04
  0.298734E-04     0.349611E-04     0.326632E-04     0.300611E-04     0.325809E-04
  0.352997E-04     0.314143E-04     0.325115E-04     0.322953E-04     0.360802E-04
  0.277598E-04     0.327182E-04     0.284713E-04     0.334207E-04     0.361893E-04
  0.383019E-04     0.331849E-04     0.265543E-04     0.285613E-04     0.349899E-04
  0.240656E-04     0.326915E-04     0.246546E-04     0.282016E-04     0.256940E-04
  0.252160E-04     0.222275E-04     0.226050E-04     0.224946E-04     0.269702E-04
  0.276904E-04     0.288428E-04     0.277035E-04     0.268026E-04     0.272214E-04
  0.253326E-04     0.397891E-04     0.332636E-04     0.368367E-04     0.325616E-04
  0.275484E-04     0.296660E-04     0.331984E-04     0.331384E-04     0.424927E-04
  0.349725E-04     0.300272E-04     0.423573E-04     0.397479E-04     0.327342E-04
  0.313486E-04     0.338037E-04     0.390975E-04     0.339278E-04     0.506827E-04
  0.509879E-04     0.322140E-04     0.428800E-04     0.311939E-04     0.451835E-04
  0.432341E-04     0.360066E-04     0.294110E-04     0.268926E-04     0.271435E-04
  0.310369E-04     0.248972E-04     0.270438E-04     0.267038E-04     0.294583E-04
  0.285957E-04     0.387234E-04     0.296056E-04     0.301081E-04     0.366077E-04
  0.422347E-04     0.253739E-04     0.283091E-04     0.288426E-04     0.259957E-04
  0.277308E-04     0.409774E-04     0.262321E-04     0.263267E-04     0.264292E-04
  0.510428E-04     0.469422E-04     0.443869E-04     0.304270E-04     0.357470E-04
  0.456782E-04     0.472180E-04     0.352460E-04     0.332941E-04     0.377436E-04
  0.341168E-04     0.457711E-04     0.349520E-04     0.603328E-04     0.347636E-04
  0.489127E-04     0.640333E-04     0.318697E-04     0.333179E-04     0.433563E-04
  0.707580E-04     0.443319E-04     0.365357E-04     0.395027E-04     0.499313E-04
  0.367786E-04     0.478720E-04     0.368875E-04     0.338816E-04     0.221784E-04
  0.241450E-04     0.474659E-04     0.378106E-04     0.322294E-04     0.605174E-04
  0.451637E-04     0.746289E-04     0.427123E-04     0.371557E-04     0.407720E-04
  0.323620E-04     0.375696E-04     0.431564E-04     0.311423E-04     0.277627E-04
  0.574913E-04     0.308872E-04     0.383207E-04     0.384433E-04     0.373167E-04
  0.543151E-04     0.243703E-04     0.529765E-04     0.474555E-04     0.418664E-04
  0.318214E-04     0.309586E-04     0.378546E-04     0.453016E-04     0.261875E-04
  0.366727E-04     0.464802E-04     0.286072E-04     0.382221E-04     0.751772E-04
  0.511115E-04     0.448490E-04     0.564973E-04     0.263933E-04     0.436125E-04
  0.324878E-04     0.393701E-04     0.297651E-04     0.457293E-04     0.307577E-04
  0.385131E-04     0.425043E-04     0.317559E-04     0.437910E-04     0.351429E-04
  0.500079E-04     0.296262E-04     0.246363E-04     0.330996E-04     0.331653E-04
  0.271690E-04     0.304896E-04     0.365069E-04     0.367427E-04     0.304064E-04
  0.416026E-04     0.465738E-04     0.294159E-04     0.459840E-04     0.486117E-04
  0.488809E-04     0.495943E-04     0.371436E-04     0.448886E-04     0.160351E-04
  0.334441E-04     0.336595E-04     0.325937E-04     0.442098E-04     0.250196E-04
  0.661471E-04     0.106062E-03     0.119988E-03     0.205207E-03     0.191698E-03
  0.113696E-03     0.165778E-03     0.171175E-03     0.313167E-03     0.195720E-03
  0.345434E-03     0.160063E-03     0.400079E-03     0.371290E-03     0.447091E-03
  0.643144E-03     0.613745E-03     0.745593E-03     0.806054E-03     0.820521E-03
  0.129801E-02     0.970075E-03     0.731624E-03     0.109345E-02     0.119138E-02
  0.104844E-02     0.127019E-02     0.787603E-03     0.152740E-02     0.181050E-02
  0.154136E-02     0.235138E-02     0.279662E-02     0.146071E-02     0.198547E-02
  0.213757E-02     0.176726E-02     0.347353E-02     0.134766E-02     0.263614E-02
  0.263830E-02     0.520560E-02     0.393586E-02     0.356865E-02     0.376353E-02
  0.386927E-02     0.345272E-02     0.371307E-02     0.748980E-02     0.789019E-02
  0.627518E-02     0.611764E-02     0.718166E-02     0.808371E-02     0.841397E-02
  0.725892E-02     0.103007E-01     0.188285E-01
 eigen energies, in eV 
    -44.598695       -44.516478       -44.393434       -44.082938       -44.001782
    -28.792614       -28.729434       -28.549050       -28.544272       -28.501405
    -28.498211       -28.466101       -28.457889       -28.367142       -28.350084
    -28.337696       -28.290165       -28.275047       -28.181058       -28.152574
    -28.102427       -28.088143       -28.075893       -28.049447       -28.028300
    -28.008411       -27.976177       -27.961981       -27.941471       -27.940920
    -27.935784       -27.931023       -27.902899       -27.895347       -27.865824
    -27.855297       -27.769098       -27.737210       -27.729030       -27.589265
    -27.553767       -27.550680       -27.536104       -27.529290       -27.504198
    -27.465697       -27.461282       -27.451375       -27.419300       -27.400140
    -27.368223       -27.362843       -27.357630       -27.336859       -27.324092
    -27.313004       -27.282351       -27.270209       -27.266215       -27.240709
    -27.205754       -27.190091       -27.165109       -27.163725       -27.112978
    -27.039022       -27.034687       -27.018119       -26.952002       -26.931202
    -26.926417       -26.775397       -26.658160       -26.646473       -26.642392
    -26.605252       -26.570575       -26.550560       -26.519146       -26.514497
    -26.492612       -26.451336       -26.376260       -26.353017       -26.352784
    -26.339121       -26.330114       -26.320407       -26.313335       -26.233930
    -26.212948       -26.148159       -26.134100       -26.108184       -26.102822
    -26.085008       -26.062635       -26.042518       -26.028682       -26.016268
    -26.004881       -25.992559       -25.945731       -25.929712       -25.925382
    -25.925182       -25.923297       -25.922206       -25.903679       -25.890436
    -25.853096       -25.849159       -25.847263       -25.836329       -25.820422
    -25.806197       -25.770985       -25.750318       -25.739042       -25.707775
    -25.694293       -25.679936       -25.652218       -25.554780       -25.482444
    -25.464631       -25.458665       -25.450930       -25.353447       -25.343465
    -25.285525       -25.185080       -25.088945       -24.991084       -24.970954
    -24.224200       -24.071457       -23.951219       -23.717468       -23.666885
    -23.625382       -23.507239       -23.422449       -23.396539       -23.383519
    -23.309832       -23.290459       -23.268962       -23.259602       -23.217978
    -23.213931       -23.181976       -23.131356       -23.080361       -23.013514
    -23.011336       -22.995070       -22.930964       -22.921872       -22.918947
    -22.900005       -22.795422       -22.597609       -22.597333       -22.567583
    -22.472055       -22.337933       -22.300150       -22.186496       -21.886278
    -21.782572       -21.627740       -21.577578       -21.398321       -21.396056
    -21.385424       -21.335985       -21.267576       -21.087450       -21.078711
    -21.049899       -21.029154       -21.005132       -20.961687       -20.956769
    -20.956285       -20.895938       -20.744673       -20.703304       -20.518988
    -18.556790       -18.355400       -18.158011       -18.108469       -18.092042
    -16.493143       -16.151066       -15.982814       -15.971792       -15.965287
    -15.934776       -15.925157       -15.842419       -15.726266       -15.715901
    -15.683507       -15.538489       -15.491568       -15.453827       -15.441832
    -15.387364       -15.315741       -15.114666       -15.084379       -15.061078
    -15.031206       -14.924496       -14.856276       -14.815594       -14.787141
    -14.751467       -14.707761       -14.626646       -14.564253       -14.543042
    -14.525408       -14.443602       -14.432453       -14.430050       -14.408158
    -14.390948       -14.322125       -14.276166       -14.249034       -14.194836
    -13.967738       -13.786745       -13.757864       -13.740450       -13.635092
    -13.595179       -13.568887       -13.540798       -13.463610       -13.435604
    -13.427048       -13.411953       -13.406352       -13.368324       -13.367215
    -13.359036       -13.349784       -13.322802       -13.301342       -13.291321
    -13.233892       -13.218585       -13.211144       -13.179271       -13.167170
    -13.135567       -13.129697       -13.091129       -12.925586       -12.735062
    -12.391891       -12.257437       -12.247385       -12.237639       -12.138496
    -12.035732       -11.972486       -11.931962       -11.927758       -11.899003
    -11.891788       -11.881131       -11.865957       -11.836924       -11.806647
    -11.691371       -11.684525       -11.656763       -11.617635       -11.600933
    -11.591355       -11.579362       -11.545606       -11.513473       -11.472116
    -11.451338       -11.450485       -11.439242       -11.432308       -11.411464
    -11.373541       -11.340221       -11.308942       -11.281003       -11.266423
    -11.261628       -11.154808       -10.911987       -10.891731       -10.862942
    -10.844253       -10.832058       -10.819213       -10.803663       -10.799789
    -10.770673       -10.760552       -10.667710       -10.637506       -10.624865
    -10.614401       -10.573955       -10.559506       -10.536860       -10.516679
    -10.504894       -10.473825       -10.469109       -10.460973       -10.457830
    -10.437299       -10.426360       -10.423112       -10.380354       -10.372529
    -10.362688       -10.348253       -10.340042       -10.301226       -10.285528
    -10.279424       -10.269794       -10.262222       -10.248700       -10.229642
    -10.217948       -10.208467       -10.188736       -10.186993       -10.176001
    -10.154833       -10.107957       -10.094449       -10.080992       -10.075593
    -10.070926       -10.067656       -10.060197       -10.046985       -10.043810
    -10.018258       -10.009656       -10.006888       -10.003495        -9.979397
     -9.975412        -9.958669        -9.952853        -9.941889        -9.925900
     -9.910094        -9.899268        -9.891251        -9.883080        -9.873305
     -9.861235        -9.838420        -9.831696        -9.826063        -9.821333
     -9.804850        -9.783745        -9.772074        -9.755397        -9.754411
     -9.713803        -9.708986        -9.695125        -9.654521        -9.629185
     -9.613599        -9.606807        -9.604287        -9.588659        -9.584910
     -9.576994        -9.559746        -9.555897        -9.551617        -9.533517
     -9.510592        -9.503500        -9.496314        -9.492777        -9.467730
     -9.421571        -9.403905        -9.394212        -9.380117        -9.363812
     -9.359060        -9.337318        -9.329484        -9.303336        -9.297130
     -9.288670        -9.283278        -9.262639        -9.257595        -9.225300
     -9.220739        -9.213511        -9.181892        -9.143571        -9.138957
     -9.127742        -9.119958        -9.112100        -9.100658        -9.073891
     -9.063482        -9.058829        -9.052396        -9.046488        -9.032481
     -9.026801        -8.998180        -8.976014        -8.970761        -8.962532
     -8.935700        -8.932721        -8.920444        -8.911416        -8.900808
     -8.853440        -8.849238        -8.842135        -8.832593        -8.827439
     -8.814602        -8.797526        -8.771597        -8.770804        -8.763710
     -8.754961        -8.730037        -8.721160        -8.714950        -8.701807
     -8.682270        -8.678301        -8.673850        -8.658521        -8.637792
     -8.627307        -8.597206        -8.594080        -8.591842        -8.566327
     -8.499940        -8.488700        -8.467459        -8.445368        -8.420900
     -8.387547        -8.375366        -8.343402        -8.329028        -8.308075
     -8.301287        -8.291846        -8.276342        -8.265259        -8.260761
     -8.259001        -8.239482        -8.228388        -8.174084        -8.157207
     -8.088587        -8.069378        -8.028307        -8.016657        -7.981290
     -7.974084        -7.950870        -7.928738        -7.899693        -7.845557
     -7.832215        -7.792794        -7.780942        -7.775928        -7.766157
     -7.756772        -7.749311        -7.740483        -7.726473        -7.678662
     -7.663065        -7.647799        -7.619216        -7.616939        -7.588294
     -7.545659        -7.474961        -7.468606        -7.407233        -7.398161
     -7.388277        -7.382188        -7.381539        -7.349851        -7.339799
     -7.301513        -7.299509        -7.267255        -7.262179        -7.243529
     -7.240358        -7.205600        -7.187834        -7.174620        -7.156821
     -7.139147        -7.128591        -7.119090        -7.116291        -7.098574
     -7.093288        -7.065679        -7.043254        -7.039772        -7.022429
     -7.017317        -7.010962        -7.004870        -6.935237        -6.912606
     -6.878237        -6.866351        -6.853359        -6.844896        -6.828228
     -6.817460        -6.811942        -6.803248        -6.787473        -6.770738
     -6.754764        -6.748052        -6.730898        -6.730568        -6.716055
     -6.703326        -6.697020        -6.693734        -6.688782        -6.674891
     -6.665497        -6.645108        -6.625542        -6.617712        -6.606553
     -6.597250        -6.567555        -6.541716        -6.530419        -6.524719
     -6.515993        -6.505422        -6.499718        -6.493241        -6.487687
     -6.470334        -6.465679        -6.452848        -6.443623        -6.436358
     -6.412651        -6.406456        -6.394254        -6.383629        -6.381825
     -6.363718        -6.361382        -6.354713        -6.332018        -6.326724
     -6.314594        -6.298083        -6.291808        -6.278004        -6.263571
     -6.259292        -6.256414        -6.246649        -6.220201        -6.210987
     -6.210182        -6.200471        -6.188634        -6.176671        -6.173458
     -6.154162        -6.151436        -6.145358        -6.141848        -6.116151
     -6.104410        -6.085770        -6.078581        -6.065384        -6.059973
     -6.045126        -6.044106        -6.033404        -6.031124        -6.022853
     -6.018505        -6.005489        -6.002268        -5.988456        -5.986073
     -5.972922        -5.970188        -5.960388        -5.956506        -5.952733
     -5.924442        -5.912207        -5.907470        -5.900359        -5.894925
     -5.883950        -5.877908        -5.865384        -5.862741        -5.856352
     -5.838725        -5.832030        -5.820986        -5.815763        -5.810885
     -5.802475        -5.796207        -5.780675        -5.773964        -5.771557
     -5.765858        -5.758685        -5.754178        -5.747124        -5.739674
     -5.738012        -5.736040        -5.724206        -5.717138        -5.712284
     -5.709817        -5.692822        -5.673916        -5.671063        -5.668939
     -5.660339        -5.648892        -5.640945        -5.637068        -5.632052
     -5.622911        -5.612704        -5.609010        -5.608080        -5.602994
     -5.596075        -5.594991        -5.587238        -5.573311        -5.563137
     -5.555299        -5.552951        -5.544349        -5.540529        -5.535426
     -5.523553        -5.519013        -5.516317        -5.512327        -5.507647
     -5.495916        -5.483073        -5.474248        -5.462745        -5.457479
     -5.449396        -5.439376        -5.437343        -5.431797        -5.424835
     -5.414942        -5.412401        -5.405969        -5.396805        -5.392043
     -5.383921        -5.375927        -5.364389        -5.355407        -5.344848
     -5.343352        -5.333571        -5.329154        -5.318986        -5.317534
     -5.307052        -5.301392        -5.287199        -5.276741        -5.270864
     -5.263330        -5.252459        -5.243656        -5.242396        -5.236880
     -5.234309        -5.225474        -5.222408        -5.213763        -5.211755
     -5.203455        -5.198322        -5.192228        -5.184966        -5.181189
     -5.175285        -5.165473        -5.164020        -5.158156        -5.152467
     -5.144402        -5.131533        -5.128675        -5.120717        -5.114367
     -5.112411        -5.105697        -5.103078        -5.096526        -5.092449
     -5.084296        -5.079009        -5.066169        -5.058877        -5.057877
     -5.053264        -5.044812        -5.038661        -5.022035        -5.017252
     -5.010586        -5.006515        -4.999093        -4.993578        -4.981167
     -4.968808        -4.960321        -4.952788        -4.941336        -4.936711
     -4.932620        -4.928899        -4.923054        -4.914369        -4.902369
     -4.893096        -4.886937        -4.884524        -4.879211        -4.872562
     -4.871641        -4.869750        -4.857039        -4.848861        -4.843236
     -4.840001        -4.834970        -4.833822        -4.826131        -4.818879
     -4.810240        -4.806603        -4.791632        -4.789855        -4.786197
     -4.771870        -4.762922        -4.753318        -4.748368        -4.730797
     -4.724997        -4.717507        -4.710208        -4.695733        -4.682295
     -4.671723        -4.663996        -4.658377        -4.653865        -4.638177
     -4.633729        -4.615189        -4.595882        -4.593780        -4.576071
     -4.560465        -4.542076        -4.540296        -4.531616        -4.520899
     -4.513240        -4.503088        -4.492913        -4.456095        -4.448121
     -4.435801        -4.408832        -4.400512        -4.383930        -4.370978
     -4.362745        -4.357950        -4.342497        -4.325472        -4.287546
     -4.279848        -4.259643        -4.253546        -4.239830        -4.230984
     -4.218679        -4.206919        -4.204084        -4.199233        -4.192744
     -4.177747        -4.162985        -4.139151        -4.118871        -4.094324
     -4.081385        -4.059891        -4.039415        -4.000915        -3.998207
     -3.986226        -3.907642        -3.875583        -3.862512        -3.848676
     -3.834659        -3.799404        -3.796981        -3.786879        -3.760060
     -3.745966        -3.727052        -3.705685        -3.696688        -3.689042
     -3.670897        -3.644043        -3.640087        -3.596281        -3.578474
     -3.571611        -3.562314        -3.531423        -3.521879        -3.519611
     -3.513581        -3.500756        -3.496258        -3.471958        -3.456292
     -3.449778        -3.445280        -3.422633        -3.408615        -3.398649
     -3.383148        -3.346799        -3.339311        -3.335056        -3.295719
     -3.285573        -3.281030        -3.272609        -3.261936        -3.251814
     -3.235389        -3.223522        -3.220382        -3.203518        -3.196669
     -3.190495        -3.184453        -3.175575        -3.163681        -3.144379
     -3.103074        -3.091482        -3.074716        -3.052214        -3.048468
     -3.044109        -3.023755        -3.010199        -3.003180        -2.984596
     -2.935448        -2.930952        -2.913173        -2.882783        -2.849826
     -2.834185        -2.829048        -2.817000        -2.801983        -2.767042
     -2.765597        -2.743109        -2.717690        -2.682491        -2.664073
     -2.640635        -2.621854        -2.615815        -2.587866        -2.576198
     -2.565350        -2.538105        -2.513714        -2.486308        -2.481231
     -2.440510        -2.437065        -2.402889        -2.342861        -2.312642
     -2.300073        -2.289514        -2.263904        -2.259450        -2.248902
     -2.182690        -2.179072        -2.150840        -2.053139        -2.030295
     -2.016201        -1.958865        -1.943081        -1.857245        -1.776389
      2.431976         2.716280         2.731362         2.845849         2.886646
      2.978049         3.099577         3.116025         3.201998         3.255642
      3.369314         3.378844         3.420829         3.493385         3.522895
      3.559834         3.589259         3.678754         3.699530         3.738558
      3.750221         3.802744         3.818398         3.852607         3.889141
      3.912470         3.923447         3.955379         3.975260         4.020280
      4.063804         4.082435         4.085316         4.111333         4.135949
      4.151705         4.175597         4.196664         4.209646         4.218372
      4.255630         4.270162         4.302415         4.324631         4.331163
      4.346583         4.361834         4.404489         4.425559         4.458633
      4.467287         4.510074         4.530132         4.550666         4.599189
      4.623238         4.637549         4.655208
 *********************************
 total computation time (sec)=   1995.77259302139     
