 AEM_Eatom=  2.278393834397593E-002
 AEM_Egroup=  3.771356368309888E-003
 AEM_Etot=  5.633439995169023E-003
 AEM_F=  0.544235382595956     
