           4           1
 PRECISION  = SINGLE     
 JOB       = SCF
 IN.PSP1   = /home/sabs/shenjie/Pseudopotential/Li.nc.pbe.UPF
 IN.PSP2   = /home/sabs/shenjie/Pseudopotential/C.nc.pbe.UPF
 IN.PSP3   = /home/sabs/shenjie/Pseudopotential/O.nc.pbe.UPF
 IN.PSP4   = /home/sabs/shenjie/Pseudopotential/N.nc.pbe.UPF
 IN.PSP5   = /home/sabs/shenjie/Pseudopotential/S.nc.pbe.UPF
 IN.PSP6   = /home/sabs/shenjie/Pseudopotential/F.nc.pbe.UPF
 IN.PSP7   = /home/sabs/shenjie/Pseudopotential/H.nc.pbe.UPF
 IN.PSP8   = /home/sabs/shenjie/Pseudopotential/P.nc.pbe.UPF
 IN.ATOM   = atom.config         
 CONVERGENCE  = EASY
 ACCURACY  = NORM
 VFF_DETAIL =   1   500  0.50000000E-02     30.00000     4.00000     0.00000     1.00000  
 EGG_DETAIL =            3           3           3
 SPIN      =   1
 CONSTRAINT_MAG =           0
 RANDOM_SEED=           0
 QIJ_DETAIL =   0  1
 SCF_MIX = CHARGE
 PWSCF_OUTPUT     =  F
 Ecut      =    60.0000000000000     
 Ecut2     =    120.000000000000     
 Ecut2L    =    120.000000000000     
 EcutP    =    60.0000000000000     
 N123      =   120   120   120
 NS123     =    40    40    40
 N123L     =   120   120   120
 STRESS_CORR =   0.100000E+01  0.000000E+00  0.200000E+01  0.000000E+00
 XCFUNCTIONAL = LDA
 HSE_DETAIL    =      1.00000000    1     0.00000000    6 1 1
 RELAX_HSE    =    20   0.50000E-01     2
 VDW       = NONE
 LONDON_S6      =   0.000000000000000E+000
 LONDON_C6(1)      =   -1.00000000000000     
 LONDON_C6(2)      =   -1.00000000000000     
 LONDON_C6(3)      =   -1.00000000000000     
 LONDON_C6(4)      =   -1.00000000000000     
 LONDON_C6(5)      =   -1.00000000000000     
 LONDON_C6(6)      =   -1.00000000000000     
 LONDON_C6(7)      =   -1.00000000000000     
 LONDON_C6(8)      =   -1.00000000000000     
 LONDON_RCUT      =   0.000000000000000E+000
 DFTD3_S6        =   0.000000000000000E+000
 DFTD3_RS6        =   0.000000000000000E+000
 DFTD3_S18        =   0.000000000000000E+000
 DFTD3_RS18        =   0.000000000000000E+000
 DFTD3_ALPHA6        =   0.000000000000000E+000
 DFTD3_VERSION        =            0
 DFTD3_3BODY        =  F
 COULOMB   =    0
 IN.WG     =  F
 OUT.WG    =  F
 IN.RHO    =  F
 OUT.RHOATOM =  F
 OUT.RHO   =  F
 IN.VR     =  F
 OUT.VR    =  F
 OUT.ELF   =  F
 IN.VEXT   =  F
 OUT.VATOM   =  F
 OUT.FORCE =  T
 OUT.STRESS =  F
 IN.KPT    =  F
 IN.SYMM   =  F
 SYMM_PREC =    0.10000E-04
 MP_N123 =      1      1      1      0      0      0      0
 NUM_KPT =            1
 CHARGE_DECOMP = F
 ENERGY_DECOMP = F 
 IN.SOLVENT =  F
 NUM_ELECTRON =   1940.00000000000     
 FIX_FERMI =   F  0.000000E+00  0.000000E+00  0.000000E+00
 IN.NONSCF    =  F
 NUM_BAND  =  1028
 OUT.REAL.RHOWF_SP= 0
 WG_ERROR  =   1.000000000000000E-004
 E_ERROR   =   5.279008887880000E-003
 RHO_ERROR =   5.000000000000000E-005
 RHO_RELATIVE_ERROR      =   0.000000000000000E+000
 FORCE_RELATIVE_ERROR     =   0.000000000000000E+000
 MIN_SCF_ITER     =            1
 SYS_TYPE   =            1
 PULAY_MIX_OPT =     30  1  0       1.00000       0.00000
 PULAY_METRIC_Q0 =       -1.00000
 IN.OCC    =  F          -1
 IN.CC    =  F
 IN.OCC_ADIA    =  F
 SCF_ITER0_1 =    6   4    3    0.0000     0.02500    1
 SCF_ITER0_2 =   94   4    3    1.0000     0.02500    1
 SCF_ITER1_1 =   40   4    3    1.0000     0.02500    1
 NONLOCAL  =  2
 IN.A_FIELD =  F       0.00000       0.00000       0.00000
 RCUT      =    4.00000000000000     
 IN.PSP_RCUT1 =   4.00000000000000     
 IN.PSP_RCUT2 =   4.00000000000000     
 IN.PSP_RCUT3 =   4.00000000000000     
 IN.PSP_RCUT4 =   4.00000000000000     
 IN.PSP_RCUT5 =   4.00000000000000     
 IN.PSP_RCUT6 =   4.00000000000000     
 IN.PSP_RCUT7 =   4.00000000000000     
 IN.PSP_RCUT8 =   4.00000000000000     
 MD_VV_SCALE =    100
 LDAU_PSP1   =           -1  2.721138638331097E-009  2.721138638331097E-009  eV
 LDAU_PSP2   =           -1  2.721138638331097E-009  2.721138638331097E-009  eV
 LDAU_PSP3   =           -1  2.721138638331097E-009  2.721138638331097E-009  eV
 LDAU_PSP4   =           -1  2.721138638331097E-009  2.721138638331097E-009  eV
 LDAU_PSP5   =           -1  2.721138638331097E-009  2.721138638331097E-009  eV
 LDAU_PSP6   =           -1  2.721138638331097E-009  2.721138638331097E-009  eV
 LDAU_PSP7   =           -1  2.721138638331097E-009  2.721138638331097E-009  eV
 LDAU_PSP8   =           -1  2.721138638331097E-009  2.721138638331097E-009  eV
 NUM_BLOCKED_PSI=  F
 WF_STORE2DISK  =            0
 NUM_DOS_GRID =         4000
 NMAP_MAX =        50000
 KERK_AMIN =   0.300000000000000     
 KERK_AMIX =   0.400000000000000     
 KERK_AMIX_MAG =   0.800000000000000     
 KERK_BMIX =   0.500000000000000     
 LDAU_MIX =   0.700000000000000     
 PULAY_WEIGHT_SPIN =    1.00000000000000     
 PULAY_WEIGHT_NS =    1.00000000000000     
 OUT.MLMD    =  F
 NUM_MPI_PER_GPU =     1
 FLAG_CYLINDER =            0
 SET_OUT_FERMI_POS =  F           0
 E_FINITE =  F   0.00000E+00   0.00000E+00   0.00000E+00
 MLINE_EIGEN =      1
 
 ------------------------------------------------
 total number of K-point:           1
   0.00000     0.00000    0.00000     1.00000            
 ------------------------------------------------
 
 
 *********************************************
 *********** end of etot.input report ********
 minimum n1,n2,n3 from Ecut2
     118.970      119.148      119.089
 minimum n1L,n2L,n3L from Ecut2L
     118.970      119.148      119.089
 *********************************************
 
 
Weighted average num_of_PW for all kpoint=                       312673.000
 ************************************
 E_Hxc(eV)         49782.7635862282     
 E_ion(eV)        -219950.611466934     
 E_Coul(eV)        78026.0328759215     
 E_Hxc+E_ion(eV)  -170167.847880706     
 NONSCF     1          AVE_STATE_ERROR= 0.5919E+01
 NONSCF     2          AVE_STATE_ERROR= 0.1625E+01
 NONSCF     3          AVE_STATE_ERROR= 0.5003E+00
 NONSCF     4          AVE_STATE_ERROR= 0.9240E-01
 NONSCF     5          AVE_STATE_ERROR= 0.1561E-01
 NONSCF     6          AVE_STATE_ERROR= 0.3111E-02
 iter=   7   ave_lin=  4.0  iCGmth=   3
 Ef(eV)               = -.1354168E+01
 err of ug            = 0.1225E-02
 dv_ave, drho_tot     = 0.0000E+00 0.1238E+00
 E_tot(eV)            = -.13305371421034E+06    -.1331E+06
 -------------------------------------------
 iter=   8   ave_lin=  4.0  iCGmth=   3
 Ef(eV)               = 0.1882537E+00
 err of ug            = 0.1096E-01
 dv_ave, drho_tot     = 0.1733E-01 0.7132E-01
 E_tot(eV)            = -.13294523239876E+06    0.1085E+03
 -------------------------------------------
 iter=   9   ave_lin=  4.0  iCGmth=   3
 Ef(eV)               = -.1125023E+01
 err of ug            = 0.6757E-02
 dv_ave, drho_tot     = 0.1378E-01 0.3058E-01
 E_tot(eV)            = -.13291208635375E+06    0.3315E+02
 -------------------------------------------
 iter=  10   ave_lin=  4.0  iCGmth=   3
 Ef(eV)               = 0.6871692E+00
 err of ug            = 0.2037E-02
 dv_ave, drho_tot     = 0.6978E-02 0.1067E-01
 E_tot(eV)            = -.13290668687865E+06    0.5399E+01
 -------------------------------------------
 iter=  11   ave_lin=  4.0  iCGmth=   3
 Ef(eV)               = 0.6687243E+00
 err of ug            = 0.5508E-03
 dv_ave, drho_tot     = 0.3035E-02 0.5969E-02
 E_tot(eV)            = -.13290602386970E+06    0.6630E+00
 -------------------------------------------
 iter=  12   ave_lin=  4.0  iCGmth=   3
 Ef(eV)               = 0.5413077E+00
 err of ug            = 0.3054E-03
 dv_ave, drho_tot     = 0.3512E-02 0.3611E-02
 E_tot(eV)            = -.13290551721847E+06    0.5067E+00
 -------------------------------------------
 iter=  13   ave_lin=  4.0  iCGmth=   3
 Ef(eV)               = 0.3611836E+00
 err of ug            = 0.3491E-03
 dv_ave, drho_tot     = 0.4046E-02 0.2783E-02
 E_tot(eV)            = -.13290503019431E+06    0.4870E+00
 -------------------------------------------
 iter=  14   ave_lin=  4.0  iCGmth=   3
 Ef(eV)               = 0.4520122E+00
 err of ug            = 0.3250E-03
 dv_ave, drho_tot     = 0.5420E-02 0.2173E-02
 E_tot(eV)            = -.13290460259323E+06    0.4276E+00
 -------------------------------------------
 iter=  15   ave_lin=  4.0  iCGmth=   3
 Ef(eV)               = 0.7295084E+00
 err of ug            = 0.3378E-03
 dv_ave, drho_tot     = 0.6178E-02 0.1741E-02
 E_tot(eV)            = -.13290430904328E+06    0.2935E+00
 -------------------------------------------
 iter=  16   ave_lin=  4.0  iCGmth=   3
 Ef(eV)               = 0.9906286E+00
 err of ug            = 0.2482E-03
 dv_ave, drho_tot     = 0.3952E-02 0.1351E-02
 E_tot(eV)            = -.13290423423098E+06    0.7481E-01
 -------------------------------------------
 iter=  17   ave_lin=  4.0  iCGmth=   3
 Ef(eV)               = 0.1171833E+01
 err of ug            = 0.1984E-03
 dv_ave, drho_tot     = 0.3557E-02 0.1068E-02
 E_tot(eV)            = -.13290420401034E+06    0.3022E-01
 -------------------------------------------
 iter=  18   ave_lin=  4.0  iCGmth=   3
 Ef(eV)               = 0.1245443E+01
 err of ug            = 0.1312E-03
 dv_ave, drho_tot     = 0.2807E-02 0.8057E-03
 E_tot(eV)            = -.13290418822774E+06    0.1578E-01
 -------------------------------------------
 iter=  19   ave_lin=  4.0  iCGmth=   3
 Ef(eV)               = 0.1294476E+01
 err of ug            = 0.1144E-03
 dv_ave, drho_tot     = 0.2560E-02 0.6163E-03
 E_tot(eV)            = -.13290417048662E+06    0.1774E-01
 -------------------------------------------
 iter=  20   ave_lin=  4.0  iCGmth=   3
 Ef(eV)               = 0.1303929E+01
 err of ug            = 0.1019E-03
 dv_ave, drho_tot     = 0.2284E-02 0.4488E-03
 E_tot(eV)            = -.13290415802687E+06    0.1246E-01
 -------------------------------------------
 iter=  21   ave_lin=  4.0  iCGmth=   3
 Ef(eV)               = 0.1293195E+01
 err of ug            = 0.6512E-04
 dv_ave, drho_tot     = 0.9793E-03 0.3611E-03
 E_tot(eV)            = -.13290415176704E+06    0.6260E-02
 -------------------------------------------
 iter=  22   ave_lin=  4.0  iCGmth=   3
 Ef(eV)               = 0.1269382E+01
 err of ug            = 0.5919E-04
 dv_ave, drho_tot     = 0.9572E-03 0.2893E-03
 E_tot(eV)            = -.13290414677882E+06    0.4988E-02
 -------------------------------------------
 E_Fermi(eV)=   1.26938236657247     
 ---------------------------------------------------
 Ef(eV)               = 0.1269382E+01
 dvE, dvE(n)-dvE(n-1) = 0.9162E-06 -.4285E-07
 dv_ave, drho_tot     = 0.9572E-03 0.2893E-03
 err of ug            = 0.5919E-04
 ---------------------------------------------------
 ending_scf_reason = tol Etot_err  5.279008887880000E-003
 Ewald        = -.42294878073711E+05
 Alpha        = 0.15207970391171E+04
 E_extV       = 0.00000000000000E+00    0.0000E+00
 E_NSC        = -.21322268311916E+05    0.8389E+00
 E[-rho*V_Hxc]= -.12178885555100E+06    -.8339E+00
 E_Hxc        = 0.50981058118685E+05    0.8901E+00
 -TS          = -.91869519681010E-19    0.6821E-18
 E_tot(eV)    = -.13290414677882E+06    0.4988E-02
 E_tot(Ryd)   = -.97682746980355E+04    0.1833E-03
 ---------------------------------------------------
 ---------------------------------------------------
 occup for:      kpt=1,spin=1,m=(totN/2-2,totN/2+2)
   1.000    1.000    1.000    0.000    0.000
 eigen(eV) for:  kpt=1,spin=1,m=(totN/2-2,totN/2+2)
  -2.119   -2.112   -1.995    2.385    2.538
 ---------------------------------------------------
 ---------------------------------------------------
 E_Hart,E_xc,E_ion =0.79743574293623E+05  -.28762516174938E+05  -.22237504349603E+06
 E_Hxc+E_ion       =-.17139398537735E+06
 E_kin+E_nonloc    =0.79263919633121E+05
 E_rhoVext,E_IVext     =0.00000000000000E+00  0.00000000000000E+00
 E_psiV,E_dDrho =-.10058630544628E+06  0.00000000000000E+00
 ave(vtot):v0 =-.77065109888913E+01
 ave(V_ion_s(or p,d))=ave(V_Hatree)=0; ave(Vtot)=ave(V_xc)=v0
 ---------------------------------------------------
 *********************************
 Eigen energies are values after setting ave(Vtot)=0
 For Vtot=V_ion+V_Hartree+V_xc, and
 ave(V_ion+V_Hatree)=0, ave(V_xc).ne.0:  E=E+v0
 *********************************
iislda,kpt=   1,    1      0.000000     0.000000     0.000000             kpoint in xyz unit 
 err of each states, A.U
  0.130919E-03     0.440641E-04     0.107829E-03     0.180606E-04     0.421193E-04
  0.478455E-04     0.214957E-04     0.459475E-04     0.166178E-04     0.238795E-04
  0.203722E-04     0.165246E-04     0.388539E-04     0.277224E-04     0.148779E-04
  0.155819E-04     0.264556E-04     0.178588E-04     0.133614E-04     0.170551E-04
  0.699384E-04     0.185174E-04     0.245468E-04     0.340883E-04     0.137543E-04
  0.284632E-04     0.199884E-04     0.170627E-04     0.158918E-04     0.188826E-04
  0.152596E-04     0.279450E-04     0.234925E-04     0.116714E-03     0.146929E-04
  0.246626E-04     0.209476E-04     0.158302E-04     0.141015E-04     0.468467E-04
  0.199570E-04     0.145755E-04     0.403959E-04     0.202046E-04     0.166367E-04
  0.168688E-04     0.232830E-04     0.774680E-04     0.223216E-04     0.163467E-04
  0.228357E-04     0.721934E-04     0.278775E-04     0.888415E-04     0.242714E-04
  0.268488E-04     0.151631E-04     0.211982E-04     0.235551E-04     0.145966E-04
  0.396947E-04     0.183571E-04     0.393354E-04     0.171531E-04     0.331825E-04
  0.142222E-04     0.130623E-04     0.214773E-04     0.166152E-04     0.158258E-04
  0.204945E-04     0.209689E-04     0.185631E-04     0.156510E-04     0.528775E-04
  0.141753E-04     0.192059E-04     0.120877E-04     0.321651E-04     0.220784E-04
  0.174619E-04     0.142401E-04     0.122498E-04     0.194934E-04     0.134964E-04
  0.127047E-04     0.152061E-04     0.413251E-04     0.321492E-04     0.285719E-04
  0.150773E-04     0.149362E-04     0.115880E-04     0.119632E-04     0.570824E-04
  0.118412E-04     0.257122E-04     0.147171E-04     0.133998E-04     0.288853E-04
  0.203026E-04     0.142125E-04     0.145270E-04     0.163621E-04     0.160678E-04
  0.143848E-04     0.132001E-04     0.236870E-04     0.210987E-04     0.291464E-04
  0.160752E-04     0.159324E-04     0.110662E-04     0.338486E-04     0.305699E-04
  0.130992E-04     0.145281E-04     0.171399E-04     0.111221E-03     0.444141E-04
  0.259719E-04     0.174720E-04     0.186428E-04     0.122401E-04     0.175415E-04
  0.120392E-04     0.157076E-04     0.130304E-04     0.179436E-04     0.123927E-04
  0.235505E-04     0.377612E-04     0.253108E-04     0.131521E-04     0.126762E-04
  0.185028E-04     0.834879E-04     0.185003E-04     0.124593E-04     0.188710E-04
  0.129337E-04     0.152461E-04     0.153362E-04     0.867353E-04     0.147793E-04
  0.420487E-04     0.609424E-04     0.151174E-04     0.378895E-04     0.217923E-03
  0.402896E-04     0.133994E-04     0.286958E-04     0.135658E-04     0.687852E-04
  0.185327E-04     0.213536E-04     0.127400E-04     0.605081E-04     0.280683E-04
  0.127816E-04     0.116201E-04     0.245606E-04     0.156566E-04     0.155521E-04
  0.128427E-04     0.248265E-04     0.313376E-04     0.199117E-04     0.296270E-04
  0.152721E-04     0.549642E-04     0.103300E-04     0.167867E-04     0.112807E-04
  0.133614E-04     0.110345E-03     0.102694E-04     0.349667E-04     0.334490E-04
  0.158938E-04     0.205942E-04     0.138088E-04     0.106522E-04     0.108299E-04
  0.144075E-04     0.145720E-04     0.147101E-04     0.106180E-04     0.577940E-04
  0.190160E-04     0.127151E-04     0.229471E-04     0.393750E-04     0.113721E-04
  0.276806E-04     0.253112E-04     0.165934E-04     0.125295E-04     0.158514E-04
  0.228689E-04     0.141381E-04     0.153575E-04     0.169396E-04     0.168620E-04
  0.196482E-04     0.149482E-04     0.162237E-04     0.171290E-04     0.158782E-04
  0.210734E-04     0.205462E-04     0.198995E-04     0.239589E-04     0.166577E-04
  0.138352E-04     0.170831E-04     0.152311E-04     0.233094E-04     0.232514E-04
  0.151455E-04     0.134409E-04     0.195803E-04     0.191127E-04     0.163727E-04
  0.169880E-04     0.289513E-04     0.200297E-04     0.195924E-04     0.121279E-04
  0.131909E-04     0.190811E-04     0.216904E-04     0.143405E-04     0.161065E-04
  0.155898E-04     0.197232E-04     0.184924E-04     0.190594E-04     0.201542E-04
  0.306210E-04     0.149879E-04     0.141908E-04     0.149536E-04     0.156169E-04
  0.164365E-04     0.170081E-04     0.121573E-04     0.200636E-04     0.134082E-04
  0.196957E-04     0.145067E-04     0.167206E-04     0.189492E-04     0.176543E-04
  0.170475E-04     0.215199E-04     0.167007E-04     0.194472E-04     0.151662E-04
  0.149250E-04     0.195479E-04     0.215615E-04     0.189531E-04     0.184429E-04
  0.164950E-04     0.245946E-04     0.172905E-04     0.198928E-04     0.181842E-04
  0.166167E-04     0.270486E-04     0.189095E-04     0.177185E-04     0.219337E-04
  0.225976E-04     0.218517E-04     0.184330E-04     0.237806E-04     0.220299E-04
  0.191706E-04     0.193197E-04     0.166733E-04     0.186718E-04     0.230612E-04
  0.184896E-04     0.188560E-04     0.208311E-04     0.276740E-04     0.230929E-04
  0.213025E-04     0.248341E-04     0.229897E-04     0.202121E-04     0.273356E-04
  0.266139E-04     0.170318E-04     0.230093E-04     0.194192E-04     0.173405E-04
  0.181314E-04     0.150054E-04     0.157899E-04     0.187902E-04     0.176424E-04
  0.164702E-04     0.173932E-04     0.161242E-04     0.170759E-04     0.453682E-04
  0.161347E-04     0.262497E-04     0.198755E-04     0.229121E-04     0.186898E-04
  0.314413E-04     0.256354E-04     0.230841E-04     0.304936E-04     0.243487E-04
  0.288802E-04     0.373699E-04     0.173573E-04     0.239940E-04     0.318392E-04
  0.278148E-04     0.248162E-04     0.223164E-04     0.252410E-04     0.291838E-04
  0.277921E-04     0.261493E-04     0.284563E-04     0.325672E-04     0.297446E-04
  0.370714E-04     0.246282E-04     0.199876E-04     0.243364E-04     0.228349E-04
  0.260427E-04     0.301487E-04     0.302618E-04     0.229086E-04     0.249034E-04
  0.251853E-04     0.301882E-04     0.268611E-04     0.234032E-04     0.282219E-04
  0.358849E-04     0.299901E-04     0.335906E-04     0.277811E-04     0.278189E-04
  0.308122E-04     0.318141E-04     0.278116E-04     0.261633E-04     0.282465E-04
  0.258896E-04     0.213445E-04     0.290072E-04     0.231902E-04     0.217947E-04
  0.205919E-04     0.274683E-04     0.255389E-04     0.217914E-04     0.214795E-04
  0.273264E-04     0.300310E-04     0.262043E-04     0.205303E-04     0.379757E-04
  0.364703E-04     0.316676E-04     0.285888E-04     0.394242E-04     0.305080E-04
  0.347631E-04     0.246833E-04     0.236278E-04     0.251278E-04     0.308076E-04
  0.304147E-04     0.242844E-04     0.286968E-04     0.285032E-04     0.259624E-04
  0.297139E-04     0.188104E-04     0.190488E-04     0.263527E-04     0.311385E-04
  0.290677E-04     0.330680E-04     0.294473E-04     0.243153E-04     0.288380E-04
  0.330386E-04     0.342446E-04     0.592916E-04     0.222646E-04     0.242492E-04
  0.273146E-04     0.244910E-04     0.260051E-04     0.323076E-04     0.345557E-04
  0.276893E-04     0.331242E-04     0.318812E-04     0.381579E-04     0.310748E-04
  0.432310E-04     0.298219E-04     0.300649E-04     0.295766E-04     0.293995E-04
  0.282990E-04     0.283725E-04     0.421239E-04     0.432550E-04     0.357555E-04
  0.333896E-04     0.263729E-04     0.270400E-04     0.512265E-04     0.281261E-04
  0.393569E-04     0.239859E-04     0.202045E-04     0.380797E-04     0.292984E-04
  0.317233E-04     0.325660E-04     0.264241E-04     0.230069E-04     0.419385E-04
  0.205393E-04     0.380068E-04     0.345465E-04     0.283656E-04     0.344690E-04
  0.359287E-04     0.470970E-04     0.371501E-04     0.405439E-04     0.305200E-04
  0.370366E-04     0.341389E-04     0.346289E-04     0.225790E-04     0.594997E-04
  0.218092E-04     0.189381E-04     0.499225E-04     0.540123E-04     0.264896E-04
  0.401888E-04     0.308965E-04     0.318620E-04     0.332663E-04     0.206520E-04
  0.220348E-04     0.262091E-04     0.323553E-04     0.294603E-04     0.353059E-04
  0.307023E-04     0.332651E-04     0.254705E-04     0.310218E-04     0.303118E-04
  0.361579E-04     0.185252E-04     0.222177E-04     0.284027E-04     0.310666E-04
  0.303534E-04     0.218526E-04     0.222960E-04     0.437794E-04     0.261261E-04
  0.432269E-04     0.210837E-04     0.171965E-04     0.216700E-04     0.276690E-04
  0.195964E-04     0.305423E-04     0.479643E-04     0.350753E-04     0.342235E-04
  0.232484E-04     0.238646E-04     0.242273E-04     0.255995E-04     0.255824E-04
  0.186560E-04     0.188969E-04     0.241963E-04     0.226966E-04     0.220295E-04
  0.210666E-04     0.296373E-04     0.302066E-04     0.252153E-04     0.319030E-04
  0.365770E-04     0.246824E-04     0.264127E-04     0.239296E-04     0.214785E-04
  0.193150E-04     0.234243E-04     0.285012E-04     0.203500E-04     0.241819E-04
  0.214281E-04     0.272311E-04     0.227742E-04     0.232651E-04     0.195360E-04
  0.247599E-04     0.299770E-04     0.189788E-04     0.275351E-04     0.233270E-04
  0.253043E-04     0.226837E-04     0.304563E-04     0.184635E-04     0.216461E-04
  0.222099E-04     0.204826E-04     0.332990E-04     0.301665E-04     0.198127E-04
  0.332340E-04     0.354091E-04     0.294647E-04     0.295060E-04     0.234621E-04
  0.234138E-04     0.213634E-04     0.241488E-04     0.213787E-04     0.182200E-04
  0.216951E-04     0.216663E-04     0.256308E-04     0.213338E-04     0.279741E-04
  0.208371E-04     0.245620E-04     0.334193E-04     0.381163E-04     0.297106E-04
  0.273786E-04     0.217035E-04     0.231571E-04     0.339207E-04     0.270201E-04
  0.248235E-04     0.302243E-04     0.241174E-04     0.289455E-04     0.238639E-04
  0.266664E-04     0.248698E-04     0.210825E-04     0.245382E-04     0.250759E-04
  0.232931E-04     0.232919E-04     0.271090E-04     0.284924E-04     0.311452E-04
  0.229753E-04     0.306599E-04     0.221356E-04     0.272256E-04     0.233390E-04
  0.250771E-04     0.262769E-04     0.292815E-04     0.320135E-04     0.318849E-04
  0.244133E-04     0.270731E-04     0.290272E-04     0.314864E-04     0.308117E-04
  0.280523E-04     0.332474E-04     0.268101E-04     0.274677E-04     0.332238E-04
  0.260918E-04     0.283011E-04     0.255850E-04     0.257797E-04     0.189583E-04
  0.237156E-04     0.267116E-04     0.333779E-04     0.241888E-04     0.237379E-04
  0.236547E-04     0.289600E-04     0.232581E-04     0.238179E-04     0.256922E-04
  0.304252E-04     0.302415E-04     0.242365E-04     0.319157E-04     0.215943E-04
  0.223342E-04     0.221118E-04     0.231634E-04     0.228519E-04     0.235789E-04
  0.327388E-04     0.326386E-04     0.254145E-04     0.310099E-04     0.256849E-04
  0.242356E-04     0.223447E-04     0.273155E-04     0.218353E-04     0.229620E-04
  0.264901E-04     0.256071E-04     0.258883E-04     0.258360E-04     0.311660E-04
  0.255094E-04     0.273285E-04     0.252878E-04     0.296733E-04     0.301372E-04
  0.348760E-04     0.334036E-04     0.271691E-04     0.199048E-04     0.314270E-04
  0.293741E-04     0.274395E-04     0.303317E-04     0.317221E-04     0.301480E-04
  0.328519E-04     0.309907E-04     0.254054E-04     0.301389E-04     0.292172E-04
  0.271741E-04     0.289115E-04     0.271078E-04     0.320164E-04     0.254665E-04
  0.247451E-04     0.241097E-04     0.289862E-04     0.313584E-04     0.320886E-04
  0.279917E-04     0.269657E-04     0.326746E-04     0.265451E-04     0.313430E-04
  0.306961E-04     0.305193E-04     0.283341E-04     0.286284E-04     0.296412E-04
  0.284375E-04     0.383994E-04     0.303837E-04     0.311833E-04     0.336647E-04
  0.275073E-04     0.327585E-04     0.341436E-04     0.303238E-04     0.294597E-04
  0.284511E-04     0.344550E-04     0.301641E-04     0.350780E-04     0.353388E-04
  0.358203E-04     0.364088E-04     0.335385E-04     0.285106E-04     0.291141E-04
  0.235414E-04     0.322311E-04     0.286709E-04     0.293148E-04     0.290079E-04
  0.309445E-04     0.318652E-04     0.317562E-04     0.361685E-04     0.327472E-04
  0.326653E-04     0.335618E-04     0.326809E-04     0.299241E-04     0.338942E-04
  0.338494E-04     0.376993E-04     0.312181E-04     0.316909E-04     0.387285E-04
  0.255582E-04     0.338087E-04     0.295751E-04     0.343869E-04     0.314600E-04
  0.285456E-04     0.271839E-04     0.369111E-04     0.355619E-04     0.333512E-04
  0.325042E-04     0.311188E-04     0.326223E-04     0.327584E-04     0.361491E-04
  0.326643E-04     0.315789E-04     0.315228E-04     0.342390E-04     0.322917E-04
  0.327195E-04     0.294767E-04     0.331562E-04     0.305505E-04     0.319650E-04
  0.287502E-04     0.333200E-04     0.339995E-04     0.327312E-04     0.325764E-04
  0.300657E-04     0.376777E-04     0.322930E-04     0.328422E-04     0.348455E-04
  0.362351E-04     0.366243E-04     0.310758E-04     0.324645E-04     0.320044E-04
  0.270121E-04     0.341659E-04     0.308585E-04     0.277817E-04     0.289371E-04
  0.311189E-04     0.299408E-04     0.338957E-04     0.316278E-04     0.302661E-04
  0.324359E-04     0.337685E-04     0.322322E-04     0.338696E-04     0.299383E-04
  0.327720E-04     0.309304E-04     0.309902E-04     0.287319E-04     0.355517E-04
  0.310068E-04     0.322622E-04     0.308766E-04     0.325044E-04     0.331043E-04
  0.317582E-04     0.331015E-04     0.309274E-04     0.388691E-04     0.360801E-04
  0.352464E-04     0.295362E-04     0.341288E-04     0.401943E-04     0.391706E-04
  0.350646E-04     0.322834E-04     0.343914E-04     0.370206E-04     0.376665E-04
  0.335770E-04     0.393935E-04     0.412718E-04     0.321045E-04     0.304899E-04
  0.377914E-04     0.372890E-04     0.300916E-04     0.355139E-04     0.342691E-04
  0.319951E-04     0.323536E-04     0.321527E-04     0.310898E-04     0.324918E-04
  0.343290E-04     0.320862E-04     0.428216E-04     0.356556E-04     0.365769E-04
  0.331115E-04     0.311060E-04     0.319597E-04     0.290166E-04     0.378903E-04
  0.360276E-04     0.385091E-04     0.350541E-04     0.345103E-04     0.462045E-04
  0.335414E-04     0.403220E-04     0.397756E-04     0.345077E-04     0.387343E-04
  0.459658E-04     0.349417E-04     0.431743E-04     0.383715E-04     0.431461E-04
  0.397583E-04     0.351161E-04     0.488107E-04     0.391365E-04     0.411715E-04
  0.424202E-04     0.342519E-04     0.480951E-04     0.437536E-04     0.447637E-04
  0.406741E-04     0.479397E-04     0.342442E-04     0.499039E-04     0.373905E-04
  0.496035E-04     0.442356E-04     0.372289E-04     0.336801E-04     0.278731E-04
  0.347311E-04     0.294680E-04     0.427003E-04     0.401829E-04     0.482783E-04
  0.502817E-04     0.452820E-04     0.477112E-04     0.354849E-04     0.487487E-04
  0.446185E-04     0.240978E-04     0.341819E-04     0.301536E-04     0.480134E-04
  0.250706E-04     0.454673E-04     0.741035E-04     0.348514E-04     0.645598E-04
  0.551228E-04     0.874473E-04     0.387972E-04     0.324735E-04     0.551828E-04
  0.390589E-04     0.300042E-04     0.419391E-04     0.386505E-04     0.349888E-04
  0.405014E-04     0.544089E-04     0.361855E-04     0.401220E-04     0.537543E-04
  0.524228E-04     0.373709E-04     0.432020E-04     0.400574E-04     0.380689E-04
  0.368919E-04     0.341912E-04     0.576569E-04     0.391282E-04     0.440688E-04
  0.433591E-04     0.537986E-04     0.343539E-04     0.382745E-04     0.330853E-04
  0.358391E-04     0.261122E-04     0.275605E-04     0.261735E-04     0.381627E-04
  0.622075E-04     0.408224E-04     0.549382E-04     0.288358E-04     0.411545E-04
  0.709719E-04     0.413748E-04     0.655736E-04     0.723027E-04     0.568296E-04
  0.402315E-04     0.401496E-04     0.507602E-04     0.318423E-04     0.535820E-04
  0.370042E-04     0.355130E-04     0.230091E-04     0.288798E-04     0.311194E-04
  0.313173E-04     0.300325E-04     0.481273E-04     0.409585E-04     0.410364E-04
  0.373693E-04     0.628123E-04     0.399427E-04     0.600745E-04     0.243476E-04
  0.615468E-04     0.304202E-04     0.353310E-04     0.325908E-04     0.322217E-04
  0.285656E-04     0.343690E-04     0.230711E-04     0.430734E-04     0.474398E-04
  0.855366E-04     0.466363E-04     0.605138E-04     0.346404E-04     0.527473E-04
  0.228121E-04     0.275457E-04     0.500725E-04     0.398456E-04     0.747859E-04
  0.460694E-04     0.422831E-04     0.489054E-04     0.220437E-04     0.280960E-04
  0.125198E-03     0.101412E-03     0.105129E-03     0.112342E-03     0.115752E-03
  0.124239E-03     0.969523E-04     0.101014E-03     0.102963E-03     0.135019E-03
  0.135982E-03     0.170157E-03     0.254453E-03     0.303789E-03     0.722689E-03
  0.308284E-03     0.784874E-03     0.900530E-03     0.770605E-03     0.658445E-03
  0.118422E-02     0.994325E-03     0.953696E-03     0.168744E-02     0.123147E-02
  0.108499E-02     0.153745E-02     0.185118E-02     0.254353E-02     0.194237E-02
  0.159502E-02     0.331674E-02     0.330659E-02     0.383531E-02     0.311630E-02
  0.305043E-02     0.338868E-02     0.379717E-02     0.256285E-02     0.343389E-02
  0.417306E-02     0.463236E-02     0.355354E-02     0.472824E-02     0.742821E-02
  0.707656E-02     0.631637E-02     0.741613E-02     0.738723E-02     0.825051E-02
  0.101164E-01     0.775840E-02     0.600928E-02     0.869957E-02     0.161134E-01
  0.985585E-02     0.114343E-01     0.788306E-02
 eigen energies, in eV 
    -44.423523       -44.259646       -44.235253       -44.110702       -43.995908
    -28.479519       -28.453691       -28.394887       -28.342084       -28.277179
    -28.194283       -28.188984       -28.186773       -28.098699       -28.038996
    -28.008754       -27.960798       -27.917981       -27.874160       -27.868902
    -27.841537       -27.835313       -27.830415       -27.792889       -27.772405
    -27.740912       -27.726526       -27.670607       -27.662566       -27.659601
    -27.659256       -27.643521       -27.619427       -27.617901       -27.595491
    -27.594567       -27.532199       -27.507905       -27.413892       -27.393022
    -27.361672       -27.345625       -27.305208       -27.271143       -27.228727
    -27.196834       -27.185475       -27.183520       -27.163320       -27.158593
    -27.156522       -27.145211       -27.110018       -27.108532       -27.093220
    -27.043900       -27.023084       -26.965851       -26.870144       -26.850526
    -26.756570       -26.712518       -26.687728       -26.669747       -26.666178
    -26.646322       -26.595646       -26.522721       -26.492299       -26.489638
    -26.483351       -26.362664       -26.347909       -26.329053       -26.309238
    -26.282899       -26.261693       -26.249098       -26.224241       -26.075223
    -26.068815       -26.051239       -26.041152       -26.029304       -26.024396
    -26.019051       -26.008077       -26.002766       -25.979370       -25.966239
    -25.956951       -25.956192       -25.951207       -25.912959       -25.899147
    -25.824644       -25.806622       -25.805530       -25.801172       -25.726522
    -25.725660       -25.712177       -25.701879       -25.690935       -25.689300
    -25.664828       -25.657391       -25.639126       -25.637585       -25.622711
    -25.619090       -25.603180       -25.595533       -25.581433       -25.565804
    -25.565530       -25.515528       -25.512195       -25.478217       -25.458877
    -25.434363       -25.407135       -25.383421       -25.359772       -25.346113
    -25.339743       -25.335731       -25.309866       -25.302139       -25.300382
    -25.057478       -25.021251       -25.014291       -24.922648       -24.414889
    -23.967743       -23.741055       -23.738299       -23.720333       -23.673298
    -23.610444       -23.560421       -23.549828       -23.525470       -23.509743
    -23.493689       -23.472904       -23.454934       -23.438144       -23.410765
    -23.377572       -23.357071       -23.279324       -23.203080       -23.163091
    -23.130138       -23.128736       -23.122095       -23.088671       -23.082306
    -23.071089       -22.951029       -22.914774       -22.900144       -22.690474
    -22.681523       -22.557511       -22.556691       -22.439074       -22.143029
    -21.732795       -21.679045       -21.668901       -21.660580       -21.580335
    -21.544752       -21.448873       -21.434073       -21.418367       -21.304502
    -21.281282       -21.189493       -21.095762       -21.063811       -21.033612
    -21.028124       -20.991464       -20.985575       -20.828164       -20.631845
    -18.911595       -18.592898       -18.521487       -18.508802       -18.311554
    -15.955277       -15.924901       -15.919313       -15.868089       -15.837433
    -15.819181       -15.768928       -15.752718       -15.708335       -15.694498
    -15.683815       -15.596344       -15.398712       -15.359197       -15.313155
    -15.081213       -15.001374       -14.971693       -14.930615       -14.873706
    -14.834261       -14.765358       -14.744111       -14.713285       -14.654890
    -14.625473       -14.582736       -14.541701       -14.540515       -14.516397
    -14.505348       -14.496864       -14.462119       -14.404759       -14.368180
    -14.291796       -14.262421       -14.222457       -14.128218       -14.011900
    -13.888623       -13.634341       -13.612258       -13.593036       -13.569922
    -13.543216       -13.475885       -13.419554       -13.412886       -13.403212
    -13.401147       -13.384826       -13.352918       -13.326718       -13.314733
    -13.309349       -13.305182       -13.285634       -13.253221       -13.250311
    -13.226625       -13.181288       -13.150132       -13.129867       -13.104054
    -13.030423       -13.000322       -12.940609       -12.876023       -12.701939
    -12.200871       -12.181180       -12.144431       -12.131245       -12.126923
    -12.107967       -12.046840       -12.028306       -11.939269       -11.914170
    -11.873305       -11.837604       -11.816799       -11.812453       -11.719821
    -11.676740       -11.667539       -11.625346       -11.596146       -11.522472
    -11.506812       -11.480087       -11.364331       -11.360531       -11.340441
    -11.294961       -11.252416       -11.247639       -11.239734       -11.216746
    -11.200172       -11.192861       -11.176877       -11.092720       -11.059407
    -11.041899       -11.003713       -10.994573       -10.953395       -10.828288
    -10.783042       -10.742951       -10.719993       -10.598649       -10.565152
    -10.534681       -10.520134       -10.499842       -10.497431       -10.464193
    -10.454693       -10.430692       -10.429394       -10.419674       -10.378548
    -10.370410       -10.335339       -10.310145       -10.307749       -10.294234
    -10.287685       -10.271611       -10.262744       -10.251329       -10.251011
    -10.198178       -10.186814       -10.185880       -10.180077       -10.171319
    -10.160655       -10.143132       -10.137651       -10.127930       -10.102288
    -10.095582       -10.093227       -10.089049       -10.065430       -10.058942
    -10.052519       -10.046059       -10.012285       -10.008396        -9.971881
     -9.947851        -9.944346        -9.938388        -9.930670        -9.929626
     -9.921579        -9.898229        -9.885007        -9.882236        -9.874342
     -9.864444        -9.857603        -9.846032        -9.839586        -9.823568
     -9.818355        -9.787720        -9.780978        -9.777893        -9.770915
     -9.760440        -9.752430        -9.741318        -9.703631        -9.683859
     -9.663086        -9.647404        -9.643177        -9.635078        -9.628866
     -9.623693        -9.602358        -9.578839        -9.574278        -9.552498
     -9.537638        -9.522293        -9.518915        -9.514051        -9.495900
     -9.490797        -9.471149        -9.465976        -9.446574        -9.445403
     -9.424822        -9.415169        -9.408913        -9.406582        -9.397538
     -9.386141        -9.382969        -9.363508        -9.343344        -9.333955
     -9.316805        -9.300034        -9.291137        -9.273921        -9.268703
     -9.253370        -9.224902        -9.223688        -9.189968        -9.154261
     -9.148247        -9.135871        -9.124001        -9.105695        -9.100225
     -9.092569        -9.084851        -9.075345        -9.065663        -9.057176
     -9.048776        -9.038030        -9.021052        -9.006266        -8.998872
     -8.987265        -8.977450        -8.971663        -8.952242        -8.929093
     -8.909520        -8.893966        -8.882640        -8.857642        -8.856236
     -8.831862        -8.826338        -8.820462        -8.816818        -8.812363
     -8.782894        -8.778377        -8.762652        -8.752565        -8.732019
     -8.714027        -8.693257        -8.689152        -8.648061        -8.632511
     -8.612075        -8.609095        -8.572936        -8.553614        -8.545129
     -8.532022        -8.524918        -8.519389        -8.487217        -8.484164
     -8.469405        -8.459321        -8.426148        -8.409757        -8.400440
     -8.391498        -8.380629        -8.355374        -8.339727        -8.333253
     -8.286599        -8.262443        -8.245494        -8.238685        -8.212638
     -8.197963        -8.179336        -8.135942        -8.072342        -8.041902
     -8.015318        -7.987163        -7.972301        -7.955800        -7.932718
     -7.911622        -7.880787        -7.875331        -7.868509        -7.852666
     -7.844235        -7.836795        -7.829326        -7.775060        -7.771473
     -7.749755        -7.744479        -7.693807        -7.657927        -7.644743
     -7.638318        -7.604171        -7.581693        -7.556224        -7.530299
     -7.514320        -7.466485        -7.445671        -7.436739        -7.425866
     -7.419873        -7.409555        -7.396885        -7.365993        -7.342160
     -7.327142        -7.295670        -7.253231        -7.245901        -7.233496
     -7.229026        -7.202128        -7.196520        -7.192656        -7.130752
     -7.106765        -7.095494        -7.055214        -7.044425        -6.997615
     -6.995469        -6.990280        -6.937909        -6.937017        -6.927504
     -6.905127        -6.889493        -6.878200        -6.874646        -6.855380
     -6.812244        -6.801554        -6.746529        -6.738649        -6.735871
     -6.712971        -6.695000        -6.689315        -6.652352        -6.620339
     -6.611480        -6.597221        -6.574706        -6.567932        -6.562639
     -6.547167        -6.524513        -6.510630        -6.501451        -6.492278
     -6.483852        -6.476614        -6.459259        -6.456844        -6.443269
     -6.438056        -6.433942        -6.404006        -6.395973        -6.386185
     -6.374942        -6.368990        -6.357728        -6.345842        -6.332695
     -6.318741        -6.316131        -6.299590        -6.286346        -6.284349
     -6.271344        -6.252997        -6.245706        -6.237770        -6.229855
     -6.228643        -6.218153        -6.198161        -6.196432        -6.189083
     -6.188573        -6.180707        -6.170554        -6.163189        -6.156343
     -6.146547        -6.137749        -6.136292        -6.125548        -6.107872
     -6.086679        -6.076304        -6.063941        -6.058662        -6.053965
     -6.039513        -6.033735        -6.027748        -6.022387        -5.996189
     -5.992494        -5.990144        -5.985711        -5.974146        -5.966129
     -5.961400        -5.939259        -5.929919        -5.922161        -5.907404
     -5.894821        -5.884127        -5.876954        -5.868605        -5.865866
     -5.857574        -5.847794        -5.837544        -5.828245        -5.820321
     -5.811361        -5.806820        -5.805574        -5.793394        -5.789374
     -5.778014        -5.773541        -5.767875        -5.757552        -5.751251
     -5.744991        -5.742194        -5.725817        -5.718296        -5.711329
     -5.702156        -5.699866        -5.692560        -5.687315        -5.680147
     -5.671202        -5.669675        -5.658570        -5.653482        -5.644324
     -5.638545        -5.637222        -5.625895        -5.623616        -5.621404
     -5.620079        -5.616081        -5.601999        -5.594853        -5.592297
     -5.588578        -5.575931        -5.571492        -5.563987        -5.558276
     -5.557201        -5.546512        -5.532355        -5.510392        -5.509054
     -5.501367        -5.491373        -5.487853        -5.481644        -5.473754
     -5.468264        -5.461031        -5.453779        -5.450109        -5.437844
     -5.427402        -5.425125        -5.419673        -5.412364        -5.405593
     -5.403441        -5.394695        -5.387877        -5.382811        -5.375064
     -5.367870        -5.359239        -5.356119        -5.349583        -5.342714
     -5.337455        -5.333620        -5.330048        -5.322321        -5.319360
     -5.308926        -5.301945        -5.290562        -5.285965        -5.280627
     -5.277807        -5.273566        -5.266246        -5.262786        -5.261634
     -5.247023        -5.239461        -5.235986        -5.232633        -5.224070
     -5.215059        -5.204709        -5.196790        -5.192797        -5.184778
     -5.181802        -5.162440        -5.158423        -5.153291        -5.152134
     -5.141147        -5.139965        -5.135799        -5.133753        -5.128893
     -5.123692        -5.117594        -5.108684        -5.103729        -5.099165
     -5.097993        -5.090919        -5.088166        -5.080861        -5.075950
     -5.071454        -5.065929        -5.057756        -5.055041        -5.044634
     -5.042827        -5.038455        -5.030142        -5.024427        -5.011857
     -5.008625        -5.005861        -4.999617        -4.992055        -4.989604
     -4.984975        -4.978775        -4.971772        -4.963181        -4.960633
     -4.940201        -4.933260        -4.927328        -4.923611        -4.918007
     -4.913314        -4.907960        -4.906691        -4.897269        -4.894313
     -4.889666        -4.884928        -4.879660        -4.869008        -4.866641
     -4.864486        -4.853136        -4.847069        -4.835997        -4.832313
     -4.822471        -4.820833        -4.810988        -4.798220        -4.787477
     -4.783041        -4.777428        -4.768218        -4.759580        -4.750799
     -4.745233        -4.742279        -4.737769        -4.717370        -4.714120
     -4.707000        -4.697445        -4.689889        -4.681304        -4.672679
     -4.672013        -4.646714        -4.640861        -4.632899        -4.629005
     -4.621688        -4.618314        -4.601302        -4.593588        -4.590835
     -4.582758        -4.576297        -4.568001        -4.564032        -4.543581
     -4.533895        -4.518356        -4.515309        -4.504935        -4.503155
     -4.480257        -4.463806        -4.455390        -4.438605        -4.422840
     -4.406131        -4.393439        -4.385007        -4.376909        -4.373640
     -4.359599        -4.352416        -4.342963        -4.318991        -4.316722
     -4.310583        -4.291250        -4.282529        -4.258521        -4.253004
     -4.231212        -4.222151        -4.215104        -4.195329        -4.160089
     -4.148750        -4.142728        -4.100200        -4.093858        -4.064698
     -4.040375        -4.030246        -4.018363        -4.000132        -3.991262
     -3.973266        -3.963761        -3.947878        -3.930535        -3.920417
     -3.913041        -3.889224        -3.881191        -3.869182        -3.845336
     -3.826644        -3.777061        -3.768759        -3.764449        -3.759353
     -3.750856        -3.749714        -3.729826        -3.725626        -3.717596
     -3.665871        -3.649663        -3.631462        -3.620111        -3.599564
     -3.587960        -3.568237        -3.563499        -3.550400        -3.548691
     -3.530553        -3.516030        -3.509294        -3.473931        -3.468983
     -3.462859        -3.459767        -3.434689        -3.417576        -3.391526
     -3.382286        -3.378104        -3.367883        -3.364945        -3.353700
     -3.349180        -3.328968        -3.321069        -3.292582        -3.287318
     -3.269599        -3.238685        -3.233541        -3.220729        -3.203026
     -3.167794        -3.162319        -3.142519        -3.139677        -3.136418
     -3.116808        -3.094328        -3.076335        -3.052288        -3.010209
     -2.960802        -2.959495        -2.948979        -2.922045        -2.872023
     -2.858680        -2.846020        -2.832391        -2.814693        -2.799249
     -2.782941        -2.772451        -2.715872        -2.683275        -2.672950
     -2.662448        -2.655759        -2.652012        -2.608603        -2.584570
     -2.581903        -2.564301        -2.562027        -2.526924        -2.523033
     -2.507047        -2.481067        -2.477698        -2.434384        -2.395401
     -2.334309        -2.287215        -2.261806        -2.239447        -2.216387
     -2.149414        -2.145835        -2.118528        -2.112134        -1.994508
      2.385388         2.538203         2.565260         2.705973         2.864417
      2.889095         2.904979         2.919541         2.928042         2.951877
      3.065251         3.145228         3.231977         3.265324         3.349550
      3.428157         3.486618         3.500576         3.539546         3.564796
      3.637607         3.648339         3.701386         3.738082         3.753881
      3.774775         3.800586         3.822797         3.839341         3.868789
      3.877650         3.898908         3.928846         3.959216         3.991818
      4.018046         4.023378         4.043841         4.068956         4.093270
      4.107465         4.128742         4.160585         4.177414         4.188299
      4.210106         4.247515         4.273699         4.291192         4.317971
      4.327885         4.378001         4.409409         4.424774         4.473637
      4.505992         4.515580         4.585638
 *********************************
 total computation time (sec)=   1911.38502097130     
