 AEM_Eatom=  4.089275352052303E-003
 AEM_Egroup=  2.519264341915809E-004
 AEM_Etot=  7.269100247093796E-004
 AEM_F=  0.501604603677450     
