 AEM_Eatom=  7.848553854314448E-002
 AEM_Egroup=  6.928150710897763E-003
 AEM_Etot=  8.773685567790153E-003
 AEM_F=  0.536762469285191     
