 AEM_Eatom=  9.308625735491151E-004
 AEM_Egroup=  1.010467777315511E-004
 AEM_Etot=  1.124269964258720E-003
 AEM_F=  0.500011241653819     
