 AEM_Eatom=  1.173773877782791E-002
 AEM_Egroup=  1.769900106068466E-003
 AEM_Etot=  8.162941740114461E-003
 AEM_F=  0.511450805547522     
