 AEM_Eatom=  0.137989587725135     
 AEM_Egroup=  1.948681966469349E-002
 AEM_Etot=  1.146870077216162E-003
 AEM_F=  0.501685496473006     
