 AEM_Eatom=  1.321407378054990E-002
 AEM_Egroup=  1.944582661947213E-003
 AEM_Etot=  1.186197875852692E-003
 AEM_F=  0.503188834843275     
