 AEM_Eatom=  4.145597504162886E-002
 AEM_Egroup=  6.942724178757616E-003
 AEM_Etot=  6.746204696196456E-004
 AEM_F=  0.501571219858547     
