 AEM_Eatom=  1.292475727783579E-003
 AEM_Egroup=  2.039161521693839E-004
 AEM_Etot=  1.029032014608095E-003
 AEM_F=  0.500111290035089     
