 AEM_Eatom=  9.034960568832662E-002
 AEM_Egroup=  5.709632520309415E-003
 AEM_Etot=  2.389974693384184E-003
 AEM_F=  0.527790788832622     
