 AEM_Eatom=  1.006216924480342E-002
 AEM_Egroup=  1.412897080437343E-003
 AEM_Etot=  1.064771964882018E-003
 AEM_F=  0.500956377426102     
