 AEM_Eatom=  1.303019820463144E-002
 AEM_Egroup=  2.163279498339028E-003
 AEM_Etot=  7.057781381456362E-004
 AEM_F=  0.501866646408942     
