 AEM_Eatom=  1.745752356219930E-002
 AEM_Egroup=  1.800117349401930E-003
 AEM_Etot=  4.501185891808536E-004
 AEM_F=  0.504754494953900     
