 AEM_Eatom=  4.153754928302442E-003
 AEM_Egroup=  3.696657359375885E-004
 AEM_Etot=  5.633242887958466E-004
 AEM_F=  0.501821291126120     
