 AEM_Eatom=  8.121723226084173E-003
 AEM_Egroup=  6.529335185731844E-004
 AEM_Etot=  1.428988137330724E-003
 AEM_F=  0.502344141266523     
