 AEM_Eatom=  6.838736469851010E-003
 AEM_Egroup=  1.110497294673830E-003
 AEM_Etot=  5.629827224436665E-003
 AEM_F=  0.503106985097004     
