 AEM_Eatom=  1.946611938061681E-003
 AEM_Egroup=  4.139668457169617E-004
 AEM_Etot=  4.506450991288091E-003
 AEM_F=  0.500045872780581     
