 AEM_Eatom=  3.850835621694803E-004
 AEM_Egroup=  8.947556886033405E-005
 AEM_Etot=  1.019685901073104E-003
 AEM_F=  0.500005087723230     
