 AEM_Eatom=  0.119524226837818     
 AEM_Egroup=  6.002727851513027E-003
 AEM_Etot=  7.416768395546855E-004
 AEM_F=  0.503237064148402     
