 AEM_Eatom=  0.164360476623669     
 AEM_Egroup=  1.993432177322432E-002
 AEM_Etot=  1.016523680003936E-002
 AEM_F=   1.01935493843056     
