 AEM_Eatom=  5.751370549206288E-003
 AEM_Egroup=  4.031922200748333E-004
 AEM_Etot=  4.617934739825655E-004
 AEM_F=  0.506113886307910     
