 AEM_Eatom=  1.792353779201547E-002
 AEM_Egroup=  3.017963501956457E-003
 AEM_Etot=  1.777216644689553E-003
 AEM_F=  0.501272617083098     
