 AEM_Eatom=  5.231747119976306E-003
 AEM_Egroup=  9.794288797832656E-004
 AEM_Etot=  5.013838921053895E-003
 AEM_F=  0.502458324822127     
