           4           1
 PRECISION  = SINGLE     
 JOB       = SCF
 IN.PSP1   = /home/sabs/shenjie/Pseudopotential/Li.nc.pbe.UPF
 IN.PSP2   = /home/sabs/shenjie/Pseudopotential/C.nc.pbe.UPF
 IN.PSP3   = /home/sabs/shenjie/Pseudopotential/O.nc.pbe.UPF
 IN.PSP4   = /home/sabs/shenjie/Pseudopotential/N.nc.pbe.UPF
 IN.PSP5   = /home/sabs/shenjie/Pseudopotential/S.nc.pbe.UPF
 IN.PSP6   = /home/sabs/shenjie/Pseudopotential/F.nc.pbe.UPF
 IN.PSP7   = /home/sabs/shenjie/Pseudopotential/H.nc.pbe.UPF
 IN.PSP8   = /home/sabs/shenjie/Pseudopotential/P.nc.pbe.UPF
 IN.ATOM   = atom.config         
 CONVERGENCE  = EASY
 ACCURACY  = NORM
 VFF_DETAIL =   1   500  0.50000000E-02     30.00000     4.00000     0.00000     1.00000  
 EGG_DETAIL =            3           3           3
 SPIN      =   1
 CONSTRAINT_MAG =           0
 RANDOM_SEED=           0
 QIJ_DETAIL =   0  1
 SCF_MIX = CHARGE
 PWSCF_OUTPUT     =  F
 Ecut      =    60.0000000000000     
 Ecut2     =    120.000000000000     
 Ecut2L    =    120.000000000000     
 EcutP    =    60.0000000000000     
 N123      =   120   120   120
 NS123     =    40    40    40
 N123L     =   120   120   120
 STRESS_CORR =   0.100000E+01  0.000000E+00  0.200000E+01  0.000000E+00
 XCFUNCTIONAL = LDA
 HSE_DETAIL    =      1.00000000    1     0.00000000    6 1 1
 RELAX_HSE    =    20   0.50000E-01     2
 VDW       = NONE
 LONDON_S6      =   0.000000000000000E+000
 LONDON_C6(1)      =   -1.00000000000000     
 LONDON_C6(2)      =   -1.00000000000000     
 LONDON_C6(3)      =   -1.00000000000000     
 LONDON_C6(4)      =   -1.00000000000000     
 LONDON_C6(5)      =   -1.00000000000000     
 LONDON_C6(6)      =   -1.00000000000000     
 LONDON_C6(7)      =   -1.00000000000000     
 LONDON_C6(8)      =   -1.00000000000000     
 LONDON_RCUT      =   0.000000000000000E+000
 DFTD3_S6        =   0.000000000000000E+000
 DFTD3_RS6        =   0.000000000000000E+000
 DFTD3_S18        =   0.000000000000000E+000
 DFTD3_RS18        =   0.000000000000000E+000
 DFTD3_ALPHA6        =   0.000000000000000E+000
 DFTD3_VERSION        =            0
 DFTD3_3BODY        =  F
 COULOMB   =    0
 IN.WG     =  F
 OUT.WG    =  F
 IN.RHO    =  F
 OUT.RHOATOM =  F
 OUT.RHO   =  F
 IN.VR     =  F
 OUT.VR    =  F
 OUT.ELF   =  F
 IN.VEXT   =  F
 OUT.VATOM   =  F
 OUT.FORCE =  T
 OUT.STRESS =  F
 IN.KPT    =  F
 IN.SYMM   =  F
 SYMM_PREC =    0.10000E-04
 MP_N123 =      1      1      1      0      0      0      0
 NUM_KPT =            1
 CHARGE_DECOMP = F
 ENERGY_DECOMP = F 
 IN.SOLVENT =  F
 NUM_ELECTRON =   1940.00000000000     
 FIX_FERMI =   F  0.000000E+00  0.000000E+00  0.000000E+00
 IN.NONSCF    =  F
 NUM_BAND  =  1028
 OUT.REAL.RHOWF_SP= 0
 WG_ERROR  =   1.000000000000000E-004
 E_ERROR   =   5.279008887880000E-003
 RHO_ERROR =   5.000000000000000E-005
 RHO_RELATIVE_ERROR      =   0.000000000000000E+000
 FORCE_RELATIVE_ERROR     =   0.000000000000000E+000
 MIN_SCF_ITER     =            1
 SYS_TYPE   =            1
 PULAY_MIX_OPT =     30  1  0       1.00000       0.00000
 PULAY_METRIC_Q0 =       -1.00000
 IN.OCC    =  F          -1
 IN.CC    =  F
 IN.OCC_ADIA    =  F
 SCF_ITER0_1 =    6   4    3    0.0000     0.02500    1
 SCF_ITER0_2 =   94   4    3    1.0000     0.02500    1
 SCF_ITER1_1 =   40   4    3    1.0000     0.02500    1
 NONLOCAL  =  2
 IN.A_FIELD =  F       0.00000       0.00000       0.00000
 RCUT      =    4.00000000000000     
 IN.PSP_RCUT1 =   4.00000000000000     
 IN.PSP_RCUT2 =   4.00000000000000     
 IN.PSP_RCUT3 =   4.00000000000000     
 IN.PSP_RCUT4 =   4.00000000000000     
 IN.PSP_RCUT5 =   4.00000000000000     
 IN.PSP_RCUT6 =   4.00000000000000     
 IN.PSP_RCUT7 =   4.00000000000000     
 IN.PSP_RCUT8 =   4.00000000000000     
 MD_VV_SCALE =    100
 LDAU_PSP1   =           -1  2.721138638331097E-009  2.721138638331097E-009  eV
 LDAU_PSP2   =           -1  2.721138638331097E-009  2.721138638331097E-009  eV
 LDAU_PSP3   =           -1  2.721138638331097E-009  2.721138638331097E-009  eV
 LDAU_PSP4   =           -1  2.721138638331097E-009  2.721138638331097E-009  eV
 LDAU_PSP5   =           -1  2.721138638331097E-009  2.721138638331097E-009  eV
 LDAU_PSP6   =           -1  2.721138638331097E-009  2.721138638331097E-009  eV
 LDAU_PSP7   =           -1  2.721138638331097E-009  2.721138638331097E-009  eV
 LDAU_PSP8   =           -1  2.721138638331097E-009  2.721138638331097E-009  eV
 NUM_BLOCKED_PSI=  F
 WF_STORE2DISK  =            0
 NUM_DOS_GRID =         4000
 NMAP_MAX =        50000
 KERK_AMIN =   0.300000000000000     
 KERK_AMIX =   0.400000000000000     
 KERK_AMIX_MAG =   0.800000000000000     
 KERK_BMIX =   0.500000000000000     
 LDAU_MIX =   0.700000000000000     
 PULAY_WEIGHT_SPIN =    1.00000000000000     
 PULAY_WEIGHT_NS =    1.00000000000000     
 OUT.MLMD    =  F
 NUM_MPI_PER_GPU =     1
 FLAG_CYLINDER =            0
 SET_OUT_FERMI_POS =  F           0
 E_FINITE =  F   0.00000E+00   0.00000E+00   0.00000E+00
 MLINE_EIGEN =      1
 
 ------------------------------------------------
 total number of K-point:           1
   0.00000     0.00000    0.00000     1.00000            
 ------------------------------------------------
 
 
 *********************************************
 *********** end of etot.input report ********
 minimum n1,n2,n3 from Ecut2
     118.970      119.148      119.089
 minimum n1L,n2L,n3L from Ecut2L
     118.970      119.148      119.089
 *********************************************
 
 
Weighted average num_of_PW for all kpoint=                       312673.000
 ************************************
 E_Hxc(eV)         49546.0621959854     
 E_ion(eV)        -219300.185472082     
 E_Coul(eV)        77770.3122398914     
 E_Hxc+E_ion(eV)  -169754.123276096     
 NONSCF     1          AVE_STATE_ERROR= 0.5918E+01
 NONSCF     2          AVE_STATE_ERROR= 0.1620E+01
 NONSCF     3          AVE_STATE_ERROR= 0.4976E+00
 NONSCF     4          AVE_STATE_ERROR= 0.9200E-01
 NONSCF     5          AVE_STATE_ERROR= 0.1552E-01
 NONSCF     6          AVE_STATE_ERROR= 0.3114E-02
 iter=   7   ave_lin=  4.0  iCGmth=   3
 Ef(eV)               = -.1865749E+01
 err of ug            = 0.1226E-02
 dv_ave, drho_tot     = 0.0000E+00 0.1223E+00
 E_tot(eV)            = -.13305081505210E+06    -.1331E+06
 -------------------------------------------
 iter=   8   ave_lin=  4.0  iCGmth=   3
 Ef(eV)               = 0.3825927E-01
 err of ug            = 0.1071E-01
 dv_ave, drho_tot     = 0.1688E-01 0.7070E-01
 E_tot(eV)            = -.13294802678174E+06    0.1028E+03
 -------------------------------------------
 iter=   9   ave_lin=  4.0  iCGmth=   3
 Ef(eV)               = -.1107927E+01
 err of ug            = 0.6525E-02
 dv_ave, drho_tot     = 0.1331E-01 0.3042E-01
 E_tot(eV)            = -.13291698239906E+06    0.3104E+02
 -------------------------------------------
 iter=  10   ave_lin=  4.0  iCGmth=   3
 Ef(eV)               = 0.8263119E+00
 err of ug            = 0.2013E-02
 dv_ave, drho_tot     = 0.6895E-02 0.1041E-01
 E_tot(eV)            = -.13291179562536E+06    0.5187E+01
 -------------------------------------------
 iter=  11   ave_lin=  4.0  iCGmth=   3
 Ef(eV)               = 0.7594754E+00
 err of ug            = 0.5305E-03
 dv_ave, drho_tot     = 0.3008E-02 0.5854E-02
 E_tot(eV)            = -.13291113744815E+06    0.6582E+00
 -------------------------------------------
 iter=  12   ave_lin=  4.0  iCGmth=   3
 Ef(eV)               = 0.5648539E+00
 err of ug            = 0.3061E-03
 dv_ave, drho_tot     = 0.3549E-02 0.3685E-02
 E_tot(eV)            = -.13291059630247E+06    0.5411E+00
 -------------------------------------------
 iter=  13   ave_lin=  4.0  iCGmth=   3
 Ef(eV)               = 0.7100394E+00
 err of ug            = 0.3595E-03
 dv_ave, drho_tot     = 0.4270E-02 0.2882E-02
 E_tot(eV)            = -.13291005102573E+06    0.5453E+00
 -------------------------------------------
 iter=  14   ave_lin=  4.0  iCGmth=   3
 Ef(eV)               = 0.1016194E+01
 err of ug            = 0.3484E-03
 dv_ave, drho_tot     = 0.5854E-02 0.2275E-02
 E_tot(eV)            = -.13290956475306E+06    0.4863E+00
 -------------------------------------------
 iter=  15   ave_lin=  4.0  iCGmth=   3
 Ef(eV)               = 0.1289089E+01
 err of ug            = 0.3620E-03
 dv_ave, drho_tot     = 0.6315E-02 0.1819E-02
 E_tot(eV)            = -.13290924771064E+06    0.3170E+00
 -------------------------------------------
 iter=  16   ave_lin=  4.0  iCGmth=   3
 Ef(eV)               = 0.1474978E+01
 err of ug            = 0.2588E-03
 dv_ave, drho_tot     = 0.4084E-02 0.1388E-02
 E_tot(eV)            = -.13290917514346E+06    0.7257E-01
 -------------------------------------------
 iter=  17   ave_lin=  4.0  iCGmth=   3
 Ef(eV)               = 0.1586334E+01
 err of ug            = 0.2019E-03
 dv_ave, drho_tot     = 0.3584E-02 0.1078E-02
 E_tot(eV)            = -.13290914742704E+06    0.2772E-01
 -------------------------------------------
 iter=  18   ave_lin=  4.0  iCGmth=   3
 Ef(eV)               = 0.1676306E+01
 err of ug            = 0.1323E-03
 dv_ave, drho_tot     = 0.2859E-02 0.8082E-03
 E_tot(eV)            = -.13290913258003E+06    0.1485E-01
 -------------------------------------------
 iter=  19   ave_lin=  4.0  iCGmth=   3
 Ef(eV)               = 0.1793319E+01
 err of ug            = 0.1132E-03
 dv_ave, drho_tot     = 0.2529E-02 0.6177E-03
 E_tot(eV)            = -.13290911504308E+06    0.1754E-01
 -------------------------------------------
 iter=  20   ave_lin=  4.0  iCGmth=   3
 Ef(eV)               = 0.1888167E+01
 err of ug            = 0.1029E-03
 dv_ave, drho_tot     = 0.2287E-02 0.4626E-03
 E_tot(eV)            = -.13290910136952E+06    0.1367E-01
 -------------------------------------------
 iter=  21   ave_lin=  4.0  iCGmth=   3
 Ef(eV)               = 0.1940065E+01
 err of ug            = 0.6433E-04
 dv_ave, drho_tot     = 0.9336E-03 0.3781E-03
 E_tot(eV)            = -.13290909467726E+06    0.6692E-02
 -------------------------------------------
 iter=  22   ave_lin=  4.0  iCGmth=   3
 Ef(eV)               = 0.1967305E+01
 err of ug            = 0.5653E-04
 dv_ave, drho_tot     = 0.9007E-03 0.3053E-03
 E_tot(eV)            = -.13290908924047E+06    0.5437E-02
 -------------------------------------------
 iter=  23   ave_lin=  4.0  iCGmth=   3
 Ef(eV)               = 0.1981968E+01
 err of ug            = 0.5319E-04
 dv_ave, drho_tot     = 0.8551E-03 0.2549E-03
 E_tot(eV)            = -.13290908540311E+06    0.3837E-02
 -------------------------------------------
 E_Fermi(eV)=   1.98196837084239     
 ---------------------------------------------------
 Ef(eV)               = 0.1981968E+01
 dvE, dvE(n)-dvE(n-1) = 0.7311E-06 -.8013E-07
 dv_ave, drho_tot     = 0.8551E-03 0.2549E-03
 err of ug            = 0.5319E-04
 ---------------------------------------------------
 ending_scf_reason = tol Etot_err  5.279008887880000E-003
 Ewald        = -.42685264558105E+05
 Alpha        = 0.15207970391171E+04
 E_extV       = 0.00000000000000E+00    0.0000E+00
 E_NSC        = -.21252940079823E+05    0.6909E+00
 E[-rho*V_Hxc]= -.12118188612887E+06    -.6871E+00
 E_Hxc        = 0.50690208324571E+05    0.7156E+00
 -TS          = -.11740678695893E-12    -.5780E-13
 E_tot(eV)    = -.13290908540311E+06    0.3837E-02
 E_tot(Ryd)   = -.97686376802285E+04    0.1410E-03
 ---------------------------------------------------
 ---------------------------------------------------
 occup for:      kpt=1,spin=1,m=(totN/2-2,totN/2+2)
   1.000    1.000    1.000    0.000    0.000
 eigen(eV) for:  kpt=1,spin=1,m=(totN/2-2,totN/2+2)
  -2.050   -2.026   -1.781    2.738    2.845
 ---------------------------------------------------
 ---------------------------------------------------
 E_Hart,E_xc,E_ion =0.79415631957027E+05  -.28725423632456E+05  -.22157251466703E+06
 E_Hxc+E_ion       =-.17088230634246E+06
 E_kin+E_nonloc    =0.79137688458343E+05
 E_rhoVext,E_IVext     =0.00000000000000E+00  0.00000000000000E+00
 E_psiV,E_dDrho =-.10039083747099E+06  0.00000000000000E+00
 ave(vtot):v0 =-.77280485487198E+01
 ave(V_ion_s(or p,d))=ave(V_Hatree)=0; ave(Vtot)=ave(V_xc)=v0
 ---------------------------------------------------
 *********************************
 Eigen energies are values after setting ave(Vtot)=0
 For Vtot=V_ion+V_Hartree+V_xc, and
 ave(V_ion+V_Hatree)=0, ave(V_xc).ne.0:  E=E+v0
 *********************************
iislda,kpt=   1,    1      0.000000     0.000000     0.000000             kpoint in xyz unit 
 err of each states, A.U
  0.206522E-04     0.193536E-04     0.384672E-04     0.191325E-03     0.742648E-04
  0.199272E-04     0.295172E-04     0.162783E-04     0.183430E-04     0.157481E-04
  0.323748E-04     0.180757E-04     0.237439E-04     0.152910E-04     0.146847E-04
  0.183946E-04     0.131535E-04     0.331791E-04     0.808044E-04     0.204274E-04
  0.151913E-04     0.257769E-04     0.296615E-04     0.144228E-04     0.154271E-04
  0.339250E-04     0.127363E-04     0.130715E-04     0.216225E-04     0.203281E-04
  0.145342E-04     0.390863E-04     0.190086E-04     0.148143E-04     0.193499E-04
  0.177283E-04     0.199554E-04     0.328373E-04     0.274150E-04     0.135747E-04
  0.187753E-04     0.425764E-04     0.145724E-04     0.146792E-04     0.219186E-04
  0.125629E-04     0.150793E-04     0.170639E-04     0.130711E-04     0.166579E-04
  0.294692E-04     0.169127E-04     0.306259E-04     0.186601E-04     0.167188E-04
  0.153840E-04     0.390455E-04     0.132918E-04     0.166261E-04     0.493390E-04
  0.499612E-04     0.181317E-04     0.614309E-04     0.175567E-04     0.453682E-04
  0.136752E-04     0.379715E-04     0.231284E-04     0.129516E-04     0.260998E-04
  0.127194E-04     0.184110E-04     0.139875E-04     0.136486E-04     0.545215E-04
  0.136123E-04     0.236379E-04     0.111921E-04     0.142712E-04     0.122590E-04
  0.146980E-04     0.113500E-04     0.152438E-04     0.113897E-04     0.153445E-04
  0.125981E-04     0.114066E-04     0.125434E-04     0.577492E-04     0.335010E-04
  0.111906E-04     0.125195E-04     0.192960E-04     0.119572E-04     0.498517E-04
  0.976068E-04     0.871952E-04     0.165269E-04     0.227203E-04     0.177690E-04
  0.409446E-04     0.132087E-04     0.865626E-04     0.121795E-04     0.136029E-04
  0.128183E-04     0.132363E-04     0.137856E-04     0.137022E-04     0.556428E-04
  0.585553E-04     0.175405E-04     0.185990E-04     0.123255E-04     0.167426E-04
  0.149713E-04     0.130197E-04     0.112372E-04     0.219037E-04     0.149858E-04
  0.148501E-04     0.295244E-04     0.328616E-04     0.116577E-04     0.133260E-04
  0.130057E-04     0.121057E-04     0.149413E-04     0.280571E-04     0.158121E-04
  0.212122E-04     0.140991E-04     0.180796E-03     0.629341E-04     0.115657E-04
  0.162295E-04     0.262881E-04     0.145976E-04     0.153601E-04     0.126669E-04
  0.120942E-04     0.162901E-04     0.125514E-04     0.265428E-04     0.603780E-04
  0.693195E-04     0.371087E-04     0.167731E-04     0.186507E-04     0.144508E-04
  0.126170E-04     0.137773E-04     0.244676E-04     0.379775E-04     0.128554E-04
  0.110498E-04     0.235580E-04     0.308943E-04     0.126132E-04     0.135348E-04
  0.305061E-04     0.382371E-04     0.497966E-04     0.161570E-04     0.272330E-04
  0.237140E-04     0.153097E-04     0.104594E-04     0.745504E-04     0.322185E-04
  0.400446E-04     0.155490E-04     0.175251E-04     0.127183E-04     0.108551E-04
  0.117198E-04     0.400910E-04     0.268331E-04     0.100197E-04     0.123342E-04
  0.139280E-04     0.134341E-04     0.209877E-04     0.113890E-04     0.160389E-04
  0.103838E-04     0.150855E-04     0.111677E-04     0.123497E-04     0.119495E-04
  0.255068E-04     0.120122E-04     0.143234E-04     0.112114E-04     0.135207E-04
  0.190176E-04     0.127812E-04     0.145214E-04     0.120437E-04     0.119352E-04
  0.140395E-04     0.241505E-04     0.234518E-04     0.130568E-04     0.355403E-04
  0.117889E-04     0.122229E-04     0.170012E-04     0.176572E-04     0.134795E-04
  0.163786E-04     0.155621E-04     0.173867E-04     0.228805E-04     0.161397E-04
  0.104112E-04     0.178926E-04     0.180335E-04     0.149545E-04     0.146203E-04
  0.122113E-04     0.138274E-04     0.128727E-04     0.178254E-04     0.122843E-04
  0.169910E-04     0.141027E-04     0.174989E-04     0.119300E-04     0.121563E-04
  0.154636E-04     0.149145E-04     0.208144E-04     0.158005E-04     0.150196E-04
  0.123510E-04     0.150760E-04     0.128404E-04     0.189448E-04     0.231084E-04
  0.206079E-04     0.200065E-04     0.174807E-04     0.139757E-04     0.132899E-04
  0.149840E-04     0.145093E-04     0.133934E-04     0.141315E-04     0.150437E-04
  0.209595E-04     0.152442E-04     0.162889E-04     0.161875E-04     0.161201E-04
  0.121928E-04     0.125175E-04     0.211116E-04     0.128450E-04     0.223460E-04
  0.141682E-04     0.135247E-04     0.247057E-04     0.220064E-04     0.137512E-04
  0.136888E-04     0.253639E-04     0.171626E-04     0.188268E-04     0.165488E-04
  0.174799E-04     0.208527E-04     0.179157E-04     0.181449E-04     0.235626E-04
  0.236634E-04     0.203842E-04     0.188501E-04     0.200632E-04     0.242178E-04
  0.289391E-04     0.189887E-04     0.176375E-04     0.186952E-04     0.198776E-04
  0.164634E-04     0.141484E-04     0.152802E-04     0.151800E-04     0.200673E-04
  0.110819E-04     0.298806E-04     0.249421E-04     0.256771E-04     0.165996E-04
  0.166502E-04     0.260901E-04     0.181731E-04     0.164780E-04     0.166746E-04
  0.288792E-04     0.172865E-04     0.175637E-04     0.213518E-04     0.194056E-04
  0.188472E-04     0.196279E-04     0.183618E-04     0.282338E-04     0.203963E-04
  0.206972E-04     0.206122E-04     0.230110E-04     0.309042E-04     0.291979E-04
  0.236748E-04     0.241190E-04     0.252672E-04     0.289989E-04     0.254022E-04
  0.268330E-04     0.208752E-04     0.215288E-04     0.246833E-04     0.261991E-04
  0.273370E-04     0.248313E-04     0.222443E-04     0.272552E-04     0.278775E-04
  0.185730E-04     0.187377E-04     0.282978E-04     0.178635E-04     0.217356E-04
  0.256738E-04     0.239314E-04     0.363568E-04     0.220143E-04     0.176765E-04
  0.246115E-04     0.286854E-04     0.242726E-04     0.189464E-04     0.213158E-04
  0.208347E-04     0.221662E-04     0.247159E-04     0.261102E-04     0.172158E-04
  0.200707E-04     0.238097E-04     0.258323E-04     0.239348E-04     0.252870E-04
  0.253471E-04     0.220636E-04     0.236937E-04     0.288836E-04     0.301972E-04
  0.204002E-04     0.223738E-04     0.182772E-04     0.225268E-04     0.224119E-04
  0.235687E-04     0.197499E-04     0.222751E-04     0.260954E-04     0.241848E-04
  0.162785E-04     0.235798E-04     0.244174E-04     0.253885E-04     0.239915E-04
  0.276937E-04     0.198878E-04     0.237836E-04     0.228965E-04     0.190841E-04
  0.251976E-04     0.256788E-04     0.234429E-04     0.246626E-04     0.170582E-04
  0.293806E-04     0.226227E-04     0.305998E-04     0.327835E-04     0.288079E-04
  0.242438E-04     0.280955E-04     0.334148E-04     0.251734E-04     0.279007E-04
  0.239623E-04     0.256319E-04     0.328597E-04     0.238591E-04     0.177198E-04
  0.184295E-04     0.196664E-04     0.386832E-04     0.428497E-04     0.237932E-04
  0.241631E-04     0.222619E-04     0.255927E-04     0.265704E-04     0.233881E-04
  0.249123E-04     0.236730E-04     0.333341E-04     0.278206E-04     0.374443E-04
  0.266617E-04     0.237307E-04     0.377447E-04     0.236387E-04     0.243379E-04
  0.308845E-04     0.272436E-04     0.308063E-04     0.229069E-04     0.335962E-04
  0.249296E-04     0.291112E-04     0.369234E-04     0.381415E-04     0.307851E-04
  0.246507E-04     0.372710E-04     0.310307E-04     0.251860E-04     0.283109E-04
  0.329083E-04     0.432412E-04     0.297734E-04     0.281597E-04     0.324574E-04
  0.222118E-04     0.335098E-04     0.249823E-04     0.275130E-04     0.310051E-04
  0.370580E-04     0.277089E-04     0.244147E-04     0.258288E-04     0.242319E-04
  0.290262E-04     0.230751E-04     0.244004E-04     0.280600E-04     0.440049E-04
  0.269736E-04     0.422462E-04     0.259657E-04     0.280859E-04     0.262485E-04
  0.220100E-04     0.268022E-04     0.301253E-04     0.356552E-04     0.275830E-04
  0.240705E-04     0.311355E-04     0.242562E-04     0.463950E-04     0.342895E-04
  0.225756E-04     0.291987E-04     0.190243E-04     0.288443E-04     0.236241E-04
  0.287304E-04     0.200258E-04     0.311067E-04     0.299902E-04     0.406477E-04
  0.296388E-04     0.194899E-04     0.390585E-04     0.354585E-04     0.211201E-04
  0.430244E-04     0.239047E-04     0.222178E-04     0.137310E-04     0.195662E-04
  0.190138E-04     0.198553E-04     0.224577E-04     0.251515E-04     0.221117E-04
  0.213969E-04     0.210629E-04     0.239932E-04     0.240664E-04     0.197862E-04
  0.218101E-04     0.232410E-04     0.231949E-04     0.175823E-04     0.218944E-04
  0.199838E-04     0.194224E-04     0.291413E-04     0.265177E-04     0.230833E-04
  0.249129E-04     0.218926E-04     0.215314E-04     0.205516E-04     0.224273E-04
  0.262127E-04     0.190103E-04     0.218080E-04     0.255589E-04     0.214498E-04
  0.228240E-04     0.221609E-04     0.238654E-04     0.265865E-04     0.280659E-04
  0.311806E-04     0.351166E-04     0.192727E-04     0.190270E-04     0.150008E-04
  0.383349E-04     0.313011E-04     0.271544E-04     0.195272E-04     0.327154E-04
  0.263034E-04     0.155158E-04     0.204395E-04     0.214776E-04     0.247576E-04
  0.248871E-04     0.284098E-04     0.273612E-04     0.167945E-04     0.259416E-04
  0.197533E-04     0.376495E-04     0.114196E-04     0.185173E-04     0.246725E-04
  0.230998E-04     0.162402E-04     0.164302E-04     0.230138E-04     0.192524E-04
  0.190995E-04     0.189323E-04     0.199310E-04     0.226885E-04     0.234578E-04
  0.183164E-04     0.220036E-04     0.214931E-04     0.262309E-04     0.261233E-04
  0.226942E-04     0.274171E-04     0.263266E-04     0.196508E-04     0.211020E-04
  0.208726E-04     0.211121E-04     0.195280E-04     0.232236E-04     0.213535E-04
  0.245455E-04     0.211376E-04     0.199075E-04     0.207865E-04     0.182689E-04
  0.193462E-04     0.171777E-04     0.222698E-04     0.195605E-04     0.170353E-04
  0.228347E-04     0.219838E-04     0.217024E-04     0.225674E-04     0.220341E-04
  0.207344E-04     0.235236E-04     0.216735E-04     0.244950E-04     0.203007E-04
  0.248709E-04     0.291156E-04     0.207315E-04     0.272708E-04     0.231920E-04
  0.254834E-04     0.238445E-04     0.240851E-04     0.201518E-04     0.225037E-04
  0.250806E-04     0.217871E-04     0.213383E-04     0.203603E-04     0.219497E-04
  0.213142E-04     0.211981E-04     0.221005E-04     0.253709E-04     0.249302E-04
  0.180395E-04     0.228037E-04     0.165860E-04     0.226005E-04     0.217779E-04
  0.222034E-04     0.223761E-04     0.248524E-04     0.222381E-04     0.197841E-04
  0.269429E-04     0.221973E-04     0.240890E-04     0.285095E-04     0.207427E-04
  0.264924E-04     0.229383E-04     0.236267E-04     0.308244E-04     0.265112E-04
  0.198481E-04     0.179979E-04     0.216445E-04     0.192922E-04     0.209343E-04
  0.210324E-04     0.224272E-04     0.198959E-04     0.186656E-04     0.236341E-04
  0.239916E-04     0.190807E-04     0.215941E-04     0.189365E-04     0.282366E-04
  0.273255E-04     0.272870E-04     0.238780E-04     0.218483E-04     0.266445E-04
  0.213366E-04     0.230131E-04     0.251053E-04     0.247528E-04     0.239276E-04
  0.316734E-04     0.251646E-04     0.201429E-04     0.270564E-04     0.253536E-04
  0.244088E-04     0.240508E-04     0.245204E-04     0.235440E-04     0.288380E-04
  0.242893E-04     0.241184E-04     0.258126E-04     0.250419E-04     0.333783E-04
  0.292488E-04     0.267422E-04     0.220470E-04     0.269875E-04     0.238419E-04
  0.222338E-04     0.214660E-04     0.268438E-04     0.245376E-04     0.278582E-04
  0.274050E-04     0.292651E-04     0.225060E-04     0.265265E-04     0.265475E-04
  0.283835E-04     0.278072E-04     0.271216E-04     0.243011E-04     0.253299E-04
  0.249807E-04     0.274347E-04     0.254004E-04     0.250110E-04     0.269257E-04
  0.275320E-04     0.283308E-04     0.282750E-04     0.281342E-04     0.242092E-04
  0.291929E-04     0.272954E-04     0.254901E-04     0.244704E-04     0.303801E-04
  0.280068E-04     0.265527E-04     0.271626E-04     0.282227E-04     0.315426E-04
  0.291176E-04     0.270492E-04     0.251721E-04     0.275916E-04     0.272966E-04
  0.279728E-04     0.317960E-04     0.285536E-04     0.300934E-04     0.278177E-04
  0.268485E-04     0.263824E-04     0.285715E-04     0.309022E-04     0.307095E-04
  0.255697E-04     0.328790E-04     0.274471E-04     0.312838E-04     0.312495E-04
  0.267135E-04     0.233249E-04     0.273492E-04     0.272582E-04     0.336416E-04
  0.236585E-04     0.258452E-04     0.322430E-04     0.264199E-04     0.264753E-04
  0.272421E-04     0.309932E-04     0.269551E-04     0.298488E-04     0.277035E-04
  0.303855E-04     0.313342E-04     0.240739E-04     0.305658E-04     0.283887E-04
  0.262905E-04     0.309426E-04     0.375823E-04     0.215370E-04     0.271733E-04
  0.271977E-04     0.282730E-04     0.290272E-04     0.327784E-04     0.334627E-04
  0.382614E-04     0.270638E-04     0.324671E-04     0.336997E-04     0.276525E-04
  0.321622E-04     0.308387E-04     0.363697E-04     0.305579E-04     0.342915E-04
  0.342684E-04     0.357003E-04     0.369439E-04     0.274224E-04     0.342417E-04
  0.369488E-04     0.347395E-04     0.310405E-04     0.292090E-04     0.269609E-04
  0.345084E-04     0.366370E-04     0.342790E-04     0.343339E-04     0.372225E-04
  0.316827E-04     0.313378E-04     0.308503E-04     0.285620E-04     0.321297E-04
  0.343434E-04     0.299958E-04     0.312151E-04     0.371488E-04     0.289011E-04
  0.289000E-04     0.293869E-04     0.272126E-04     0.313362E-04     0.327402E-04
  0.278864E-04     0.289874E-04     0.307652E-04     0.321027E-04     0.316861E-04
  0.322848E-04     0.333004E-04     0.325662E-04     0.304131E-04     0.302632E-04
  0.315760E-04     0.359077E-04     0.315687E-04     0.259445E-04     0.384310E-04
  0.282695E-04     0.264070E-04     0.283344E-04     0.335114E-04     0.328797E-04
  0.266886E-04     0.331194E-04     0.381637E-04     0.338023E-04     0.501488E-04
  0.349562E-04     0.264065E-04     0.257945E-04     0.293103E-04     0.332166E-04
  0.364083E-04     0.386312E-04     0.316727E-04     0.259962E-04     0.334449E-04
  0.305317E-04     0.311551E-04     0.266224E-04     0.276869E-04     0.419413E-04
  0.347489E-04     0.248164E-04     0.326956E-04     0.394912E-04     0.238184E-04
  0.400556E-04     0.356585E-04     0.433476E-04     0.372669E-04     0.266959E-04
  0.378422E-04     0.368706E-04     0.407929E-04     0.406869E-04     0.419469E-04
  0.361556E-04     0.444837E-04     0.436496E-04     0.271972E-04     0.547137E-04
  0.299626E-04     0.450927E-04     0.493385E-04     0.350440E-04     0.460622E-04
  0.390396E-04     0.359984E-04     0.504053E-04     0.346390E-04     0.364479E-04
  0.443300E-04     0.455689E-04     0.489619E-04     0.399394E-04     0.427099E-04
  0.379993E-04     0.399505E-04     0.466175E-04     0.427353E-04     0.330065E-04
  0.404267E-04     0.460280E-04     0.496039E-04     0.285361E-04     0.358080E-04
  0.368557E-04     0.329227E-04     0.361486E-04     0.457369E-04     0.621826E-04
  0.458498E-04     0.391795E-04     0.419067E-04     0.397876E-04     0.358834E-04
  0.426384E-04     0.412556E-04     0.428915E-04     0.463671E-04     0.425513E-04
  0.502473E-04     0.439269E-04     0.318506E-04     0.439616E-04     0.318827E-04
  0.270172E-04     0.358405E-04     0.416214E-04     0.431635E-04     0.399522E-04
  0.371531E-04     0.435679E-04     0.509107E-04     0.551791E-04     0.481413E-04
  0.310228E-04     0.282292E-04     0.276111E-04     0.323760E-04     0.749245E-04
  0.515131E-04     0.279160E-04     0.337662E-04     0.457581E-04     0.240088E-04
  0.365152E-04     0.325806E-04     0.268639E-04     0.397805E-04     0.569155E-04
  0.209707E-04     0.289816E-04     0.403944E-04     0.292133E-04     0.454354E-04
  0.568380E-04     0.703332E-04     0.666660E-04     0.308528E-04     0.370683E-04
  0.434288E-04     0.312926E-04     0.422579E-04     0.371919E-04     0.284992E-04
  0.304407E-04     0.240934E-04     0.239364E-04     0.451382E-04     0.421534E-04
  0.312319E-04     0.253270E-04     0.345389E-04     0.314221E-04     0.408180E-04
  0.418032E-04     0.223312E-04     0.364390E-04     0.433079E-04     0.462383E-04
  0.558522E-04     0.444144E-04     0.379300E-04     0.301950E-04     0.273823E-04
  0.132234E-03     0.815699E-04     0.113187E-03     0.168902E-03     0.164072E-03
  0.144277E-03     0.220063E-03     0.203996E-03     0.162283E-03     0.374318E-03
  0.278031E-03     0.496754E-03     0.468107E-03     0.664321E-03     0.736545E-03
  0.946044E-03     0.480871E-03     0.826268E-03     0.101594E-02     0.110570E-02
  0.143707E-02     0.966888E-03     0.129358E-02     0.852422E-03     0.718957E-03
  0.194195E-02     0.247213E-02     0.199298E-02     0.325833E-02     0.230868E-02
  0.226987E-02     0.276490E-02     0.273432E-02     0.203655E-02     0.247740E-02
  0.534721E-02     0.348464E-02     0.450334E-02     0.330544E-02     0.330685E-02
  0.325994E-02     0.438861E-02     0.650943E-02     0.568674E-02     0.377192E-02
  0.583990E-02     0.458251E-02     0.603009E-02     0.697358E-02     0.604537E-02
  0.844861E-02     0.701300E-02     0.995404E-02     0.104656E-01     0.114994E-01
  0.874061E-02     0.102456E-01     0.117928E-01
 eigen energies, in eV 
    -44.358415       -44.327644       -44.240024       -44.233726       -43.891719
    -28.233683       -28.229220       -28.075197       -28.051957       -27.933665
    -27.932751       -27.889315       -27.881092       -27.868834       -27.846686
    -27.832803       -27.827239       -27.760796       -27.738444       -27.695332
    -27.687185       -27.646430       -27.639288       -27.604453       -27.601802
    -27.572224       -27.544121       -27.526974       -27.517481       -27.491300
    -27.454654       -27.408721       -27.405461       -27.396666       -27.354789
    -27.343026       -27.330079       -27.309232       -27.289198       -27.286949
    -27.267060       -27.248210       -27.236723       -27.209478       -27.196844
    -27.124671       -27.091675       -27.050672       -27.027870       -27.023624
    -27.017113       -26.998054       -26.980749       -26.971774       -26.969564
    -26.900111       -26.891191       -26.864796       -26.846670       -26.844096
    -26.804177       -26.753715       -26.693411       -26.678709       -26.631375
    -26.614109       -26.589122       -26.579470       -26.572227       -26.505037
    -26.468953       -26.387633       -26.359520       -26.359064       -26.304211
    -26.256396       -26.255527       -26.249767       -26.213709       -26.176572
    -26.165730       -26.137453       -26.119129       -26.062868       -26.042358
    -26.020821       -26.014154       -26.001068       -25.956769       -25.952043
    -25.923320       -25.894842       -25.886705       -25.863795       -25.840307
    -25.818943       -25.814401       -25.812649       -25.804913       -25.745224
    -25.727642       -25.722543       -25.698654       -25.690109       -25.676423
    -25.670038       -25.662046       -25.650737       -25.644216       -25.622574
    -25.612745       -25.605055       -25.573132       -25.529168       -25.525031
    -25.496129       -25.466578       -25.432994       -25.418125       -25.397883
    -25.391060       -25.383602       -25.375434       -25.344845       -25.324495
    -25.314992       -25.313297       -25.282998       -25.270403       -25.220283
    -25.216113       -25.172953       -25.080165       -25.064551       -25.037417
    -23.987591       -23.683996       -23.671302       -23.513127       -23.511241
    -23.506687       -23.493927       -23.492308       -23.439763       -23.430565
    -23.421906       -23.393011       -23.376096       -23.318183       -23.305321
    -23.303415       -23.290280       -23.276745       -23.269518       -23.209039
    -23.139297       -23.073650       -23.060827       -23.042610       -22.994090
    -22.979998       -22.968753       -22.909626       -22.902512       -22.897010
    -22.835093       -22.831706       -22.809836       -22.677725       -22.562493
    -21.772586       -21.573141       -21.402225       -21.383385       -21.302100
    -21.273867       -21.228182       -21.164389       -21.141567       -21.140804
    -21.112599       -21.102132       -21.088791       -21.074770       -21.068379
    -21.034804       -20.909907       -20.789359       -20.778399       -20.539710
    -18.495863       -18.399852       -18.374401       -18.211481       -18.105110
    -16.253108       -16.246971       -16.182326       -16.107242       -16.081964
    -16.058772       -16.054892       -16.040540       -15.974639       -15.896411
    -15.783636       -15.773808       -15.765290       -15.571179       -15.486230
    -14.976170       -14.958332       -14.932138       -14.929560       -14.849993
    -14.790673       -14.754293       -14.748847       -14.726569       -14.644016
    -14.618083       -14.601749       -14.593699       -14.587968       -14.556199
    -14.545272       -14.507904       -14.502234       -14.495372       -14.480376
    -14.429802       -14.373800       -14.353613       -14.097043       -14.077444
    -13.725080       -13.639622       -13.551005       -13.535189       -13.523080
    -13.493888       -13.489915       -13.483700       -13.420090       -13.404347
    -13.398869       -13.398126       -13.386115       -13.378069       -13.333578
    -13.325651       -13.313770       -13.305827       -13.288471       -13.279591
    -13.275373       -13.236516       -13.176235       -13.167539       -13.153190
    -13.133991       -13.117963       -13.110397       -13.084153       -12.782228
    -12.142661       -12.116868       -12.027400       -11.996257       -11.978305
    -11.975201       -11.948363       -11.939709       -11.892834       -11.865734
    -11.860434       -11.834331       -11.768928       -11.674452       -11.650522
    -11.643706       -11.549815       -11.514492       -11.509667       -11.474096
    -11.445021       -11.390391       -11.385634       -11.368088       -11.310326
    -11.294228       -11.226397       -11.192399       -11.189125       -11.085354
    -11.071332       -11.051714       -11.031393       -11.014089       -10.985257
    -10.901681       -10.862770       -10.837136       -10.746640       -10.712999
    -10.666243       -10.631149       -10.565182       -10.529433       -10.509776
    -10.509614       -10.495782       -10.457855       -10.453469       -10.431131
    -10.417903       -10.409100       -10.352889       -10.323576       -10.322084
    -10.316380       -10.299109       -10.292414       -10.286918       -10.273247
    -10.265862       -10.258421       -10.252044       -10.248404       -10.214468
    -10.213193       -10.200335       -10.196212       -10.182589       -10.168613
    -10.159279       -10.141621       -10.121391       -10.115062       -10.099939
    -10.077551       -10.062264       -10.034792       -10.023516       -10.015125
    -10.003513        -9.993635        -9.974436        -9.965218        -9.938871
     -9.933225        -9.908922        -9.901887        -9.897251        -9.895224
     -9.879332        -9.862464        -9.851399        -9.837588        -9.835636
     -9.798734        -9.793905        -9.781567        -9.777308        -9.772551
     -9.768793        -9.706597        -9.689537        -9.675104        -9.664895
     -9.661992        -9.652902        -9.649279        -9.624091        -9.605245
     -9.588720        -9.581793        -9.565243        -9.551805        -9.549956
     -9.542079        -9.538361        -9.499950        -9.490809        -9.477171
     -9.474733        -9.470303        -9.454482        -9.446366        -9.417280
     -9.408994        -9.404351        -9.365812        -9.351927        -9.342730
     -9.317383        -9.316810        -9.305288        -9.292962        -9.287839
     -9.282927        -9.270957        -9.249525        -9.209634        -9.182916
     -9.165508        -9.156428        -9.145613        -9.143961        -9.126188
     -9.116947        -9.092837        -9.079946        -9.051994        -9.042806
     -9.027515        -9.016362        -9.008626        -8.998903        -8.994469
     -8.981956        -8.963440        -8.962370        -8.951500        -8.942012
     -8.937723        -8.914803        -8.906900        -8.899257        -8.895267
     -8.882137        -8.863270        -8.859799        -8.856143        -8.852376
     -8.842538        -8.813306        -8.782631        -8.768175        -8.758140
     -8.750963        -8.743015        -8.725727        -8.714324        -8.700850
     -8.690532        -8.676499        -8.666987        -8.648710        -8.642758
     -8.618624        -8.600142        -8.584638        -8.568216        -8.555412
     -8.548122        -8.523954        -8.498446        -8.482828        -8.477664
     -8.465803        -8.461254        -8.392773        -8.387534        -8.366683
     -8.351711        -8.330035        -8.325046        -8.320578        -8.306604
     -8.295986        -8.264321        -8.254697        -8.234973        -8.215124
     -8.211402        -8.177427        -8.158170        -8.149086        -8.146849
     -8.102880        -8.084120        -8.071529        -8.058755        -8.021677
     -8.013594        -7.966564        -7.943749        -7.933062        -7.869126
     -7.840094        -7.833770        -7.812857        -7.798990        -7.798144
     -7.793690        -7.766170        -7.742613        -7.725632        -7.709965
     -7.702301        -7.669545        -7.665657        -7.613134        -7.604118
     -7.569654        -7.518587        -7.507699        -7.502728        -7.472877
     -7.440571        -7.421162        -7.397937        -7.377258        -7.338902
     -7.322117        -7.307906        -7.269744        -7.259294        -7.252990
     -7.250341        -7.217750        -7.208400        -7.200994        -7.151195
     -7.134339        -7.122904        -7.102596        -7.088772        -7.031500
     -7.016584        -7.012523        -7.008369        -6.977774        -6.955806
     -6.943957        -6.932266        -6.892376        -6.877791        -6.870323
     -6.868929        -6.856227        -6.846248        -6.780697        -6.778004
     -6.771378        -6.760031        -6.729862        -6.725530        -6.692103
     -6.690927        -6.672858        -6.655278        -6.638222        -6.630987
     -6.620629        -6.616615        -6.591588        -6.568495        -6.562827
     -6.544622        -6.529530        -6.512180        -6.499367        -6.490998
     -6.483842        -6.474219        -6.463990        -6.449160        -6.440310
     -6.423463        -6.394241        -6.380927        -6.367317        -6.358772
     -6.339646        -6.334605        -6.330414        -6.321391        -6.309659
     -6.302372        -6.280224        -6.263994        -6.252070        -6.249757
     -6.233831        -6.229401        -6.226541        -6.217325        -6.212791
     -6.192817        -6.184043        -6.178180        -6.174867        -6.161274
     -6.155805        -6.135209        -6.130360        -6.124208        -6.122422
     -6.116567        -6.109261        -6.093592        -6.091712        -6.082588
     -6.079029        -6.063386        -6.059984        -6.057120        -6.046773
     -6.042555        -6.038363        -6.016809        -6.014210        -6.002362
     -5.997133        -5.985085        -5.971148        -5.968998        -5.961547
     -5.945078        -5.942219        -5.938395        -5.926057        -5.914498
     -5.913794        -5.905080        -5.901698        -5.892035        -5.875497
     -5.863121        -5.857900        -5.851973        -5.844905        -5.834982
     -5.825362        -5.812460        -5.791856        -5.790617        -5.786861
     -5.781813        -5.764111        -5.756119        -5.752269        -5.751467
     -5.738146        -5.734812        -5.728353        -5.727067        -5.710754
     -5.708264        -5.701867        -5.700142        -5.684821        -5.682258
     -5.675580        -5.664841        -5.647317        -5.644138        -5.633086
     -5.628940        -5.622489        -5.616028        -5.606377        -5.599287
     -5.592035        -5.581521        -5.576711        -5.571769        -5.570495
     -5.561294        -5.559232        -5.550039        -5.548242        -5.531185
     -5.510995        -5.506981        -5.499357        -5.493646        -5.483804
     -5.482963        -5.472020        -5.467228        -5.457416        -5.454769
     -5.450731        -5.445407        -5.436355        -5.434408        -5.427971
     -5.422292        -5.414915        -5.406793        -5.402719        -5.395205
     -5.390929        -5.386717        -5.381274        -5.372418        -5.369307
     -5.358433        -5.347220        -5.345295        -5.336864        -5.331442
     -5.326602        -5.321724        -5.320020        -5.318184        -5.312070
     -5.309169        -5.299202        -5.296257        -5.283293        -5.280704
     -5.275635        -5.266317        -5.262775        -5.258456        -5.240639
     -5.230512        -5.226092        -5.217959        -5.211428        -5.205553
     -5.200250        -5.197423        -5.191592        -5.182267        -5.181642
     -5.169047        -5.162812        -5.160347        -5.156266        -5.145474
     -5.142003        -5.138796        -5.136523        -5.129888        -5.123581
     -5.120986        -5.111001        -5.108619        -5.104043        -5.099329
     -5.087305        -5.083373        -5.077036        -5.065516        -5.063530
     -5.055301        -5.054231        -5.052356        -5.048679        -5.035358
     -5.030359        -5.027988        -5.011338        -5.008421        -5.005863
     -4.993334        -4.990479        -4.982524        -4.974041        -4.967989
     -4.959873        -4.953005        -4.952113        -4.946918        -4.939543
     -4.935497        -4.933056        -4.929207        -4.923842        -4.908600
     -4.901398        -4.894978        -4.882731        -4.878631        -4.870434
     -4.869167        -4.862165        -4.857070        -4.847199        -4.841448
     -4.839067        -4.831796        -4.828645        -4.817306        -4.814981
     -4.799030        -4.795125        -4.786490        -4.780867        -4.776608
     -4.768245        -4.758233        -4.754378        -4.749261        -4.744921
     -4.737559        -4.731958        -4.725359        -4.710715        -4.704051
     -4.700441        -4.698596        -4.690732        -4.687368        -4.680232
     -4.678233        -4.671098        -4.666170        -4.655266        -4.652149
     -4.642944        -4.633863        -4.624425        -4.619173        -4.609631
     -4.604455        -4.600342        -4.584110        -4.570844        -4.556488
     -4.541729        -4.539570        -4.524121        -4.499477        -4.491912
     -4.489931        -4.477564        -4.470690        -4.464575        -4.444713
     -4.430580        -4.425343        -4.402527        -4.397766        -4.382786
     -4.350457        -4.334427        -4.316250        -4.302548        -4.298600
     -4.289033        -4.254094        -4.239148        -4.227017        -4.216752
     -4.202037        -4.157036        -4.147476        -4.144030        -4.124474
     -4.083688        -4.059340        -4.052130        -4.030731        -3.977724
     -3.970948        -3.946131        -3.934274        -3.919050        -3.884393
     -3.850673        -3.824541        -3.819954        -3.812896        -3.808097
     -3.801471        -3.792247        -3.787015        -3.773048        -3.760817
     -3.747438        -3.735568        -3.711579        -3.707223        -3.698449
     -3.696632        -3.688653        -3.663755        -3.653780        -3.647212
     -3.639451        -3.607918        -3.603531        -3.582298        -3.580120
     -3.566999        -3.555115        -3.540188        -3.534302        -3.529126
     -3.523635        -3.513381        -3.505564        -3.480803        -3.474808
     -3.453196        -3.446090        -3.435171        -3.426400        -3.414289
     -3.411046        -3.395834        -3.389717        -3.381399        -3.363996
     -3.352265        -3.343032        -3.340699        -3.336329        -3.322453
     -3.297953        -3.295790        -3.286868        -3.276081        -3.268987
     -3.257911        -3.250732        -3.211948        -3.206154        -3.184479
     -3.177122        -3.169119        -3.137608        -3.124741        -3.075990
     -3.065561        -3.056519        -2.994571        -2.973031        -2.948897
     -2.899579        -2.898481        -2.831941        -2.811647        -2.724501
     -2.718861        -2.713843        -2.695782        -2.672912        -2.633072
     -2.616373        -2.613692        -2.604506        -2.595491        -2.587943
     -2.572463        -2.541804        -2.508268        -2.475405        -2.457435
     -2.354791        -2.342542        -2.304097        -2.268258        -2.259784
     -2.255983        -2.248622        -2.204682        -2.179511        -2.169391
     -2.161446        -2.146855        -2.050364        -2.026286        -1.780789
      2.738118         2.844717         2.856513         2.930375         2.942783
      2.991464         3.079757         3.099765         3.173310         3.246447
      3.256182         3.302527         3.330522         3.377082         3.423240
      3.448909         3.479833         3.499242         3.561479         3.579769
      3.586118         3.601859         3.661602         3.679598         3.722950
      3.737230         3.763623         3.796683         3.798709         3.824673
      3.840558         3.856688         3.870913         3.896764         3.913648
      3.932725         3.957980         3.977309         4.001400         4.003356
      4.023327         4.054005         4.066454         4.074659         4.101751
      4.121500         4.127536         4.166871         4.178852         4.222976
      4.233622         4.243298         4.274596         4.296675         4.351035
      4.380878         4.426388         4.475113
 *********************************
 total computation time (sec)=   1997.69021201134     
