 AEM_Eatom=  0.162593843093171     
 AEM_Egroup=  1.931651073920880E-002
 AEM_Etot=  1.312517086762363E-002
 AEM_F=  0.536481062141527     
