 AEM_Eatom=  2.067865194020122E-002
 AEM_Egroup=  3.004538953648723E-003
 AEM_Etot=  7.827821184986004E-003
 AEM_F=  0.514481287258349     
