 AEM_Eatom=  0.105215552764451     
 AEM_Egroup=  1.023337211278024E-002
 AEM_Etot=  3.504628117705309E-003
 AEM_F=  0.627705551647425     
