 AEM_Eatom=  6.662281940217093E-003
 AEM_Egroup=  4.786283147509245E-004
 AEM_Etot=  8.892933697978708E-004
 AEM_F=  0.500600401015582     
