 AEM_Eatom=  0.162821309260342     
 AEM_Egroup=  1.027141716069478E-002
 AEM_Etot=  6.033491542307269E-003
 AEM_F=  0.716155420232698     
