 AEM_Eatom=  6.809726596633445E-002
 AEM_Egroup=  1.422521225628439E-002
 AEM_Etot=  6.122137733269371E-004
 AEM_F=  0.502415743808677     
