 AEM_Eatom=  2.665807440357738E-002
 AEM_Egroup=  2.247945229204786E-003
 AEM_Etot=  7.297833900965220E-004
 AEM_F=  0.501380694520030     
