 AEM_Eatom=  3.212194371765528E-002
 AEM_Egroup=  2.221473803169182E-003
 AEM_Etot=  1.720117841297852E-003
 AEM_F=  0.570176227645864     
