 AEM_Eatom=  1.032474484010205E-003
 AEM_Egroup=  1.289271992535151E-004
 AEM_Etot=  8.527961644679418E-004
 AEM_F=  0.500111528093086     
