 AEM_Eatom=  3.342863213135779E-002
 AEM_Egroup=  5.851074105599808E-003
 AEM_Etot=  3.929469248353409E-003
 AEM_F=  0.503454687709857     
