 AEM_Eatom=  0.105096173096515     
 AEM_Egroup=  5.429635619168780E-003
 AEM_Etot=  2.308823992313433E-003
 AEM_F=  0.582171868675118     
