 AEM_Eatom=  5.168464974090267E-003
 AEM_Egroup=  4.420359401333655E-004
 AEM_Etot=  7.734921216663733E-004
 AEM_F=  0.501148053828851     
