 AEM_Eatom=  1.359401209265015E-002
 AEM_Egroup=  2.076193548308685E-003
 AEM_Etot=  1.108112961768304E-002
 AEM_F=  0.507202700573357     
