 AEM_Eatom=  0.169397427973219     
 AEM_Egroup=  1.621108686885617E-002
 AEM_Etot=  3.857530381807799E-003
 AEM_F=  0.712726285290884     
