 AEM_Eatom=  8.360539823203521E-003
 AEM_Egroup=  6.832652058108446E-004
 AEM_Etot=  9.902579172656756E-004
 AEM_F=  0.500734425633245     
