 AEM_Eatom=  1.848082092810104E-002
 AEM_Egroup=  1.636284462002155E-003
 AEM_Etot=  5.304898561016278E-004
 AEM_F=  0.506378536347994     
