 AEM_Eatom=  3.202127476781911E-004
 AEM_Egroup=  6.239483822283711E-005
 AEM_Etot=  7.622331924590728E-004
 AEM_F=  0.500007878078534     
