 AEM_Eatom=  9.146501163280707E-002
 AEM_Egroup=  5.858929217950773E-003
 AEM_Etot=  2.822436001893565E-003
 AEM_F=  0.603425762091625     
