 AEM_Eatom=  4.722205726282416E-002
 AEM_Egroup=  7.083933756912344E-003
 AEM_Etot=  3.372615677427020E-003
 AEM_F=  0.531528230433855     
