 AEM_Eatom=  8.372623063631400E-003
 AEM_Egroup=  1.289010532198685E-003
 AEM_Etot=  6.821070406085850E-004
 AEM_F=  0.502779273359060     
