           4           1
 PRECISION  = SINGLE     
 JOB       = SCF
 IN.PSP1   = /home/sabs/shenjie/Pseudopotential/Li.nc.pbe.UPF
 IN.PSP2   = /home/sabs/shenjie/Pseudopotential/C.nc.pbe.UPF
 IN.PSP3   = /home/sabs/shenjie/Pseudopotential/O.nc.pbe.UPF
 IN.PSP4   = /home/sabs/shenjie/Pseudopotential/N.nc.pbe.UPF
 IN.PSP5   = /home/sabs/shenjie/Pseudopotential/S.nc.pbe.UPF
 IN.PSP6   = /home/sabs/shenjie/Pseudopotential/F.nc.pbe.UPF
 IN.PSP7   = /home/sabs/shenjie/Pseudopotential/H.nc.pbe.UPF
 IN.PSP8   = /home/sabs/shenjie/Pseudopotential/P.nc.pbe.UPF
 IN.ATOM   = atom.config         
 CONVERGENCE  = EASY
 ACCURACY  = NORM
 VFF_DETAIL =   1   500  0.50000000E-02     30.00000     4.00000     0.00000     1.00000  
 EGG_DETAIL =            3           3           3
 SPIN      =   1
 CONSTRAINT_MAG =           0
 RANDOM_SEED=           0
 QIJ_DETAIL =   0  1
 SCF_MIX = CHARGE
 PWSCF_OUTPUT     =  F
 Ecut      =    60.0000000000000     
 Ecut2     =    120.000000000000     
 Ecut2L    =    120.000000000000     
 EcutP    =    60.0000000000000     
 N123      =   120   120   120
 NS123     =    40    40    40
 N123L     =   120   120   120
 STRESS_CORR =   0.100000E+01  0.000000E+00  0.200000E+01  0.000000E+00
 XCFUNCTIONAL = LDA
 HSE_DETAIL    =      1.00000000    1     0.00000000    6 1 1
 RELAX_HSE    =    20   0.50000E-01     2
 VDW       = NONE
 LONDON_S6      =   0.000000000000000E+000
 LONDON_C6(1)      =   -1.00000000000000     
 LONDON_C6(2)      =   -1.00000000000000     
 LONDON_C6(3)      =   -1.00000000000000     
 LONDON_C6(4)      =   -1.00000000000000     
 LONDON_C6(5)      =   -1.00000000000000     
 LONDON_C6(6)      =   -1.00000000000000     
 LONDON_C6(7)      =   -1.00000000000000     
 LONDON_C6(8)      =   -1.00000000000000     
 LONDON_RCUT      =   0.000000000000000E+000
 DFTD3_S6        =   0.000000000000000E+000
 DFTD3_RS6        =   0.000000000000000E+000
 DFTD3_S18        =   0.000000000000000E+000
 DFTD3_RS18        =   0.000000000000000E+000
 DFTD3_ALPHA6        =   0.000000000000000E+000
 DFTD3_VERSION        =            0
 DFTD3_3BODY        =  F
 COULOMB   =    0
 IN.WG     =  F
 OUT.WG    =  F
 IN.RHO    =  F
 OUT.RHOATOM =  F
 OUT.RHO   =  F
 IN.VR     =  F
 OUT.VR    =  F
 OUT.ELF   =  F
 IN.VEXT   =  F
 OUT.VATOM   =  F
 OUT.FORCE =  T
 OUT.STRESS =  F
 IN.KPT    =  F
 IN.SYMM   =  F
 SYMM_PREC =    0.10000E-04
 MP_N123 =      1      1      1      0      0      0      0
 NUM_KPT =            1
 CHARGE_DECOMP = F
 ENERGY_DECOMP = F 
 IN.SOLVENT =  F
 NUM_ELECTRON =   1940.00000000000     
 FIX_FERMI =   F  0.000000E+00  0.000000E+00  0.000000E+00
 IN.NONSCF    =  F
 NUM_BAND  =  1028
 OUT.REAL.RHOWF_SP= 0
 WG_ERROR  =   1.000000000000000E-004
 E_ERROR   =   5.279008887880000E-003
 RHO_ERROR =   5.000000000000000E-005
 RHO_RELATIVE_ERROR      =   0.000000000000000E+000
 FORCE_RELATIVE_ERROR     =   0.000000000000000E+000
 MIN_SCF_ITER     =            1
 SYS_TYPE   =            1
 PULAY_MIX_OPT =     30  1  0       1.00000       0.00000
 PULAY_METRIC_Q0 =       -1.00000
 IN.OCC    =  F          -1
 IN.CC    =  F
 IN.OCC_ADIA    =  F
 SCF_ITER0_1 =    6   4    3    0.0000     0.02500    1
 SCF_ITER0_2 =   94   4    3    1.0000     0.02500    1
 SCF_ITER1_1 =   40   4    3    1.0000     0.02500    1
 NONLOCAL  =  2
 IN.A_FIELD =  F       0.00000       0.00000       0.00000
 RCUT      =    4.00000000000000     
 IN.PSP_RCUT1 =   4.00000000000000     
 IN.PSP_RCUT2 =   4.00000000000000     
 IN.PSP_RCUT3 =   4.00000000000000     
 IN.PSP_RCUT4 =   4.00000000000000     
 IN.PSP_RCUT5 =   4.00000000000000     
 IN.PSP_RCUT6 =   4.00000000000000     
 IN.PSP_RCUT7 =   4.00000000000000     
 IN.PSP_RCUT8 =   4.00000000000000     
 MD_VV_SCALE =    100
 LDAU_PSP1   =           -1  2.721138638331097E-009  2.721138638331097E-009  eV
 LDAU_PSP2   =           -1  2.721138638331097E-009  2.721138638331097E-009  eV
 LDAU_PSP3   =           -1  2.721138638331097E-009  2.721138638331097E-009  eV
 LDAU_PSP4   =           -1  2.721138638331097E-009  2.721138638331097E-009  eV
 LDAU_PSP5   =           -1  2.721138638331097E-009  2.721138638331097E-009  eV
 LDAU_PSP6   =           -1  2.721138638331097E-009  2.721138638331097E-009  eV
 LDAU_PSP7   =           -1  2.721138638331097E-009  2.721138638331097E-009  eV
 LDAU_PSP8   =           -1  2.721138638331097E-009  2.721138638331097E-009  eV
 NUM_BLOCKED_PSI=  F
 WF_STORE2DISK  =            0
 NUM_DOS_GRID =         4000
 NMAP_MAX =        50000
 KERK_AMIN =   0.300000000000000     
 KERK_AMIX =   0.400000000000000     
 KERK_AMIX_MAG =   0.800000000000000     
 KERK_BMIX =   0.500000000000000     
 LDAU_MIX =   0.700000000000000     
 PULAY_WEIGHT_SPIN =    1.00000000000000     
 PULAY_WEIGHT_NS =    1.00000000000000     
 OUT.MLMD    =  F
 NUM_MPI_PER_GPU =     1
 FLAG_CYLINDER =            0
 SET_OUT_FERMI_POS =  F           0
 E_FINITE =  F   0.00000E+00   0.00000E+00   0.00000E+00
 MLINE_EIGEN =      1
 
 ------------------------------------------------
 total number of K-point:           1
   0.00000     0.00000    0.00000     1.00000            
 ------------------------------------------------
 
 
 *********************************************
 *********** end of etot.input report ********
 minimum n1,n2,n3 from Ecut2
     118.970      119.148      119.089
 minimum n1L,n2L,n3L from Ecut2L
     118.970      119.148      119.089
 *********************************************
 
 
Weighted average num_of_PW for all kpoint=                       312673.000
 ************************************
 E_Hxc(eV)         49473.9281772648     
 E_ion(eV)        -219158.080199297     
 E_Coul(eV)        77697.4358750465     
 E_Hxc+E_ion(eV)  -169684.152022032     
 NONSCF     1          AVE_STATE_ERROR= 0.5918E+01
 NONSCF     2          AVE_STATE_ERROR= 0.1620E+01
 NONSCF     3          AVE_STATE_ERROR= 0.4975E+00
 NONSCF     4          AVE_STATE_ERROR= 0.9192E-01
 NONSCF     5          AVE_STATE_ERROR= 0.1556E-01
 NONSCF     6          AVE_STATE_ERROR= 0.3134E-02
 iter=   7   ave_lin=  4.0  iCGmth=   3
 Ef(eV)               = -.1630891E+01
 err of ug            = 0.1237E-02
 dv_ave, drho_tot     = 0.0000E+00 0.1226E+00
 E_tot(eV)            = -.13305003410750E+06    -.1331E+06
 -------------------------------------------
 iter=   8   ave_lin=  4.0  iCGmth=   3
 Ef(eV)               = 0.1327826E+00
 err of ug            = 0.1080E-01
 dv_ave, drho_tot     = 0.1697E-01 0.7086E-01
 E_tot(eV)            = -.13294602191346E+06    0.1040E+03
 -------------------------------------------
 iter=   9   ave_lin=  4.0  iCGmth=   3
 Ef(eV)               = -.1138898E+01
 err of ug            = 0.6579E-02
 dv_ave, drho_tot     = 0.1340E-01 0.3049E-01
 E_tot(eV)            = -.13291456746718E+06    0.3145E+02
 -------------------------------------------
 iter=  10   ave_lin=  4.0  iCGmth=   3
 Ef(eV)               = 0.7627202E+00
 err of ug            = 0.2021E-02
 dv_ave, drho_tot     = 0.6922E-02 0.1047E-01
 E_tot(eV)            = -.13290932888174E+06    0.5239E+01
 -------------------------------------------
 iter=  11   ave_lin=  4.0  iCGmth=   3
 Ef(eV)               = 0.6780431E+00
 err of ug            = 0.5369E-03
 dv_ave, drho_tot     = 0.3011E-02 0.5888E-02
 E_tot(eV)            = -.13290866922381E+06    0.6597E+00
 -------------------------------------------
 iter=  12   ave_lin=  4.0  iCGmth=   3
 Ef(eV)               = 0.5398574E+00
 err of ug            = 0.3067E-03
 dv_ave, drho_tot     = 0.3537E-02 0.3675E-02
 E_tot(eV)            = -.13290813441660E+06    0.5348E+00
 -------------------------------------------
 iter=  13   ave_lin=  4.0  iCGmth=   3
 Ef(eV)               = 0.5199488E+00
 err of ug            = 0.3584E-03
 dv_ave, drho_tot     = 0.4223E-02 0.2862E-02
 E_tot(eV)            = -.13290760143803E+06    0.5330E+00
 -------------------------------------------
 iter=  14   ave_lin=  4.0  iCGmth=   3
 Ef(eV)               = 0.8896626E+00
 err of ug            = 0.3439E-03
 dv_ave, drho_tot     = 0.5756E-02 0.2253E-02
 E_tot(eV)            = -.13290712879660E+06    0.4726E+00
 -------------------------------------------
 iter=  15   ave_lin=  4.0  iCGmth=   3
 Ef(eV)               = 0.1203868E+01
 err of ug            = 0.3569E-03
 dv_ave, drho_tot     = 0.6291E-02 0.1801E-02
 E_tot(eV)            = -.13290681684213E+06    0.3120E+00
 -------------------------------------------
 iter=  16   ave_lin=  4.0  iCGmth=   3
 Ef(eV)               = 0.1341351E+01
 err of ug            = 0.2568E-03
 dv_ave, drho_tot     = 0.4012E-02 0.1384E-02
 E_tot(eV)            = -.13290674339466E+06    0.7345E-01
 -------------------------------------------
 iter=  17   ave_lin=  4.0  iCGmth=   3
 Ef(eV)               = 0.1475164E+01
 err of ug            = 0.2022E-03
 dv_ave, drho_tot     = 0.3594E-02 0.1079E-02
 E_tot(eV)            = -.13290671475670E+06    0.2864E-01
 -------------------------------------------
 iter=  18   ave_lin=  4.0  iCGmth=   3
 Ef(eV)               = 0.1573841E+01
 err of ug            = 0.1320E-03
 dv_ave, drho_tot     = 0.2851E-02 0.8143E-03
 E_tot(eV)            = -.13290669976595E+06    0.1499E-01
 -------------------------------------------
 iter=  19   ave_lin=  4.0  iCGmth=   3
 Ef(eV)               = 0.1673244E+01
 err of ug            = 0.1153E-03
 dv_ave, drho_tot     = 0.2544E-02 0.6223E-03
 E_tot(eV)            = -.13290668176150E+06    0.1800E-01
 -------------------------------------------
 iter=  20   ave_lin=  4.0  iCGmth=   3
 Ef(eV)               = 0.1771888E+01
 err of ug            = 0.1036E-03
 dv_ave, drho_tot     = 0.2266E-02 0.4624E-03
 E_tot(eV)            = -.13290666832577E+06    0.1344E-01
 -------------------------------------------
 iter=  21   ave_lin=  4.0  iCGmth=   3
 Ef(eV)               = 0.1857912E+01
 err of ug            = 0.6562E-04
 dv_ave, drho_tot     = 0.9616E-03 0.3752E-03
 E_tot(eV)            = -.13290666172329E+06    0.6602E-02
 -------------------------------------------
 iter=  22   ave_lin=  4.0  iCGmth=   3
 Ef(eV)               = 0.1934114E+01
 err of ug            = 0.5622E-04
 dv_ave, drho_tot     = 0.8844E-03 0.3018E-03
 E_tot(eV)            = -.13290665652403E+06    0.5199E-02
 -------------------------------------------
 E_Fermi(eV)=   1.93411407775505     
 ---------------------------------------------------
 Ef(eV)               = 0.1934114E+01
 dvE, dvE(n)-dvE(n-1) = 0.7821E-06 -.1425E-06
 dv_ave, drho_tot     = 0.8844E-03 0.3018E-03
 err of ug            = 0.5622E-04
 ---------------------------------------------------
 ending_scf_reason = tol Etot_err  5.279008887880000E-003
 Ewald        = -.42748208996124E+05
 Alpha        = 0.15207970391171E+04
 E_extV       = 0.00000000000000E+00    0.0000E+00
 E_NSC        = -.21253997765844E+05    0.8245E+00
 E[-rho*V_Hxc]= -.12104785788322E+06    -.8193E+00
 E_Hxc        = 0.50622611082041E+05    0.8700E+00
 -TS          = -.12820679947546E-12    -.1217E-12
 E_tot(eV)    = -.13290665652403E+06    0.5199E-02
 E_tot(Ryd)   = -.97684591609074E+04    0.1911E-03
 ---------------------------------------------------
 ---------------------------------------------------
 occup for:      kpt=1,spin=1,m=(totN/2-2,totN/2+2)
   1.000    1.000    1.000    0.000    0.000
 eigen(eV) for:  kpt=1,spin=1,m=(totN/2-2,totN/2+2)
  -2.111   -2.087   -1.819    2.690    2.753
 ---------------------------------------------------
 ---------------------------------------------------
 E_Hart,E_xc,E_ion =0.79349745251325E+05  -.28727134169285E+05  -.22144787755551E+06
 E_Hxc+E_ion       =-.17082526647347E+06
 E_kin+E_nonloc    =0.79146021906449E+05
 E_rhoVext,E_IVext     =0.00000000000000E+00  0.00000000000000E+00
 E_psiV,E_dDrho =-.10040008182148E+06  0.00000000000000E+00
 ave(vtot):v0 =-.77259104121786E+01
 ave(V_ion_s(or p,d))=ave(V_Hatree)=0; ave(Vtot)=ave(V_xc)=v0
 ---------------------------------------------------
 *********************************
 Eigen energies are values after setting ave(Vtot)=0
 For Vtot=V_ion+V_Hartree+V_xc, and
 ave(V_ion+V_Hatree)=0, ave(V_xc).ne.0:  E=E+v0
 *********************************
iislda,kpt=   1,    1      0.000000     0.000000     0.000000             kpoint in xyz unit 
 err of each states, A.U
  0.485564E-04     0.163083E-04     0.729534E-04     0.180086E-03     0.107914E-03
  0.212054E-04     0.186900E-04     0.491243E-04     0.143378E-04     0.228423E-04
  0.372750E-04     0.181903E-04     0.298385E-04     0.261706E-04     0.188602E-04
  0.151265E-04     0.206263E-04     0.338072E-04     0.188406E-04     0.234944E-04
  0.367365E-04     0.376202E-04     0.304023E-04     0.272366E-04     0.170715E-04
  0.178661E-04     0.195481E-04     0.133382E-04     0.184402E-04     0.349482E-04
  0.271940E-04     0.486796E-04     0.131868E-04     0.137090E-04     0.687489E-04
  0.117897E-04     0.155263E-04     0.427518E-04     0.227763E-04     0.189815E-04
  0.161973E-04     0.153532E-04     0.199324E-04     0.202161E-04     0.304009E-04
  0.330248E-04     0.544485E-04     0.272556E-04     0.137053E-04     0.175849E-04
  0.128882E-04     0.206778E-03     0.205192E-04     0.345823E-04     0.700705E-04
  0.270254E-04     0.231445E-04     0.577944E-04     0.121814E-04     0.176831E-04
  0.206077E-04     0.184876E-04     0.181038E-04     0.376507E-04     0.149333E-04
  0.136015E-04     0.210092E-04     0.160813E-04     0.215712E-04     0.313749E-04
  0.213455E-04     0.241336E-04     0.121598E-04     0.117793E-04     0.526716E-04
  0.124199E-04     0.143261E-04     0.184019E-04     0.188764E-04     0.234969E-04
  0.213136E-04     0.153725E-04     0.250133E-04     0.262389E-04     0.131399E-04
  0.136396E-04     0.148128E-04     0.124088E-04     0.720475E-04     0.595528E-04
  0.128805E-04     0.145021E-04     0.142465E-04     0.373217E-04     0.117624E-04
  0.398707E-04     0.846443E-04     0.249567E-04     0.124134E-04     0.140662E-04
  0.146411E-04     0.134564E-04     0.248935E-04     0.454362E-04     0.225662E-04
  0.150852E-04     0.179703E-04     0.148817E-04     0.102485E-04     0.478249E-04
  0.147475E-04     0.200023E-04     0.232036E-04     0.171182E-04     0.188998E-04
  0.488586E-04     0.186158E-04     0.147007E-04     0.319819E-04     0.347962E-04
  0.188679E-04     0.155352E-04     0.152984E-04     0.241637E-04     0.119427E-04
  0.107599E-04     0.653405E-04     0.980376E-05     0.288173E-04     0.150258E-04
  0.215398E-04     0.126752E-04     0.201320E-04     0.231748E-04     0.148736E-04
  0.821506E-04     0.107114E-04     0.116730E-04     0.156471E-04     0.149254E-04
  0.123433E-04     0.174731E-04     0.126985E-04     0.287031E-04     0.128427E-04
  0.301458E-04     0.704298E-04     0.130642E-04     0.193558E-04     0.422169E-04
  0.125658E-04     0.263161E-03     0.124127E-04     0.132440E-04     0.506673E-04
  0.319885E-04     0.152432E-04     0.138206E-04     0.126969E-03     0.123593E-04
  0.204573E-04     0.174282E-04     0.386048E-04     0.157247E-04     0.253039E-04
  0.325762E-04     0.127466E-04     0.247860E-04     0.115796E-04     0.322156E-04
  0.143128E-04     0.133383E-04     0.100557E-04     0.111348E-04     0.191800E-04
  0.163854E-04     0.301698E-04     0.133521E-04     0.341991E-04     0.356947E-04
  0.686140E-04     0.979994E-05     0.884832E-05     0.523209E-04     0.227258E-04
  0.101031E-04     0.148742E-03     0.125598E-04     0.114398E-04     0.191875E-04
  0.161274E-04     0.290690E-04     0.145124E-04     0.131434E-04     0.220756E-04
  0.178265E-04     0.139309E-04     0.134002E-04     0.138717E-04     0.168690E-04
  0.160050E-04     0.153466E-04     0.162837E-04     0.276515E-04     0.145744E-04
  0.162394E-04     0.127587E-04     0.168544E-04     0.159496E-04     0.160604E-04
  0.205466E-04     0.164738E-04     0.127173E-04     0.246835E-04     0.151900E-04
  0.136678E-04     0.158723E-04     0.188488E-04     0.160949E-04     0.134582E-04
  0.119033E-04     0.123892E-04     0.143881E-04     0.181813E-04     0.187222E-04
  0.178602E-04     0.153969E-04     0.193809E-04     0.146163E-04     0.138669E-04
  0.236468E-04     0.242525E-04     0.162857E-04     0.126902E-04     0.163274E-04
  0.124313E-04     0.165410E-04     0.162555E-04     0.187600E-04     0.172984E-04
  0.234983E-04     0.167080E-04     0.181269E-04     0.182299E-04     0.168231E-04
  0.134926E-04     0.105797E-04     0.114553E-04     0.163533E-04     0.129757E-04
  0.138765E-04     0.133057E-04     0.165443E-04     0.167334E-04     0.161323E-04
  0.139464E-04     0.143717E-04     0.199813E-04     0.148367E-04     0.180706E-04
  0.172009E-04     0.129420E-04     0.184451E-04     0.182971E-04     0.195027E-04
  0.154215E-04     0.236031E-04     0.240705E-04     0.173678E-04     0.183996E-04
  0.177835E-04     0.170699E-04     0.159607E-04     0.229707E-04     0.202033E-04
  0.184018E-04     0.213756E-04     0.168039E-04     0.288359E-04     0.208163E-04
  0.160007E-04     0.207594E-04     0.152199E-04     0.137293E-04     0.196268E-04
  0.176728E-04     0.166952E-04     0.170695E-04     0.159495E-04     0.203701E-04
  0.143799E-04     0.281437E-04     0.245924E-04     0.253888E-04     0.162200E-04
  0.185974E-04     0.184643E-04     0.187143E-04     0.157873E-04     0.125826E-04
  0.169448E-04     0.152428E-04     0.148316E-04     0.216198E-04     0.254665E-04
  0.153956E-04     0.166352E-04     0.162718E-04     0.165953E-04     0.291682E-04
  0.228681E-04     0.157537E-04     0.259086E-04     0.274284E-04     0.278432E-04
  0.330206E-04     0.317987E-04     0.213641E-04     0.203018E-04     0.261144E-04
  0.262696E-04     0.277960E-04     0.262610E-04     0.229090E-04     0.228628E-04
  0.235870E-04     0.293569E-04     0.266327E-04     0.277355E-04     0.220622E-04
  0.223444E-04     0.191308E-04     0.229096E-04     0.244371E-04     0.235460E-04
  0.230473E-04     0.226067E-04     0.259917E-04     0.205949E-04     0.210657E-04
  0.237932E-04     0.350256E-04     0.288006E-04     0.261135E-04     0.290944E-04
  0.258103E-04     0.268932E-04     0.185964E-04     0.217810E-04     0.208723E-04
  0.250064E-04     0.243355E-04     0.214114E-04     0.279045E-04     0.264964E-04
  0.169100E-04     0.265583E-04     0.271883E-04     0.285238E-04     0.253039E-04
  0.238613E-04     0.214094E-04     0.187708E-04     0.171128E-04     0.270288E-04
  0.191123E-04     0.231241E-04     0.324897E-04     0.308308E-04     0.321229E-04
  0.233062E-04     0.248165E-04     0.259251E-04     0.165462E-04     0.230943E-04
  0.312974E-04     0.245125E-04     0.365707E-04     0.233270E-04     0.222082E-04
  0.177464E-04     0.267863E-04     0.227076E-04     0.407857E-04     0.189867E-04
  0.263875E-04     0.269618E-04     0.182234E-04     0.293021E-04     0.226294E-04
  0.217808E-04     0.260257E-04     0.338953E-04     0.254743E-04     0.312243E-04
  0.346916E-04     0.211557E-04     0.269044E-04     0.295350E-04     0.308794E-04
  0.297545E-04     0.382616E-04     0.251636E-04     0.379510E-04     0.513000E-04
  0.224192E-04     0.250575E-04     0.201590E-04     0.240580E-04     0.243990E-04
  0.315646E-04     0.263237E-04     0.267226E-04     0.313234E-04     0.278333E-04
  0.232565E-04     0.261440E-04     0.265225E-04     0.282926E-04     0.394716E-04
  0.213014E-04     0.415929E-04     0.262602E-04     0.241738E-04     0.295582E-04
  0.260196E-04     0.282196E-04     0.244191E-04     0.306070E-04     0.287654E-04
  0.431213E-04     0.344022E-04     0.307385E-04     0.338449E-04     0.287089E-04
  0.301672E-04     0.385639E-04     0.391493E-04     0.327100E-04     0.359355E-04
  0.320678E-04     0.335902E-04     0.248458E-04     0.242580E-04     0.296944E-04
  0.336189E-04     0.303878E-04     0.282436E-04     0.259331E-04     0.265943E-04
  0.269042E-04     0.207110E-04     0.224302E-04     0.299958E-04     0.323532E-04
  0.347619E-04     0.485231E-04     0.288996E-04     0.403230E-04     0.206846E-04
  0.270985E-04     0.296048E-04     0.275572E-04     0.287407E-04     0.228633E-04
  0.355590E-04     0.239969E-04     0.288640E-04     0.595792E-04     0.312463E-04
  0.311825E-04     0.296735E-04     0.213523E-04     0.204964E-04     0.298749E-04
  0.317832E-04     0.174961E-04     0.274865E-04     0.315056E-04     0.410482E-04
  0.301912E-04     0.341721E-04     0.242940E-04     0.178007E-04     0.389615E-04
  0.273976E-04     0.345315E-04     0.234226E-04     0.232658E-04     0.409579E-04
  0.326964E-04     0.246394E-04     0.225855E-04     0.196414E-04     0.159670E-04
  0.226129E-04     0.270537E-04     0.249750E-04     0.281364E-04     0.175384E-04
  0.231237E-04     0.250927E-04     0.259613E-04     0.209128E-04     0.243602E-04
  0.302834E-04     0.183989E-04     0.207903E-04     0.226222E-04     0.220387E-04
  0.275400E-04     0.265210E-04     0.275119E-04     0.323507E-04     0.178061E-04
  0.207860E-04     0.209952E-04     0.264400E-04     0.278137E-04     0.208162E-04
  0.201764E-04     0.222237E-04     0.242259E-04     0.244404E-04     0.268518E-04
  0.288393E-04     0.247667E-04     0.199534E-04     0.203930E-04     0.250606E-04
  0.239469E-04     0.272905E-04     0.274254E-04     0.201430E-04     0.195899E-04
  0.272584E-04     0.397954E-04     0.241610E-04     0.193794E-04     0.307879E-04
  0.179290E-04     0.202378E-04     0.238282E-04     0.235707E-04     0.289540E-04
  0.376389E-04     0.176723E-04     0.180214E-04     0.178609E-04     0.215390E-04
  0.217452E-04     0.201329E-04     0.152147E-04     0.249198E-04     0.197257E-04
  0.186524E-04     0.268105E-04     0.205813E-04     0.268666E-04     0.181439E-04
  0.245433E-04     0.198170E-04     0.231893E-04     0.236429E-04     0.224123E-04
  0.310829E-04     0.263591E-04     0.234706E-04     0.209357E-04     0.199348E-04
  0.250108E-04     0.256910E-04     0.226231E-04     0.238713E-04     0.240429E-04
  0.285098E-04     0.268592E-04     0.209986E-04     0.211720E-04     0.247620E-04
  0.222257E-04     0.224214E-04     0.224869E-04     0.205999E-04     0.222827E-04
  0.252049E-04     0.252372E-04     0.326124E-04     0.273124E-04     0.240859E-04
  0.260604E-04     0.225356E-04     0.215856E-04     0.225378E-04     0.261144E-04
  0.251407E-04     0.224999E-04     0.261198E-04     0.248488E-04     0.230542E-04
  0.288477E-04     0.227239E-04     0.329662E-04     0.253313E-04     0.241139E-04
  0.239776E-04     0.256901E-04     0.268957E-04     0.217613E-04     0.190323E-04
  0.226015E-04     0.216143E-04     0.267242E-04     0.222480E-04     0.229612E-04
  0.269986E-04     0.229673E-04     0.200175E-04     0.342516E-04     0.240906E-04
  0.266721E-04     0.222400E-04     0.232018E-04     0.204416E-04     0.241458E-04
  0.255984E-04     0.260235E-04     0.238707E-04     0.266029E-04     0.230873E-04
  0.339987E-04     0.233022E-04     0.252317E-04     0.252504E-04     0.233970E-04
  0.239659E-04     0.235232E-04     0.271256E-04     0.235524E-04     0.214458E-04
  0.247599E-04     0.214150E-04     0.219973E-04     0.200439E-04     0.217672E-04
  0.211908E-04     0.242680E-04     0.245367E-04     0.222763E-04     0.313466E-04
  0.270238E-04     0.249763E-04     0.246086E-04     0.315874E-04     0.266371E-04
  0.246558E-04     0.250467E-04     0.252612E-04     0.226254E-04     0.262871E-04
  0.242880E-04     0.306420E-04     0.275730E-04     0.232847E-04     0.270298E-04
  0.248612E-04     0.260884E-04     0.301238E-04     0.287603E-04     0.253148E-04
  0.258879E-04     0.226439E-04     0.228597E-04     0.240439E-04     0.257773E-04
  0.240617E-04     0.305878E-04     0.258411E-04     0.304324E-04     0.305563E-04
  0.300725E-04     0.282818E-04     0.294700E-04     0.332171E-04     0.297572E-04
  0.280545E-04     0.332489E-04     0.309167E-04     0.296206E-04     0.274629E-04
  0.274968E-04     0.265003E-04     0.309515E-04     0.325252E-04     0.291331E-04
  0.294734E-04     0.293655E-04     0.300427E-04     0.279569E-04     0.306770E-04
  0.304947E-04     0.295834E-04     0.301736E-04     0.296581E-04     0.297418E-04
  0.302660E-04     0.266214E-04     0.280234E-04     0.284016E-04     0.248717E-04
  0.262753E-04     0.283534E-04     0.276563E-04     0.296855E-04     0.251964E-04
  0.262234E-04     0.281908E-04     0.289796E-04     0.270516E-04     0.309636E-04
  0.256190E-04     0.350525E-04     0.276197E-04     0.251527E-04     0.258423E-04
  0.274973E-04     0.351610E-04     0.262175E-04     0.245245E-04     0.305563E-04
  0.289352E-04     0.244235E-04     0.285183E-04     0.299761E-04     0.278587E-04
  0.285155E-04     0.299653E-04     0.273259E-04     0.317793E-04     0.310648E-04
  0.301158E-04     0.325751E-04     0.253984E-04     0.307969E-04     0.293480E-04
  0.277738E-04     0.269998E-04     0.309113E-04     0.312727E-04     0.300430E-04
  0.242236E-04     0.298230E-04     0.320272E-04     0.238918E-04     0.239831E-04
  0.247423E-04     0.253760E-04     0.309697E-04     0.318569E-04     0.307272E-04
  0.238862E-04     0.298731E-04     0.371780E-04     0.287727E-04     0.281153E-04
  0.302209E-04     0.340874E-04     0.352298E-04     0.312629E-04     0.318820E-04
  0.279548E-04     0.250945E-04     0.242553E-04     0.246323E-04     0.340382E-04
  0.341831E-04     0.243970E-04     0.335560E-04     0.325677E-04     0.371904E-04
  0.368025E-04     0.350244E-04     0.331968E-04     0.277551E-04     0.331777E-04
  0.356895E-04     0.315394E-04     0.310126E-04     0.324781E-04     0.340333E-04
  0.320717E-04     0.398789E-04     0.327573E-04     0.327971E-04     0.284329E-04
  0.333822E-04     0.306151E-04     0.302076E-04     0.326554E-04     0.307271E-04
  0.332785E-04     0.340177E-04     0.341325E-04     0.339317E-04     0.352093E-04
  0.305245E-04     0.390368E-04     0.316794E-04     0.340871E-04     0.312898E-04
  0.318242E-04     0.323806E-04     0.320421E-04     0.350989E-04     0.318892E-04
  0.370039E-04     0.318898E-04     0.280868E-04     0.298437E-04     0.372244E-04
  0.322859E-04     0.381686E-04     0.383268E-04     0.323108E-04     0.343529E-04
  0.340993E-04     0.336232E-04     0.293923E-04     0.336340E-04     0.397870E-04
  0.297077E-04     0.372407E-04     0.344946E-04     0.369757E-04     0.445346E-04
  0.386754E-04     0.372993E-04     0.438005E-04     0.373848E-04     0.269426E-04
  0.418366E-04     0.366541E-04     0.468350E-04     0.354445E-04     0.350490E-04
  0.332098E-04     0.304623E-04     0.294545E-04     0.291026E-04     0.262326E-04
  0.349325E-04     0.441884E-04     0.271739E-04     0.415281E-04     0.370960E-04
  0.289585E-04     0.407014E-04     0.423619E-04     0.404336E-04     0.385389E-04
  0.488930E-04     0.255754E-04     0.365835E-04     0.424609E-04     0.482833E-04
  0.520208E-04     0.321667E-04     0.452625E-04     0.288898E-04     0.315281E-04
  0.644416E-04     0.358928E-04     0.550923E-04     0.513738E-04     0.375985E-04
  0.456781E-04     0.363737E-04     0.413519E-04     0.422974E-04     0.444609E-04
  0.364561E-04     0.438356E-04     0.380420E-04     0.461802E-04     0.437392E-04
  0.334981E-04     0.434760E-04     0.374568E-04     0.387473E-04     0.392921E-04
  0.371892E-04     0.377959E-04     0.852099E-04     0.424417E-04     0.405998E-04
  0.341240E-04     0.432473E-04     0.266049E-04     0.371092E-04     0.423863E-04
  0.389381E-04     0.359822E-04     0.331945E-04     0.370599E-04     0.412848E-04
  0.308425E-04     0.464787E-04     0.479231E-04     0.408733E-04     0.517543E-04
  0.403106E-04     0.428350E-04     0.323903E-04     0.436356E-04     0.357917E-04
  0.437784E-04     0.405021E-04     0.413114E-04     0.469562E-04     0.452180E-04
  0.315418E-04     0.603394E-04     0.447349E-04     0.487804E-04     0.303082E-04
  0.304630E-04     0.542373E-04     0.259156E-04     0.853790E-04     0.311556E-04
  0.203127E-04     0.288005E-04     0.341230E-04     0.507620E-04     0.420346E-04
  0.318939E-04     0.318852E-04     0.607690E-04     0.247203E-04     0.283824E-04
  0.253935E-04     0.545591E-04     0.337671E-04     0.268436E-04     0.284095E-04
  0.250593E-04     0.364319E-04     0.426197E-04     0.395368E-04     0.957295E-04
  0.448535E-04     0.404400E-04     0.337731E-04     0.606821E-04     0.258374E-04
  0.245541E-04     0.236990E-04     0.268930E-04     0.484610E-04     0.333951E-04
  0.297957E-04     0.509989E-04     0.509041E-04     0.236961E-04     0.397885E-04
  0.264205E-04     0.469027E-04     0.389034E-04     0.353955E-04     0.216605E-04
  0.128249E-03     0.181318E-03     0.114725E-03     0.123269E-03     0.112419E-03
  0.145946E-03     0.155617E-03     0.173369E-03     0.152461E-03     0.309045E-03
  0.218345E-03     0.270238E-03     0.710093E-03     0.661119E-03     0.860768E-03
  0.135188E-02     0.568599E-03     0.872863E-03     0.144667E-02     0.104068E-02
  0.108557E-02     0.132477E-02     0.755575E-03     0.128859E-02     0.180064E-02
  0.104796E-02     0.123544E-02     0.178718E-02     0.230802E-02     0.342588E-02
  0.194537E-02     0.243897E-02     0.349160E-02     0.446620E-02     0.409528E-02
  0.225502E-02     0.374803E-02     0.541645E-02     0.355265E-02     0.542005E-02
  0.414875E-02     0.492713E-02     0.575221E-02     0.625015E-02     0.532572E-02
  0.553262E-02     0.558252E-02     0.747242E-02     0.552886E-02     0.848333E-02
  0.494139E-02     0.904369E-02     0.119138E-01     0.827837E-02     0.719613E-02
  0.104754E-01     0.103002E-01     0.880164E-02
 eigen energies, in eV 
    -44.449042       -44.285988       -44.198574       -44.160995       -43.922818
    -28.240750       -28.220864       -28.219223       -28.109461       -28.043171
    -28.013925       -27.994543       -27.965927       -27.940053       -27.904130
    -27.871915       -27.858877       -27.806157       -27.738225       -27.737308
    -27.722020       -27.718063       -27.686660       -27.683066       -27.676065
    -27.657771       -27.653031       -27.609350       -27.577116       -27.566386
    -27.548059       -27.477676       -27.383333       -27.379850       -27.361170
    -27.349907       -27.325061       -27.306990       -27.265447       -27.264938
    -27.247118       -27.237289       -27.219119       -27.212197       -27.190721
    -27.179601       -27.177623       -27.167873       -27.129373       -27.022708
    -27.021210       -26.969140       -26.965208       -26.935921       -26.824168
    -26.800742       -26.797561       -26.793029       -26.771517       -26.759087
    -26.725664       -26.707356       -26.690149       -26.610412       -26.573940
    -26.547490       -26.534626       -26.516312       -26.510322       -26.462331
    -26.343208       -26.324268       -26.319821       -26.311050       -26.295672
    -26.285416       -26.263054       -26.260717       -26.259252       -26.217807
    -26.203240       -26.177681       -26.175638       -26.124577       -26.035864
    -25.988652       -25.949614       -25.930105       -25.909090       -25.887668
    -25.854597       -25.839380       -25.827971       -25.808914       -25.803975
    -25.790163       -25.787452       -25.782483       -25.722915       -25.713868
    -25.702601       -25.671939       -25.662042       -25.652039       -25.618463
    -25.612927       -25.604750       -25.602655       -25.592261       -25.562185
    -25.539613       -25.513297       -25.502602       -25.490814       -25.430983
    -25.424013       -25.398845       -25.386348       -25.360381       -25.351106
    -25.324950       -25.307190       -25.284354       -25.252028       -25.234595
    -25.222581       -25.196764       -25.182651       -25.171599       -25.168519
    -25.159099       -25.032758       -25.000554       -24.977319       -24.773090
    -24.007287       -23.998806       -23.730572       -23.659710       -23.644625
    -23.600715       -23.581435       -23.510519       -23.501368       -23.423284
    -23.419270       -23.416189       -23.365753       -23.338179       -23.305571
    -23.291893       -23.290140       -23.234898       -23.194540       -23.135359
    -23.116932       -23.088774       -23.057397       -23.056690       -23.023548
    -23.014996       -22.922880       -22.914920       -22.895935       -22.882978
    -22.881895       -22.873434       -22.861303       -22.736815       -22.562054
    -21.833576       -21.475317       -21.427001       -21.413588       -21.358399
    -21.340800       -21.291280       -21.250748       -21.232970       -21.232096
    -21.164137       -21.139211       -21.125573       -21.113509       -21.020497
    -20.950954       -20.950486       -20.834113       -20.825055       -20.595873
    -18.581418       -18.511140       -18.417016       -18.259982       -18.197728
    -16.189649       -16.141239       -16.125493       -16.113989       -16.074801
    -16.059935       -16.056392       -15.994397       -15.979113       -15.924463
    -15.837781       -15.765516       -15.578618       -15.514005       -15.425594
    -15.018165       -14.930124       -14.910611       -14.908527       -14.874604
    -14.846249       -14.820581       -14.792151       -14.739088       -14.694238
    -14.589432       -14.574937       -14.570549       -14.536385       -14.530709
    -14.522583       -14.500304       -14.475895       -14.447726       -14.437792
    -14.392315       -14.387623       -14.355244       -14.012124       -13.955383
    -13.859997       -13.812043       -13.676967       -13.550331       -13.512576
    -13.505135       -13.457056       -13.434478       -13.430837       -13.410637
    -13.392437       -13.360821       -13.349520       -13.334605       -13.305071
    -13.301368       -13.287192       -13.256074       -13.251192       -13.246123
    -13.235873       -13.202048       -13.199480       -13.143322       -13.141231
    -12.999375       -12.985584       -12.982363       -12.935534       -12.820965
    -12.192390       -12.121297       -12.085792       -12.019757       -11.998008
    -11.993618       -11.963950       -11.950857       -11.937032       -11.858532
    -11.835892       -11.812685       -11.800636       -11.714870       -11.636310
    -11.604500       -11.587585       -11.562495       -11.544589       -11.466483
    -11.439395       -11.427504       -11.386373       -11.372239       -11.277761
    -11.276329       -11.204227       -11.193640       -11.161418       -11.131158
    -11.118433       -11.097266       -11.087526       -11.029798       -10.962350
    -10.925494       -10.908979       -10.805025       -10.801554       -10.723370
    -10.641909       -10.635838       -10.614042       -10.595290       -10.530700
    -10.491740       -10.480501       -10.442191       -10.426170       -10.409619
    -10.403049       -10.399014       -10.387652       -10.380935       -10.364762
    -10.319306       -10.305490       -10.291722       -10.289807       -10.287096
    -10.278783       -10.269790       -10.244205       -10.228399       -10.224050
    -10.212404       -10.204761       -10.191007       -10.166647       -10.162121
    -10.144888       -10.113739       -10.091314       -10.083551       -10.079635
    -10.076387       -10.061892       -10.047151       -10.033545       -10.031759
    -10.009295        -9.990917        -9.984531        -9.979062        -9.970960
     -9.966681        -9.950061        -9.940149        -9.900220        -9.884334
     -9.876022        -9.873074        -9.863004        -9.840467        -9.819336
     -9.811954        -9.807093        -9.795688        -9.778577        -9.775010
     -9.757060        -9.736553        -9.714551        -9.677510        -9.671744
     -9.639389        -9.637006        -9.633856        -9.626772        -9.623080
     -9.616571        -9.599746        -9.580220        -9.566013        -9.563127
     -9.548790        -9.529667        -9.521112        -9.505056        -9.497020
     -9.483658        -9.476523        -9.463005        -9.449633        -9.436041
     -9.425631        -9.411764        -9.395042        -9.378862        -9.358148
     -9.355058        -9.323469        -9.306223        -9.297766        -9.289841
     -9.283576        -9.266105        -9.259581        -9.254698        -9.208803
     -9.206401        -9.197729        -9.173153        -9.137534        -9.131902
     -9.114231        -9.099852        -9.089280        -9.074472        -9.059198
     -9.058951        -9.052445        -9.040461        -9.027687        -9.014140
     -9.001672        -8.982641        -8.979532        -8.953479        -8.944050
     -8.931992        -8.927494        -8.921166        -8.914645        -8.904994
     -8.891845        -8.882404        -8.870850        -8.863846        -8.856426
     -8.847442        -8.815916        -8.812604        -8.779116        -8.771872
     -8.764328        -8.735297        -8.717601        -8.711954        -8.704484
     -8.682423        -8.679374        -8.666302        -8.662853        -8.620913
     -8.601942        -8.587971        -8.581345        -8.574012        -8.568130
     -8.531880        -8.524190        -8.512124        -8.484798        -8.467249
     -8.462664        -8.444674        -8.413541        -8.401063        -8.394513
     -8.380862        -8.377101        -8.353862        -8.342468        -8.314346
     -8.311310        -8.295855        -8.284549        -8.259728        -8.240970
     -8.234354        -8.157859        -8.143387        -8.120250        -8.095118
     -8.080870        -8.069847        -8.047923        -8.028389        -8.025117
     -7.993333        -7.977428        -7.972989        -7.959960        -7.935438
     -7.896595        -7.882602        -7.858617        -7.801190        -7.793526
     -7.776102        -7.760208        -7.752097        -7.741105        -7.716635
     -7.697149        -7.679865        -7.635801        -7.628833        -7.606754
     -7.567198        -7.535106        -7.531608        -7.499816        -7.470547
     -7.452710        -7.423424        -7.415487        -7.405144        -7.348774
     -7.333141        -7.301036        -7.285691        -7.279273        -7.265875
     -7.251250        -7.226327        -7.212420        -7.205264        -7.186529
     -7.183677        -7.170657        -7.142642        -7.125822        -7.072081
     -7.040262        -7.010245        -7.004361        -6.994504        -6.977871
     -6.958299        -6.940232        -6.921894        -6.901655        -6.844955
     -6.838180        -6.826360        -6.784714        -6.781803        -6.776468
     -6.766171        -6.763461        -6.752922        -6.730218        -6.709522
     -6.705462        -6.674769        -6.651004        -6.638953        -6.631191
     -6.598281        -6.590400        -6.580206        -6.549635        -6.539867
     -6.530262        -6.519841        -6.507026        -6.501935        -6.492028
     -6.482758        -6.471866        -6.460901        -6.441801        -6.421863
     -6.412716        -6.402089        -6.393018        -6.376909        -6.369954
     -6.360601        -6.359910        -6.348281        -6.340436        -6.336709
     -6.319295        -6.294613        -6.288048        -6.268397        -6.265262
     -6.242333        -6.237131        -6.232448        -6.213204        -6.195516
     -6.186752        -6.177906        -6.159007        -6.156249        -6.147082
     -6.143386        -6.132285        -6.127585        -6.122547        -6.108939
     -6.107663        -6.099649        -6.090369        -6.086716        -6.084329
     -6.073908        -6.062657        -6.060980        -6.049922        -6.037280
     -6.034576        -6.024641        -6.022081        -6.015478        -6.008661
     -5.992240        -5.985366        -5.973056        -5.964035        -5.956522
     -5.951964        -5.940483        -5.932890        -5.915746        -5.902272
     -5.889778        -5.887181        -5.879193        -5.869529        -5.865429
     -5.853033        -5.850078        -5.842058        -5.822017        -5.814456
     -5.812407        -5.800187        -5.794989        -5.789666        -5.781333
     -5.769116        -5.767629        -5.756552        -5.749981        -5.740243
     -5.735856        -5.718510        -5.715010        -5.711084        -5.700818
     -5.695027        -5.685627        -5.675060        -5.665301        -5.662289
     -5.655290        -5.643597        -5.640302        -5.638323        -5.631598
     -5.626769        -5.620146        -5.613886        -5.613171        -5.600615
     -5.597100        -5.595129        -5.588625        -5.582009        -5.573524
     -5.567352        -5.557864        -5.540606        -5.534142        -5.532157
     -5.519445        -5.513568        -5.504226        -5.501836        -5.499052
     -5.492908        -5.479701        -5.471718        -5.465620        -5.457374
     -5.454375        -5.442807        -5.438707        -5.429006        -5.423583
     -5.420481        -5.408629        -5.401589        -5.391842        -5.382351
     -5.381378        -5.369743        -5.361036        -5.357964        -5.353712
     -5.347658        -5.345256        -5.336667        -5.335547        -5.328401
     -5.324775        -5.319870        -5.308476        -5.298637        -5.297351
     -5.293598        -5.287059        -5.279475        -5.278129        -5.275578
     -5.263684        -5.259897        -5.251153        -5.249158        -5.233254
     -5.226234        -5.217012        -5.213517        -5.209960        -5.199082
     -5.190740        -5.181481        -5.173200        -5.172942        -5.162187
     -5.157305        -5.154494        -5.150225        -5.143061        -5.134206
     -5.128708        -5.122248        -5.116301        -5.112097        -5.110044
     -5.104998        -5.100118        -5.094544        -5.092862        -5.084166
     -5.076057        -5.071194        -5.060835        -5.048053        -5.042077
     -5.038281        -5.035967        -5.033569        -5.024299        -5.011775
     -5.008003        -5.000162        -4.986083        -4.983384        -4.980797
     -4.970086        -4.964319        -4.958769        -4.951126        -4.949240
     -4.943195        -4.932855        -4.925814        -4.921357        -4.918609
     -4.915267        -4.908487        -4.902105        -4.901497        -4.893988
     -4.890104        -4.880524        -4.875446        -4.864916        -4.861475
     -4.858026        -4.849719        -4.842784        -4.842219        -4.831830
     -4.822281        -4.813296        -4.810176        -4.793037        -4.781004
     -4.780645        -4.776804        -4.763470        -4.755269        -4.752387
     -4.747203        -4.738215        -4.728433        -4.718870        -4.716259
     -4.705619        -4.704752        -4.697150        -4.691754        -4.681163
     -4.678387        -4.674955        -4.671575        -4.663474        -4.647325
     -4.640399        -4.632740        -4.629742        -4.625809        -4.623646
     -4.616575        -4.614061        -4.599487        -4.598585        -4.591314
     -4.572750        -4.563992        -4.556462        -4.547202        -4.544884
     -4.534047        -4.529986        -4.522443        -4.508279        -4.496995
     -4.495725        -4.482292        -4.463397        -4.452350        -4.447089
     -4.442267        -4.420662        -4.415699        -4.403432        -4.391157
     -4.379604        -4.369973        -4.362883        -4.355500        -4.326113
     -4.291675        -4.282416        -4.271389        -4.251912        -4.238884
     -4.212299        -4.196741        -4.164298        -4.146571        -4.116209
     -4.102710        -4.078376        -4.073433        -4.048532        -4.032989
     -4.019793        -3.983727        -3.961293        -3.952248        -3.926384
     -3.917043        -3.905550        -3.899909        -3.893559        -3.877436
     -3.840773        -3.818678        -3.810205        -3.795268        -3.781371
     -3.773406        -3.769298        -3.760919        -3.726458        -3.720762
     -3.705160        -3.692022        -3.680266        -3.669707        -3.662132
     -3.653995        -3.631266        -3.621313        -3.617979        -3.615793
     -3.597622        -3.588913        -3.580343        -3.570413        -3.557602
     -3.553386        -3.530631        -3.521156        -3.488296        -3.472535
     -3.461024        -3.432038        -3.426688        -3.418620        -3.404856
     -3.401401        -3.385611        -3.382592        -3.373014        -3.365791
     -3.361074        -3.359178        -3.347686        -3.329947        -3.309256
     -3.297487        -3.290433        -3.285283        -3.279851        -3.274252
     -3.252885        -3.238384        -3.232618        -3.213283        -3.196475
     -3.190441        -3.177808        -3.145072        -3.138269        -3.088977
     -3.068950        -3.044916        -3.035438        -2.997273        -2.983478
     -2.953596        -2.941337        -2.874349        -2.829546        -2.787157
     -2.727137        -2.693072        -2.672326        -2.657642        -2.655981
     -2.647710        -2.631735        -2.607475        -2.600384        -2.597007
     -2.584644        -2.566572        -2.479584        -2.477651        -2.451471
     -2.426752        -2.413883        -2.353480        -2.330368        -2.316032
     -2.313332        -2.220374        -2.213351        -2.197737        -2.165644
     -2.142328        -2.120284        -2.111200        -2.087078        -1.818981
      2.689513         2.753134         2.831666         2.889035         2.942661
      2.950297         2.965312         3.011152         3.133452         3.171880
      3.216168         3.227269         3.277491         3.325103         3.370629
      3.407156         3.418904         3.442768         3.474542         3.515905
      3.547147         3.570486         3.598507         3.614607         3.661964
      3.676176         3.725581         3.734643         3.770494         3.779127
      3.800058         3.820861         3.843608         3.852092         3.889751
      3.894964         3.939033         3.963669         3.996976         4.002398
      4.018357         4.028446         4.043798         4.053068         4.089027
      4.100756         4.134402         4.156390         4.192293         4.202108
      4.238837         4.242592         4.256055         4.278171         4.354069
      4.372508         4.385667         4.456408
 *********************************
 total computation time (sec)=   1911.50715899467     
