           4           1
 PRECISION  = SINGLE     
 JOB       = SCF
 IN.PSP1   = /home/sabs/shenjie/Pseudopotential/Li.nc.pbe.UPF
 IN.PSP2   = /home/sabs/shenjie/Pseudopotential/C.nc.pbe.UPF
 IN.PSP3   = /home/sabs/shenjie/Pseudopotential/O.nc.pbe.UPF
 IN.PSP4   = /home/sabs/shenjie/Pseudopotential/N.nc.pbe.UPF
 IN.PSP5   = /home/sabs/shenjie/Pseudopotential/S.nc.pbe.UPF
 IN.PSP6   = /home/sabs/shenjie/Pseudopotential/F.nc.pbe.UPF
 IN.PSP7   = /home/sabs/shenjie/Pseudopotential/H.nc.pbe.UPF
 IN.PSP8   = /home/sabs/shenjie/Pseudopotential/P.nc.pbe.UPF
 IN.ATOM   = atom.config         
 CONVERGENCE  = EASY
 ACCURACY  = NORM
 VFF_DETAIL =   1   500  0.50000000E-02     30.00000     4.00000     0.00000     1.00000  
 EGG_DETAIL =            3           3           3
 SPIN      =   1
 CONSTRAINT_MAG =           0
 RANDOM_SEED=           0
 QIJ_DETAIL =   0  1
 SCF_MIX = CHARGE
 PWSCF_OUTPUT     =  F
 Ecut      =    60.0000000000000     
 Ecut2     =    120.000000000000     
 Ecut2L    =    120.000000000000     
 EcutP    =    60.0000000000000     
 N123      =   120   120   120
 NS123     =    40    40    40
 N123L     =   120   120   120
 STRESS_CORR =   0.100000E+01  0.000000E+00  0.200000E+01  0.000000E+00
 XCFUNCTIONAL = LDA
 HSE_DETAIL    =      1.00000000    1     0.00000000    6 1 1
 RELAX_HSE    =    20   0.50000E-01     2
 VDW       = NONE
 LONDON_S6      =   0.000000000000000E+000
 LONDON_C6(1)      =   -1.00000000000000     
 LONDON_C6(2)      =   -1.00000000000000     
 LONDON_C6(3)      =   -1.00000000000000     
 LONDON_C6(4)      =   -1.00000000000000     
 LONDON_C6(5)      =   -1.00000000000000     
 LONDON_C6(6)      =   -1.00000000000000     
 LONDON_C6(7)      =   -1.00000000000000     
 LONDON_C6(8)      =   -1.00000000000000     
 LONDON_RCUT      =   0.000000000000000E+000
 DFTD3_S6        =   0.000000000000000E+000
 DFTD3_RS6        =   0.000000000000000E+000
 DFTD3_S18        =   0.000000000000000E+000
 DFTD3_RS18        =   0.000000000000000E+000
 DFTD3_ALPHA6        =   0.000000000000000E+000
 DFTD3_VERSION        =            0
 DFTD3_3BODY        =  F
 COULOMB   =    0
 IN.WG     =  F
 OUT.WG    =  F
 IN.RHO    =  F
 OUT.RHOATOM =  F
 OUT.RHO   =  F
 IN.VR     =  F
 OUT.VR    =  F
 OUT.ELF   =  F
 IN.VEXT   =  F
 OUT.VATOM   =  F
 OUT.FORCE =  T
 OUT.STRESS =  F
 IN.KPT    =  F
 IN.SYMM   =  F
 SYMM_PREC =    0.10000E-04
 MP_N123 =      1      1      1      0      0      0      0
 NUM_KPT =            1
 CHARGE_DECOMP = F
 ENERGY_DECOMP = F 
 IN.SOLVENT =  F
 NUM_ELECTRON =   1940.00000000000     
 FIX_FERMI =   F  0.000000E+00  0.000000E+00  0.000000E+00
 IN.NONSCF    =  F
 NUM_BAND  =  1028
 OUT.REAL.RHOWF_SP= 0
 WG_ERROR  =   1.000000000000000E-004
 E_ERROR   =   5.279008887880000E-003
 RHO_ERROR =   5.000000000000000E-005
 RHO_RELATIVE_ERROR      =   0.000000000000000E+000
 FORCE_RELATIVE_ERROR     =   0.000000000000000E+000
 MIN_SCF_ITER     =            1
 SYS_TYPE   =            1
 PULAY_MIX_OPT =     30  1  0       1.00000       0.00000
 PULAY_METRIC_Q0 =       -1.00000
 IN.OCC    =  F          -1
 IN.CC    =  F
 IN.OCC_ADIA    =  F
 SCF_ITER0_1 =    6   4    3    0.0000     0.02500    1
 SCF_ITER0_2 =   94   4    3    1.0000     0.02500    1
 SCF_ITER1_1 =   40   4    3    1.0000     0.02500    1
 NONLOCAL  =  2
 IN.A_FIELD =  F       0.00000       0.00000       0.00000
 RCUT      =    4.00000000000000     
 IN.PSP_RCUT1 =   4.00000000000000     
 IN.PSP_RCUT2 =   4.00000000000000     
 IN.PSP_RCUT3 =   4.00000000000000     
 IN.PSP_RCUT4 =   4.00000000000000     
 IN.PSP_RCUT5 =   4.00000000000000     
 IN.PSP_RCUT6 =   4.00000000000000     
 IN.PSP_RCUT7 =   4.00000000000000     
 IN.PSP_RCUT8 =   4.00000000000000     
 MD_VV_SCALE =    100
 LDAU_PSP1   =           -1  2.721138638331097E-009  2.721138638331097E-009  eV
 LDAU_PSP2   =           -1  2.721138638331097E-009  2.721138638331097E-009  eV
 LDAU_PSP3   =           -1  2.721138638331097E-009  2.721138638331097E-009  eV
 LDAU_PSP4   =           -1  2.721138638331097E-009  2.721138638331097E-009  eV
 LDAU_PSP5   =           -1  2.721138638331097E-009  2.721138638331097E-009  eV
 LDAU_PSP6   =           -1  2.721138638331097E-009  2.721138638331097E-009  eV
 LDAU_PSP7   =           -1  2.721138638331097E-009  2.721138638331097E-009  eV
 LDAU_PSP8   =           -1  2.721138638331097E-009  2.721138638331097E-009  eV
 NUM_BLOCKED_PSI=  F
 WF_STORE2DISK  =            0
 NUM_DOS_GRID =         4000
 NMAP_MAX =        50000
 KERK_AMIN =   0.300000000000000     
 KERK_AMIX =   0.400000000000000     
 KERK_AMIX_MAG =   0.800000000000000     
 KERK_BMIX =   0.500000000000000     
 LDAU_MIX =   0.700000000000000     
 PULAY_WEIGHT_SPIN =    1.00000000000000     
 PULAY_WEIGHT_NS =    1.00000000000000     
 OUT.MLMD    =  F
 NUM_MPI_PER_GPU =     1
 FLAG_CYLINDER =            0
 SET_OUT_FERMI_POS =  F           0
 E_FINITE =  F   0.00000E+00   0.00000E+00   0.00000E+00
 MLINE_EIGEN =      1
 
 ------------------------------------------------
 total number of K-point:           1
   0.00000     0.00000    0.00000     1.00000            
 ------------------------------------------------
 
 
 *********************************************
 *********** end of etot.input report ********
 minimum n1,n2,n3 from Ecut2
     118.970      119.148      119.089
 minimum n1L,n2L,n3L from Ecut2L
     118.970      119.148      119.089
 *********************************************
 
 
Weighted average num_of_PW for all kpoint=                       312673.000
 ************************************
 E_Hxc(eV)         51224.4316724124     
 E_ion(eV)        -223332.310376947     
 E_Coul(eV)        79529.0318147134     
 E_Hxc+E_ion(eV)  -172107.878704535     
 NONSCF     1          AVE_STATE_ERROR= 0.5919E+01
 NONSCF     2          AVE_STATE_ERROR= 0.1634E+01
 NONSCF     3          AVE_STATE_ERROR= 0.5104E+00
 NONSCF     4          AVE_STATE_ERROR= 0.9531E-01
 NONSCF     5          AVE_STATE_ERROR= 0.1574E-01
 NONSCF     6          AVE_STATE_ERROR= 0.3012E-02
 iter=   7   ave_lin=  4.0  iCGmth=   3
 Ef(eV)               = -.1064144E+01
 err of ug            = 0.1183E-02
 dv_ave, drho_tot     = 0.0000E+00 0.1229E+00
 E_tot(eV)            = -.13304600940466E+06    -.1330E+06
 -------------------------------------------
 iter=   8   ave_lin=  4.0  iCGmth=   3
 Ef(eV)               = -.1224438E+01
 err of ug            = 0.1074E-01
 dv_ave, drho_tot     = 0.1738E-01 0.7089E-01
 E_tot(eV)            = -.13293881751573E+06    0.1072E+03
 -------------------------------------------
 iter=   9   ave_lin=  4.0  iCGmth=   3
 Ef(eV)               = -.8661839E+00
 err of ug            = 0.6685E-02
 dv_ave, drho_tot     = 0.1391E-01 0.3047E-01
 E_tot(eV)            = -.13290550611943E+06    0.3331E+02
 -------------------------------------------
 iter=  10   ave_lin=  4.0  iCGmth=   3
 Ef(eV)               = -.7839338E+00
 err of ug            = 0.2115E-02
 dv_ave, drho_tot     = 0.6974E-02 0.1075E-01
 E_tot(eV)            = -.13290002258703E+06    0.5484E+01
 -------------------------------------------
 iter=  11   ave_lin=  4.0  iCGmth=   3
 Ef(eV)               = -.7493322E+00
 err of ug            = 0.5607E-03
 dv_ave, drho_tot     = 0.3061E-02 0.6083E-02
 E_tot(eV)            = -.13289934626441E+06    0.6763E+00
 -------------------------------------------
 iter=  12   ave_lin=  4.0  iCGmth=   3
 Ef(eV)               = -.7076579E+00
 err of ug            = 0.3175E-03
 dv_ave, drho_tot     = 0.3546E-02 0.3648E-02
 E_tot(eV)            = -.13289883169598E+06    0.5146E+00
 -------------------------------------------
 iter=  13   ave_lin=  4.0  iCGmth=   3
 Ef(eV)               = -.6273467E+00
 err of ug            = 0.3528E-03
 dv_ave, drho_tot     = 0.3893E-02 0.2816E-02
 E_tot(eV)            = -.13289836013811E+06    0.4716E+00
 -------------------------------------------
 iter=  14   ave_lin=  4.0  iCGmth=   3
 Ef(eV)               = -.5598781E+00
 err of ug            = 0.3269E-03
 dv_ave, drho_tot     = 0.5297E-02 0.2231E-02
 E_tot(eV)            = -.13289792554395E+06    0.4346E+00
 -------------------------------------------
 iter=  15   ave_lin=  4.0  iCGmth=   3
 Ef(eV)               = -.4184645E+00
 err of ug            = 0.3439E-03
 dv_ave, drho_tot     = 0.6325E-02 0.1787E-02
 E_tot(eV)            = -.13289760493962E+06    0.3206E+00
 -------------------------------------------
 iter=  16   ave_lin=  4.0  iCGmth=   3
 Ef(eV)               = -.4116110E+00
 err of ug            = 0.2580E-03
 dv_ave, drho_tot     = 0.4328E-02 0.1369E-02
 E_tot(eV)            = -.13289751759718E+06    0.8734E-01
 -------------------------------------------
 iter=  17   ave_lin=  4.0  iCGmth=   3
 Ef(eV)               = -.4035791E+00
 err of ug            = 0.1933E-03
 dv_ave, drho_tot     = 0.3642E-02 0.1064E-02
 E_tot(eV)            = -.13289748525527E+06    0.3234E-01
 -------------------------------------------
 iter=  18   ave_lin=  4.0  iCGmth=   3
 Ef(eV)               = -.3834675E+00
 err of ug            = 0.1276E-03
 dv_ave, drho_tot     = 0.2889E-02 0.7916E-03
 E_tot(eV)            = -.13289746803935E+06    0.1722E-01
 -------------------------------------------
 iter=  19   ave_lin=  4.0  iCGmth=   3
 Ef(eV)               = -.3530639E+00
 err of ug            = 0.1086E-03
 dv_ave, drho_tot     = 0.2419E-02 0.6013E-03
 E_tot(eV)            = -.13289745049861E+06    0.1754E-01
 -------------------------------------------
 iter=  20   ave_lin=  4.0  iCGmth=   3
 Ef(eV)               = -.3267378E+00
 err of ug            = 0.9292E-04
 dv_ave, drho_tot     = 0.2358E-02 0.4510E-03
 E_tot(eV)            = -.13289743856100E+06    0.1194E-01
 -------------------------------------------
 iter=  21   ave_lin=  4.0  iCGmth=   3
 Ef(eV)               = -.3113692E+00
 err of ug            = 0.6377E-04
 dv_ave, drho_tot     = 0.1088E-02 0.3748E-03
 E_tot(eV)            = -.13289743129334E+06    0.7268E-02
 -------------------------------------------
 iter=  22   ave_lin=  4.0  iCGmth=   3
 Ef(eV)               = -.3019605E+00
 err of ug            = 0.6348E-04
 dv_ave, drho_tot     = 0.1079E-02 0.3033E-03
 E_tot(eV)            = -.13289742463944E+06    0.6654E-02
 -------------------------------------------
 iter=  23   ave_lin=  4.0  iCGmth=   3
 Ef(eV)               = -.3030629E+00
 err of ug            = 0.5234E-04
 dv_ave, drho_tot     = 0.8376E-03 0.2448E-03
 E_tot(eV)            = -.13289742116973E+06    0.3470E-02
 -------------------------------------------
 E_Fermi(eV)= -0.303062871177439     
 ---------------------------------------------------
 Ef(eV)               = -.3030629E+00
 dvE, dvE(n)-dvE(n-1) = 0.7017E-06 -.4635E-06
 dv_ave, drho_tot     = 0.8376E-03 0.2448E-03
 err of ug            = 0.5234E-04
 ---------------------------------------------------
 ending_scf_reason = tol Etot_err  5.279008887880000E-003
 Ewald        = -.40512092756073E+05
 Alpha        = 0.15207970391171E+04
 E_extV       = 0.00000000000000E+00    0.0000E+00
 E_NSC        = -.21546849281748E+05    0.6668E+00
 E[-rho*V_Hxc]= -.12484053951123E+06    -.6633E+00
 E_Hxc        = 0.52481263340202E+05    0.6731E+00
 -TS          = -.35505862133968E-26    0.0000E+00
 E_tot(eV)    = -.13289742116973E+06    0.3470E-02
 E_tot(Ryd)   = -.97677803748808E+04    0.1275E-03
 ---------------------------------------------------
 ---------------------------------------------------
 occup for:      kpt=1,spin=1,m=(totN/2-2,totN/2+2)
   1.000    1.000    1.000    0.000    0.000
 eigen(eV) for:  kpt=1,spin=1,m=(totN/2-2,totN/2+2)
  -1.929   -1.905   -1.641    2.318    2.391
 ---------------------------------------------------
 ---------------------------------------------------
 E_Hart,E_xc,E_ion =0.81319215139478E+05  -.28837951799276E+05  -.22591199401013E+06
 E_Hxc+E_ion       =-.17343073066993E+06
 E_kin+E_nonloc    =0.79524605217151E+05
 E_rhoVext,E_IVext     =0.00000000000000E+00  0.00000000000000E+00
 E_psiV,E_dDrho =-.10107154702590E+06  0.00000000000000E+00
 ave(vtot):v0 =-.76840016373464E+01
 ave(V_ion_s(or p,d))=ave(V_Hatree)=0; ave(Vtot)=ave(V_xc)=v0
 ---------------------------------------------------
 *********************************
 Eigen energies are values after setting ave(Vtot)=0
 For Vtot=V_ion+V_Hartree+V_xc, and
 ave(V_ion+V_Hatree)=0, ave(V_xc).ne.0:  E=E+v0
 *********************************
iislda,kpt=   1,    1      0.000000     0.000000     0.000000             kpoint in xyz unit 
 err of each states, A.U
  0.143148E-03     0.491830E-04     0.141478E-03     0.213384E-04     0.228816E-04
  0.256716E-04     0.178947E-04     0.214190E-04     0.662369E-04     0.655299E-04
  0.899069E-04     0.294655E-04     0.200679E-04     0.190217E-04     0.418214E-04
  0.180438E-04     0.207622E-04     0.187140E-04     0.141055E-04     0.135381E-04
  0.597773E-04     0.291954E-04     0.158024E-04     0.162345E-04     0.168713E-04
  0.242754E-04     0.138124E-04     0.162810E-04     0.246833E-04     0.163459E-04
  0.183006E-04     0.555222E-04     0.460967E-04     0.211642E-04     0.161010E-04
  0.279571E-04     0.224441E-04     0.300508E-04     0.359760E-04     0.254511E-04
  0.423489E-04     0.192424E-04     0.212529E-04     0.614770E-04     0.228643E-04
  0.181072E-04     0.153016E-03     0.369802E-04     0.245015E-04     0.126000E-04
  0.180127E-04     0.143213E-03     0.322610E-04     0.276870E-04     0.186356E-04
  0.253409E-04     0.148124E-04     0.154221E-04     0.459837E-04     0.123377E-04
  0.515712E-04     0.715710E-04     0.140563E-04     0.232769E-04     0.170896E-04
  0.190287E-04     0.128003E-04     0.147581E-04     0.186700E-04     0.731698E-04
  0.121831E-04     0.233486E-04     0.220076E-04     0.248960E-04     0.234680E-04
  0.135433E-04     0.386961E-04     0.167626E-04     0.220727E-04     0.129901E-04
  0.149184E-04     0.392765E-04     0.126296E-04     0.248516E-04     0.141283E-04
  0.168002E-04     0.115180E-04     0.196951E-04     0.129553E-04     0.128338E-04
  0.126463E-04     0.549755E-04     0.137761E-04     0.168942E-04     0.135110E-04
  0.306090E-04     0.493746E-04     0.110328E-04     0.133249E-04     0.220147E-04
  0.196495E-04     0.213819E-04     0.932316E-04     0.118751E-04     0.115667E-04
  0.243640E-04     0.178203E-04     0.534779E-04     0.117529E-04     0.434512E-04
  0.228352E-04     0.351609E-04     0.301658E-04     0.189036E-04     0.144362E-04
  0.163411E-04     0.186961E-04     0.103758E-04     0.165785E-04     0.124323E-04
  0.107834E-04     0.128493E-04     0.489115E-04     0.467862E-04     0.203732E-04
  0.135860E-04     0.103262E-03     0.131653E-04     0.178028E-04     0.160242E-04
  0.130318E-04     0.128337E-04     0.175525E-04     0.150278E-04     0.128524E-04
  0.173834E-04     0.187633E-04     0.145461E-04     0.204401E-04     0.437889E-04
  0.329301E-04     0.309124E-04     0.129479E-04     0.154976E-04     0.112135E-04
  0.195710E-04     0.120969E-04     0.208874E-04     0.121309E-04     0.182949E-04
  0.173730E-04     0.234733E-04     0.325965E-04     0.547369E-04     0.297379E-04
  0.226789E-04     0.225489E-04     0.241185E-04     0.172699E-04     0.155386E-04
  0.248688E-04     0.113276E-04     0.240939E-04     0.190641E-04     0.174540E-04
  0.522785E-04     0.153128E-04     0.154287E-04     0.261917E-04     0.148538E-04
  0.275969E-04     0.283440E-04     0.174293E-04     0.102058E-04     0.191294E-04
  0.141173E-04     0.232021E-04     0.374643E-04     0.109053E-04     0.263294E-04
  0.109119E-04     0.140840E-04     0.120034E-04     0.113760E-04     0.167009E-04
  0.112731E-04     0.110692E-04     0.250366E-04     0.498209E-04     0.999122E-05
  0.133362E-04     0.155960E-04     0.237147E-04     0.191112E-04     0.106858E-04
  0.222266E-04     0.138537E-04     0.112365E-04     0.221203E-04     0.132553E-04
  0.185783E-04     0.187217E-04     0.113484E-04     0.231488E-04     0.119141E-04
  0.281220E-04     0.162451E-04     0.277694E-04     0.116985E-04     0.197375E-04
  0.188683E-04     0.122033E-04     0.124745E-04     0.146988E-04     0.121933E-04
  0.285439E-04     0.189315E-04     0.198796E-04     0.177748E-04     0.166462E-04
  0.199823E-04     0.211968E-04     0.168764E-04     0.153406E-04     0.152153E-04
  0.138336E-04     0.206599E-04     0.931680E-05     0.177122E-04     0.126081E-04
  0.143388E-04     0.199419E-04     0.114756E-04     0.132932E-04     0.152897E-04
  0.134186E-04     0.158008E-04     0.131208E-04     0.192988E-04     0.144507E-04
  0.115746E-04     0.190024E-04     0.112061E-04     0.165764E-04     0.140180E-04
  0.169038E-04     0.213661E-04     0.134603E-04     0.181789E-04     0.149158E-04
  0.223576E-04     0.249994E-04     0.130500E-04     0.134014E-04     0.132171E-04
  0.149577E-04     0.215379E-04     0.169670E-04     0.221335E-04     0.140059E-04
  0.156182E-04     0.198846E-04     0.132153E-04     0.136800E-04     0.166990E-04
  0.160115E-04     0.235498E-04     0.192527E-04     0.215075E-04     0.202980E-04
  0.169025E-04     0.153369E-04     0.220096E-04     0.165076E-04     0.172492E-04
  0.244551E-04     0.159016E-04     0.159885E-04     0.181372E-04     0.247704E-04
  0.212486E-04     0.204018E-04     0.227225E-04     0.193467E-04     0.223586E-04
  0.178172E-04     0.221593E-04     0.212100E-04     0.152190E-04     0.194676E-04
  0.154308E-04     0.233042E-04     0.183069E-04     0.136089E-04     0.172928E-04
  0.263751E-04     0.219081E-04     0.198106E-04     0.244707E-04     0.210140E-04
  0.231366E-04     0.154169E-04     0.209570E-04     0.299201E-04     0.178761E-04
  0.146514E-04     0.191117E-04     0.225831E-04     0.150437E-04     0.220388E-04
  0.162014E-04     0.158407E-04     0.227306E-04     0.200235E-04     0.195295E-04
  0.283283E-04     0.322097E-04     0.224520E-04     0.231267E-04     0.267595E-04
  0.270326E-04     0.382771E-04     0.344381E-04     0.241390E-04     0.244913E-04
  0.237594E-04     0.212944E-04     0.239596E-04     0.211950E-04     0.217825E-04
  0.227358E-04     0.255970E-04     0.164452E-04     0.298097E-04     0.169568E-04
  0.230358E-04     0.209290E-04     0.259252E-04     0.225909E-04     0.250730E-04
  0.236855E-04     0.159644E-04     0.215281E-04     0.197865E-04     0.243569E-04
  0.168895E-04     0.206576E-04     0.226774E-04     0.178231E-04     0.239334E-04
  0.179081E-04     0.268207E-04     0.253667E-04     0.225562E-04     0.181482E-04
  0.252658E-04     0.231005E-04     0.235641E-04     0.297848E-04     0.217248E-04
  0.311768E-04     0.240400E-04     0.210690E-04     0.248129E-04     0.188349E-04
  0.184444E-04     0.240256E-04     0.222890E-04     0.175375E-04     0.185111E-04
  0.232139E-04     0.222466E-04     0.274644E-04     0.205648E-04     0.230810E-04
  0.270699E-04     0.241270E-04     0.238689E-04     0.254211E-04     0.210255E-04
  0.180670E-04     0.321258E-04     0.379788E-04     0.172895E-04     0.185478E-04
  0.284944E-04     0.195005E-04     0.211578E-04     0.331266E-04     0.251003E-04
  0.278982E-04     0.260303E-04     0.290192E-04     0.195857E-04     0.134850E-04
  0.231190E-04     0.227414E-04     0.246424E-04     0.229654E-04     0.221348E-04
  0.355070E-04     0.219758E-04     0.326250E-04     0.362317E-04     0.185003E-04
  0.253995E-04     0.254217E-04     0.301686E-04     0.291018E-04     0.284056E-04
  0.242685E-04     0.242054E-04     0.272849E-04     0.200118E-04     0.202610E-04
  0.200757E-04     0.211769E-04     0.261906E-04     0.241959E-04     0.195921E-04
  0.205535E-04     0.211151E-04     0.215548E-04     0.225847E-04     0.326589E-04
  0.259585E-04     0.335336E-04     0.332214E-04     0.270117E-04     0.244102E-04
  0.273489E-04     0.349966E-04     0.310058E-04     0.331112E-04     0.284544E-04
  0.275722E-04     0.256084E-04     0.294096E-04     0.249661E-04     0.262650E-04
  0.253433E-04     0.326433E-04     0.262609E-04     0.294951E-04     0.292884E-04
  0.374066E-04     0.518486E-04     0.267139E-04     0.245913E-04     0.403687E-04
  0.253870E-04     0.310848E-04     0.212487E-04     0.315127E-04     0.309371E-04
  0.266544E-04     0.293069E-04     0.420862E-04     0.140159E-04     0.290801E-04
  0.234500E-04     0.236855E-04     0.174561E-04     0.355949E-04     0.256413E-04
  0.350555E-04     0.155908E-04     0.188236E-04     0.252005E-04     0.275703E-04
  0.207601E-04     0.256135E-04     0.180865E-04     0.215767E-04     0.260108E-04
  0.422742E-04     0.248613E-04     0.200250E-04     0.301224E-04     0.130526E-04
  0.304937E-04     0.209503E-04     0.145238E-04     0.255472E-04     0.189888E-04
  0.214454E-04     0.251431E-04     0.228567E-04     0.336389E-04     0.175625E-04
  0.200402E-04     0.193880E-04     0.198543E-04     0.177111E-04     0.216672E-04
  0.202434E-04     0.242142E-04     0.167370E-04     0.217978E-04     0.174788E-04
  0.183665E-04     0.179469E-04     0.165513E-04     0.208987E-04     0.156982E-04
  0.143605E-04     0.148561E-04     0.161101E-04     0.168268E-04     0.265085E-04
  0.196745E-04     0.253152E-04     0.198341E-04     0.204063E-04     0.203366E-04
  0.169834E-04     0.315297E-04     0.188743E-04     0.229844E-04     0.208380E-04
  0.185000E-04     0.215000E-04     0.191343E-04     0.213426E-04     0.180596E-04
  0.145121E-04     0.218354E-04     0.255269E-04     0.177572E-04     0.228371E-04
  0.264491E-04     0.261101E-04     0.247153E-04     0.122324E-04     0.205435E-04
  0.132009E-04     0.297200E-04     0.220566E-04     0.287134E-04     0.256307E-04
  0.191255E-04     0.166752E-04     0.275331E-04     0.198981E-04     0.219887E-04
  0.272726E-04     0.235117E-04     0.204140E-04     0.185599E-04     0.230052E-04
  0.222499E-04     0.264711E-04     0.274601E-04     0.203126E-04     0.218107E-04
  0.175243E-04     0.274475E-04     0.244188E-04     0.280427E-04     0.346329E-04
  0.320533E-04     0.254998E-04     0.192580E-04     0.251505E-04     0.150397E-04
  0.237755E-04     0.224231E-04     0.216650E-04     0.213490E-04     0.212019E-04
  0.204903E-04     0.200988E-04     0.222478E-04     0.198396E-04     0.265295E-04
  0.187686E-04     0.206206E-04     0.235226E-04     0.249944E-04     0.219805E-04
  0.270884E-04     0.136395E-04     0.234737E-04     0.202903E-04     0.211920E-04
  0.222410E-04     0.171614E-04     0.167963E-04     0.184061E-04     0.225261E-04
  0.232595E-04     0.204260E-04     0.223854E-04     0.287188E-04     0.213934E-04
  0.215689E-04     0.262740E-04     0.193890E-04     0.227295E-04     0.212889E-04
  0.205061E-04     0.211443E-04     0.253621E-04     0.185134E-04     0.219145E-04
  0.201134E-04     0.225695E-04     0.221048E-04     0.242461E-04     0.250907E-04
  0.198981E-04     0.218845E-04     0.202582E-04     0.210585E-04     0.226112E-04
  0.222695E-04     0.187229E-04     0.159488E-04     0.286140E-04     0.201253E-04
  0.223906E-04     0.223651E-04     0.259021E-04     0.197488E-04     0.215710E-04
  0.263335E-04     0.226353E-04     0.208405E-04     0.178028E-04     0.226107E-04
  0.232156E-04     0.261675E-04     0.205921E-04     0.204982E-04     0.185144E-04
  0.220196E-04     0.237149E-04     0.232072E-04     0.232634E-04     0.230342E-04
  0.186902E-04     0.227900E-04     0.184558E-04     0.234660E-04     0.203106E-04
  0.224521E-04     0.223946E-04     0.288566E-04     0.251781E-04     0.246526E-04
  0.236473E-04     0.242572E-04     0.262128E-04     0.251377E-04     0.295209E-04
  0.253099E-04     0.230252E-04     0.212976E-04     0.222719E-04     0.300290E-04
  0.254045E-04     0.273604E-04     0.309067E-04     0.240754E-04     0.233755E-04
  0.285325E-04     0.271230E-04     0.266107E-04     0.252980E-04     0.221404E-04
  0.254385E-04     0.236921E-04     0.257127E-04     0.256108E-04     0.297181E-04
  0.202001E-04     0.266630E-04     0.232686E-04     0.249078E-04     0.315329E-04
  0.229929E-04     0.278155E-04     0.246168E-04     0.245298E-04     0.312466E-04
  0.226557E-04     0.274449E-04     0.343290E-04     0.238784E-04     0.269167E-04
  0.251057E-04     0.350135E-04     0.252512E-04     0.265141E-04     0.251936E-04
  0.249274E-04     0.284935E-04     0.238892E-04     0.246494E-04     0.252540E-04
  0.247407E-04     0.219600E-04     0.252286E-04     0.300250E-04     0.277055E-04
  0.278490E-04     0.267710E-04     0.260862E-04     0.274311E-04     0.271831E-04
  0.294615E-04     0.272935E-04     0.279311E-04     0.269071E-04     0.310417E-04
  0.279884E-04     0.286701E-04     0.297452E-04     0.341710E-04     0.282809E-04
  0.260063E-04     0.255795E-04     0.273265E-04     0.270937E-04     0.256746E-04
  0.327616E-04     0.289967E-04     0.278451E-04     0.277186E-04     0.254401E-04
  0.238477E-04     0.285137E-04     0.276098E-04     0.245346E-04     0.248213E-04
  0.269538E-04     0.330585E-04     0.393760E-04     0.284581E-04     0.319802E-04
  0.306623E-04     0.320180E-04     0.376887E-04     0.308253E-04     0.296934E-04
  0.286384E-04     0.377631E-04     0.302380E-04     0.273224E-04     0.289244E-04
  0.272819E-04     0.292299E-04     0.330729E-04     0.260665E-04     0.267510E-04
  0.345990E-04     0.302270E-04     0.334760E-04     0.320635E-04     0.312500E-04
  0.291544E-04     0.334540E-04     0.294870E-04     0.327580E-04     0.384818E-04
  0.294089E-04     0.272551E-04     0.317356E-04     0.326433E-04     0.311535E-04
  0.270887E-04     0.293105E-04     0.288713E-04     0.301211E-04     0.237732E-04
  0.346585E-04     0.413738E-04     0.285160E-04     0.256657E-04     0.294847E-04
  0.301995E-04     0.413558E-04     0.302765E-04     0.306603E-04     0.296206E-04
  0.348512E-04     0.314684E-04     0.266774E-04     0.321102E-04     0.286379E-04
  0.318568E-04     0.269069E-04     0.355271E-04     0.270699E-04     0.416708E-04
  0.293403E-04     0.214716E-04     0.280105E-04     0.304398E-04     0.289819E-04
  0.294645E-04     0.340058E-04     0.340387E-04     0.283531E-04     0.504786E-04
  0.283797E-04     0.282869E-04     0.315522E-04     0.243046E-04     0.279090E-04
  0.231182E-04     0.307202E-04     0.358229E-04     0.292367E-04     0.264529E-04
  0.251768E-04     0.257750E-04     0.248714E-04     0.273545E-04     0.259938E-04
  0.261895E-04     0.230912E-04     0.302640E-04     0.269893E-04     0.264234E-04
  0.273303E-04     0.303756E-04     0.271021E-04     0.310787E-04     0.274213E-04
  0.375187E-04     0.325169E-04     0.367610E-04     0.361155E-04     0.311777E-04
  0.360968E-04     0.249879E-04     0.355483E-04     0.259979E-04     0.466811E-04
  0.280051E-04     0.296110E-04     0.263367E-04     0.325389E-04     0.304662E-04
  0.348438E-04     0.328179E-04     0.231082E-04     0.351456E-04     0.506916E-04
  0.337901E-04     0.374741E-04     0.314312E-04     0.286586E-04     0.351750E-04
  0.331949E-04     0.301930E-04     0.267829E-04     0.262796E-04     0.461836E-04
  0.330583E-04     0.505202E-04     0.265924E-04     0.452213E-04     0.507493E-04
  0.241206E-04     0.265066E-04     0.319050E-04     0.209585E-04     0.340785E-04
  0.247618E-04     0.372965E-04     0.423662E-04     0.224678E-04     0.281911E-04
  0.380527E-04     0.312216E-04     0.243683E-04     0.650633E-04     0.351586E-04
  0.315207E-04     0.729519E-04     0.418254E-04     0.390687E-04     0.293049E-04
  0.523721E-04     0.420970E-04     0.369664E-04     0.432853E-04     0.456896E-04
  0.340649E-04     0.380384E-04     0.365714E-04     0.331562E-04     0.337783E-04
  0.381899E-04     0.290631E-04     0.373123E-04     0.483782E-04     0.248717E-04
  0.377581E-04     0.453568E-04     0.350522E-04     0.362470E-04     0.326910E-04
  0.255968E-04     0.287064E-04     0.456036E-04     0.548696E-04     0.652456E-04
  0.250947E-04     0.202110E-04     0.282272E-04     0.442568E-04     0.282935E-04
  0.296754E-04     0.287692E-04     0.359489E-04     0.543863E-04     0.445874E-04
  0.397620E-04     0.380219E-04     0.292137E-04     0.358845E-04     0.348861E-04
  0.413299E-04     0.512792E-04     0.320955E-04     0.249606E-04     0.283527E-04
  0.332061E-04     0.285104E-04     0.389730E-04     0.390498E-04     0.259151E-04
  0.499750E-04     0.405265E-04     0.265653E-04     0.251496E-04     0.427111E-04
  0.347040E-04     0.583898E-04     0.404631E-04     0.219637E-04     0.407860E-04
  0.389616E-04     0.399049E-04     0.397291E-04     0.323277E-04     0.385899E-04
  0.295210E-04     0.278103E-04     0.311599E-04     0.285586E-04     0.352766E-04
  0.258476E-04     0.246268E-04     0.422696E-04     0.455434E-04     0.358454E-04
  0.411401E-04     0.465933E-04     0.239130E-04     0.385092E-04     0.266670E-04
  0.267678E-04     0.423891E-04     0.361603E-04     0.403268E-04     0.230651E-04
  0.965197E-04     0.530913E-04     0.132738E-03     0.191203E-03     0.968823E-04
  0.973635E-04     0.929304E-04     0.279191E-03     0.165573E-03     0.195633E-03
  0.395353E-03     0.361808E-03     0.322254E-03     0.372867E-03     0.563083E-03
  0.581856E-03     0.632557E-03     0.592474E-03     0.720568E-03     0.962260E-03
  0.807728E-03     0.102925E-02     0.128127E-02     0.840689E-03     0.129318E-02
  0.130482E-02     0.105410E-02     0.149399E-02     0.179462E-02     0.104728E-02
  0.177149E-02     0.194331E-02     0.262999E-02     0.204447E-02     0.129481E-02
  0.166651E-02     0.218129E-02     0.157789E-02     0.282697E-02     0.266099E-02
  0.195545E-02     0.363139E-02     0.307793E-02     0.405960E-02     0.451302E-02
  0.822624E-02     0.444675E-02     0.311329E-02     0.738540E-02     0.490090E-02
  0.489226E-02     0.882035E-02     0.663978E-02     0.686701E-02     0.966169E-02
  0.106458E-01     0.969271E-02     0.107877E-01
 eigen energies, in eV 
    -44.596168       -44.440239       -44.440130       -44.186705       -44.113320
    -29.173026       -29.002846       -28.954461       -28.938657       -28.891774
    -28.715591       -28.696296       -28.665986       -28.613638       -28.593445
    -28.582009       -28.577013       -28.537056       -28.514820       -28.512318
    -28.496746       -28.419208       -28.414564       -28.398071       -28.392146
    -28.351918       -28.322485       -28.319170       -28.309857       -28.214206
    -28.093181       -28.089018       -28.045442       -28.037622       -28.013452
    -27.972125       -27.967395       -27.955736       -27.930490       -27.920668
    -27.913436       -27.856513       -27.807807       -27.764977       -27.726766
    -27.709809       -27.640076       -27.609764       -27.549412       -27.532675
    -27.513867       -27.507628       -27.490147       -27.482579       -27.468341
    -27.433392       -27.432634       -27.430340       -27.418701       -27.358566
    -27.343477       -27.335099       -27.270148       -27.227948       -27.214896
    -27.188712       -27.140795       -27.117633       -27.103271       -27.049127
    -27.041736       -27.011461       -26.937876       -26.886486       -26.777451
    -26.770854       -26.766833       -26.739326       -26.722491       -26.709221
    -26.649470       -26.622636       -26.590917       -26.579209       -26.567492
    -26.565529       -26.538690       -26.512629       -26.481719       -26.469808
    -26.467647       -26.455267       -26.431926       -26.327113       -26.322717
    -26.278539       -26.254592       -26.246077       -26.215073       -26.206955
    -26.188069       -26.187406       -26.171546       -26.156541       -26.133242
    -26.111735       -26.101752       -26.060246       -26.050208       -26.039394
    -26.019845       -25.987008       -25.983046       -25.946916       -25.932210
    -25.910475       -25.909563       -25.871684       -25.866917       -25.855321
    -25.851461       -25.840022       -25.803230       -25.730845       -25.673735
    -25.603197       -25.504665       -25.482047       -25.433194       -25.395696
    -25.362889       -25.295107       -25.242133       -25.182578       -25.147563
    -24.468333       -24.128989       -24.105564       -24.027413       -23.905150
    -23.779543       -23.653128       -23.591859       -23.578747       -23.526626
    -23.521068       -23.405849       -23.397716       -23.335555       -23.129252
    -23.095033       -23.086142       -23.060812       -23.044577       -23.010761
    -23.000538       -22.989379       -22.899404       -22.890632       -22.808515
    -22.787228       -22.634883       -22.329415       -22.292730       -22.261476
    -22.242381       -22.202087       -22.115531       -21.972915       -21.938187
    -21.876951       -21.712923       -21.689119       -21.605844       -21.458617
    -21.422460       -21.363644       -21.266298       -21.230730       -21.135476
    -21.095604       -21.071491       -21.050007       -21.048625       -21.030426
    -21.024220       -20.748062       -20.728622       -20.488390       -20.278627
    -18.801416       -18.362031       -18.276434       -18.237686       -18.108471
    -16.236981       -16.070981       -15.945653       -15.914228       -15.876705
    -15.792349       -15.781550       -15.726665       -15.645870       -15.525831
    -15.460687       -15.450976       -15.374417       -15.366734       -15.355574
    -15.276744       -15.245500       -15.227734       -15.204304       -15.136278
    -15.079707       -14.953584       -14.950745       -14.924307       -14.700835
    -14.698325       -14.693048       -14.669163       -14.652379       -14.638731
    -14.578563       -14.540920       -14.408891       -14.401328       -14.344298
    -14.309954       -14.307714       -14.284597       -14.249737       -14.219977
    -13.842750       -13.815991       -13.767206       -13.687691       -13.660126
    -13.653029       -13.619013       -13.573010       -13.561955       -13.557594
    -13.500772       -13.491842       -13.427618       -13.421090       -13.388235
    -13.362701       -13.357089       -13.313110       -13.305925       -13.245003
    -13.185408       -13.168116       -13.137814       -13.113764       -13.093049
    -13.053750       -13.049608       -12.898383       -12.791875       -12.708664
    -12.545539       -12.300331       -12.287178       -12.248961       -12.177298
    -12.151659       -12.066231       -12.056819       -11.986794       -11.983403
    -11.982002       -11.952063       -11.925542       -11.916769       -11.809383
    -11.788223       -11.777437       -11.762468       -11.700093       -11.699621
    -11.661438       -11.652394       -11.649725       -11.564216       -11.533998
    -11.528212       -11.446938       -11.440083       -11.433263       -11.415800
    -11.397951       -11.383916       -11.375085       -11.341903       -11.312220
    -11.258190       -11.230313       -11.225233       -11.200100       -11.183899
    -11.089392       -11.049293       -10.981201       -10.941727       -10.892589
    -10.883471       -10.840492       -10.767505       -10.752941       -10.728907
    -10.702673       -10.697520       -10.681937       -10.621412       -10.610148
    -10.573410       -10.565863       -10.554780       -10.540297       -10.536049
    -10.518708       -10.505476       -10.497198       -10.483184       -10.473217
    -10.471617       -10.462806       -10.430273       -10.402408       -10.391337
    -10.370938       -10.364006       -10.358263       -10.351327       -10.340350
    -10.335915       -10.315871       -10.310936       -10.304504       -10.295648
    -10.268356       -10.264843       -10.257140       -10.246674       -10.236469
    -10.212122       -10.191513       -10.185002       -10.158749       -10.152509
    -10.141072       -10.137169       -10.119865       -10.103371       -10.095513
    -10.087865       -10.066356       -10.056334       -10.042420       -10.036450
    -10.029376       -10.008100       -10.002590        -9.993108        -9.985923
     -9.983202        -9.974086        -9.965122        -9.943756        -9.941792
     -9.917449        -9.907916        -9.904556        -9.896147        -9.879151
     -9.867424        -9.863392        -9.855605        -9.823390        -9.801833
     -9.755105        -9.726404        -9.701977        -9.700404        -9.681338
     -9.655816        -9.655472        -9.625736        -9.621320        -9.606560
     -9.588758        -9.574135        -9.568325        -9.555776        -9.547867
     -9.541772        -9.536005        -9.525957        -9.501456        -9.489047
     -9.464813        -9.460335        -9.437486        -9.418118        -9.405983
     -9.389506        -9.382093        -9.371363        -9.347350        -9.341996
     -9.328410        -9.325586        -9.307143        -9.291075        -9.267275
     -9.250597        -9.228239        -9.213614        -9.189700        -9.176929
     -9.161725        -9.146456        -9.140676        -9.122386        -9.108656
     -9.092786        -9.091159        -9.078482        -9.072392        -9.063095
     -9.046536        -9.026721        -9.015535        -9.003635        -8.988253
     -8.983647        -8.975271        -8.965937        -8.956680        -8.933786
     -8.921435        -8.915467        -8.899395        -8.895319        -8.870171
     -8.840727        -8.817841        -8.806116        -8.795317        -8.787728
     -8.777995        -8.768873        -8.762446        -8.742612        -8.715466
     -8.704031        -8.698377        -8.651227        -8.614027        -8.612489
     -8.602833        -8.546542        -8.498448        -8.496601        -8.481658
     -8.439775        -8.424814        -8.411829        -8.398755        -8.380644
     -8.373208        -8.363013        -8.342725        -8.322190        -8.307861
     -8.288655        -8.262731        -8.258740        -8.211442        -8.195635
     -8.152461        -8.147022        -8.140130        -8.131689        -8.089867
     -8.072580        -8.042407        -7.974883        -7.955388        -7.893460
     -7.889507        -7.878319        -7.830038        -7.813220        -7.795983
     -7.792095        -7.770976        -7.762409        -7.726354        -7.706899
     -7.676056        -7.653089        -7.650628        -7.649518        -7.636543
     -7.628887        -7.601215        -7.587354        -7.571601        -7.524321
     -7.498801        -7.471741        -7.418920        -7.398424        -7.395067
     -7.356156        -7.349717        -7.348271        -7.337112        -7.305633
     -7.275012        -7.262563        -7.251798        -7.247760        -7.228008
     -7.217963        -7.208403        -7.189332        -7.178308        -7.160270
     -7.140021        -7.103953        -7.090167        -7.076843        -7.049221
     -7.031162        -7.009269        -6.994253        -6.984164        -6.976181
     -6.972415        -6.935794        -6.928643        -6.922332        -6.912233
     -6.904208        -6.878687        -6.875584        -6.871168        -6.848241
     -6.841715        -6.832536        -6.827987        -6.822622        -6.810060
     -6.800720        -6.785078        -6.770312        -6.751117        -6.732968
     -6.723516        -6.707243        -6.701094        -6.690975        -6.679853
     -6.674110        -6.658913        -6.654863        -6.643076        -6.626560
     -6.623451        -6.589394        -6.571958        -6.561704        -6.538527
     -6.526695        -6.522214        -6.511216        -6.508746        -6.488055
     -6.485373        -6.477477        -6.468527        -6.460512        -6.448368
     -6.447598        -6.438090        -6.426952        -6.405802        -6.378519
     -6.365250        -6.354234        -6.351346        -6.339432        -6.329704
     -6.325955        -6.311153        -6.307715        -6.288720        -6.285766
     -6.274890        -6.262565        -6.258133        -6.248534        -6.222528
     -6.216225        -6.196557        -6.182959        -6.163204        -6.158274
     -6.156618        -6.118170        -6.109282        -6.103504        -6.094429
     -6.077599        -6.064411        -6.056911        -6.049163        -6.044148
     -6.041397        -6.035799        -6.027531        -6.021478        -6.014745
     -6.008341        -6.005132        -5.997219        -5.991637        -5.979583
     -5.970097        -5.967642        -5.962499        -5.958469        -5.942487
     -5.938260        -5.936125        -5.927131        -5.913409        -5.903709
     -5.895090        -5.892392        -5.878052        -5.869950        -5.861932
     -5.856319        -5.854671        -5.837494        -5.830763        -5.821911
     -5.815990        -5.808440        -5.800194        -5.790190        -5.781311
     -5.773671        -5.772187        -5.755405        -5.754582        -5.750562
     -5.746425        -5.735263        -5.729969        -5.729313        -5.715458
     -5.712969        -5.700007        -5.690310        -5.683053        -5.677598
     -5.668661        -5.666615        -5.655371        -5.649461        -5.632610
     -5.630141        -5.615080        -5.612468        -5.610580        -5.603910
     -5.588214        -5.585136        -5.577165        -5.574762        -5.570737
     -5.558766        -5.554419        -5.545986        -5.538695        -5.528612
     -5.522189        -5.513987        -5.509557        -5.506707        -5.502897
     -5.500481        -5.490845        -5.481663        -5.474670        -5.464281
     -5.457646        -5.452799        -5.450591        -5.441020        -5.433465
     -5.418831        -5.416302        -5.409343        -5.406264        -5.402173
     -5.395078        -5.388535        -5.383207        -5.373620        -5.361581
     -5.347773        -5.325157        -5.320368        -5.311655        -5.307729
     -5.299951        -5.294632        -5.285657        -5.283300        -5.281368
     -5.274574        -5.258331        -5.250611        -5.248547        -5.236157
     -5.231154        -5.227026        -5.214899        -5.209408        -5.201726
     -5.195219        -5.191071        -5.187873        -5.185732        -5.173986
     -5.172258        -5.157406        -5.148162        -5.146251        -5.140914
     -5.132892        -5.128461        -5.121530        -5.114297        -5.112262
     -5.107452        -5.100932        -5.093354        -5.088604        -5.084578
     -5.074338        -5.071448        -5.067273        -5.061891        -5.055185
     -5.052106        -5.047035        -5.042535        -5.039067        -5.024972
     -5.009857        -4.994264        -4.982101        -4.979887        -4.972239
     -4.967312        -4.963227        -4.960733        -4.954785        -4.948408
     -4.943223        -4.934462        -4.926958        -4.911988        -4.909461
     -4.896557        -4.887352        -4.879181        -4.875614        -4.867135
     -4.854904        -4.852356        -4.847181        -4.834509        -4.830354
     -4.824865        -4.811651        -4.808456        -4.804431        -4.796229
     -4.790939        -4.789448        -4.785392        -4.779654        -4.772353
     -4.751801        -4.741459        -4.723224        -4.711132        -4.683529
     -4.674165        -4.660420        -4.650235        -4.631130        -4.624787
     -4.601722        -4.599766        -4.587517        -4.562695        -4.556321
     -4.546367        -4.540795        -4.536993        -4.518335        -4.507084
     -4.495361        -4.478787        -4.470152        -4.455870        -4.450085
     -4.429029        -4.417495        -4.396710        -4.394138        -4.379694
     -4.360003        -4.341769        -4.319167        -4.304940        -4.293433
     -4.273350        -4.248507        -4.240923        -4.219988        -4.198135
     -4.172204        -4.154204        -4.150703        -4.137923        -4.134757
     -4.119923        -4.107425        -4.098667        -4.094743        -4.074645
     -4.064963        -4.029569        -4.018226        -3.994300        -3.971605
     -3.969225        -3.927682        -3.917174        -3.877731        -3.858262
     -3.848754        -3.844784        -3.832451        -3.797480        -3.782182
     -3.776133        -3.722502        -3.709804        -3.695450        -3.677807
     -3.670226        -3.635432        -3.614287        -3.597588        -3.596338
     -3.561688        -3.554164        -3.518294        -3.446559        -3.441987
     -3.419841        -3.407426        -3.402550        -3.396526        -3.395556
     -3.377813        -3.372896        -3.365869        -3.320490        -3.291092
     -3.279859        -3.276127        -3.258046        -3.234138        -3.227482
     -3.221332        -3.212089        -3.181664        -3.172421        -3.169890
     -3.141553        -3.107848        -3.100263        -3.088779        -3.079689
     -3.072636        -3.053739        -3.042076        -2.999644        -2.992208
     -2.984727        -2.967396        -2.960155        -2.956870        -2.889017
     -2.872870        -2.863370        -2.851892        -2.826301        -2.821591
     -2.813441        -2.800115        -2.789286        -2.774931        -2.765751
     -2.757600        -2.738060        -2.696481        -2.684009        -2.670106
     -2.639718        -2.633589        -2.620574        -2.614810        -2.589260
     -2.565874        -2.548123        -2.538346        -2.526637        -2.513768
     -2.483005        -2.469701        -2.456497        -2.437980        -2.419058
     -2.385245        -2.367208        -2.365790        -2.358616        -2.326089
     -2.315378        -2.307715        -2.280417        -2.232768        -2.191391
     -2.154152        -2.096928        -2.069407        -2.016155        -1.995676
     -1.981296        -1.963682        -1.928538        -1.904948        -1.640599
      2.318336         2.390558         2.596477         2.718790         2.791510
      2.920548         3.131279         3.225504         3.254520         3.316456
      3.413865         3.467454         3.501901         3.520244         3.587447
      3.617767         3.668981         3.736502         3.755269         3.816542
      3.838151         3.869444         3.949572         3.974044         3.984315
      4.006035         4.030287         4.070406         4.096310         4.120814
      4.129354         4.160674         4.181939         4.211524         4.234092
      4.242641         4.270422         4.288723         4.304369         4.338092
      4.348824         4.372871         4.399488         4.401428         4.423860
      4.470595         4.492721         4.519002         4.554729         4.575575
      4.604313         4.619975         4.661497         4.674682         4.679247
      4.696653         4.740668         4.763858
 *********************************
 total computation time (sec)=   1997.20725202560     
