 AEM_Eatom=  6.767605508923080E-003
 AEM_Egroup=  1.063779012002082E-003
 AEM_Etot=  4.902236997256842E-003
 AEM_F=  0.501896354774838     
