           4           1
 PRECISION  = SINGLE     
 JOB       = SCF
 IN.PSP1   = /home/sabs/shenjie/Pseudopotential/Li.nc.pbe.UPF
 IN.PSP2   = /home/sabs/shenjie/Pseudopotential/C.nc.pbe.UPF
 IN.PSP3   = /home/sabs/shenjie/Pseudopotential/O.nc.pbe.UPF
 IN.PSP4   = /home/sabs/shenjie/Pseudopotential/N.nc.pbe.UPF
 IN.PSP5   = /home/sabs/shenjie/Pseudopotential/S.nc.pbe.UPF
 IN.PSP6   = /home/sabs/shenjie/Pseudopotential/F.nc.pbe.UPF
 IN.PSP7   = /home/sabs/shenjie/Pseudopotential/H.nc.pbe.UPF
 IN.PSP8   = /home/sabs/shenjie/Pseudopotential/P.nc.pbe.UPF
 IN.ATOM   = atom.config         
 CONVERGENCE  = EASY
 ACCURACY  = NORM
 VFF_DETAIL =   1   500  0.50000000E-02     30.00000     4.00000     0.00000     1.00000  
 EGG_DETAIL =            3           3           3
 SPIN      =   1
 CONSTRAINT_MAG =           0
 RANDOM_SEED=           0
 QIJ_DETAIL =   0  1
 SCF_MIX = CHARGE
 PWSCF_OUTPUT     =  F
 Ecut      =    60.0000000000000     
 Ecut2     =    120.000000000000     
 Ecut2L    =    120.000000000000     
 EcutP    =    60.0000000000000     
 N123      =   120   120   120
 NS123     =    40    40    40
 N123L     =   120   120   120
 STRESS_CORR =   0.100000E+01  0.000000E+00  0.200000E+01  0.000000E+00
 XCFUNCTIONAL = LDA
 HSE_DETAIL    =      1.00000000    1     0.00000000    6 1 1
 RELAX_HSE    =    20   0.50000E-01     2
 VDW       = NONE
 LONDON_S6      =   0.000000000000000E+000
 LONDON_C6(1)      =   -1.00000000000000     
 LONDON_C6(2)      =   -1.00000000000000     
 LONDON_C6(3)      =   -1.00000000000000     
 LONDON_C6(4)      =   -1.00000000000000     
 LONDON_C6(5)      =   -1.00000000000000     
 LONDON_C6(6)      =   -1.00000000000000     
 LONDON_C6(7)      =   -1.00000000000000     
 LONDON_C6(8)      =   -1.00000000000000     
 LONDON_RCUT      =   0.000000000000000E+000
 DFTD3_S6        =   0.000000000000000E+000
 DFTD3_RS6        =   0.000000000000000E+000
 DFTD3_S18        =   0.000000000000000E+000
 DFTD3_RS18        =   0.000000000000000E+000
 DFTD3_ALPHA6        =   0.000000000000000E+000
 DFTD3_VERSION        =            0
 DFTD3_3BODY        =  F
 COULOMB   =    0
 IN.WG     =  F
 OUT.WG    =  F
 IN.RHO    =  F
 OUT.RHOATOM =  F
 OUT.RHO   =  F
 IN.VR     =  F
 OUT.VR    =  F
 OUT.ELF   =  F
 IN.VEXT   =  F
 OUT.VATOM   =  F
 OUT.FORCE =  T
 OUT.STRESS =  F
 IN.KPT    =  F
 IN.SYMM   =  F
 SYMM_PREC =    0.10000E-04
 MP_N123 =      1      1      1      0      0      0      0
 NUM_KPT =            1
 CHARGE_DECOMP = F
 ENERGY_DECOMP = F 
 IN.SOLVENT =  F
 NUM_ELECTRON =   1940.00000000000     
 FIX_FERMI =   F  0.000000E+00  0.000000E+00  0.000000E+00
 IN.NONSCF    =  F
 NUM_BAND  =  1028
 OUT.REAL.RHOWF_SP= 0
 WG_ERROR  =   1.000000000000000E-004
 E_ERROR   =   5.279008887880000E-003
 RHO_ERROR =   5.000000000000000E-005
 RHO_RELATIVE_ERROR      =   0.000000000000000E+000
 FORCE_RELATIVE_ERROR     =   0.000000000000000E+000
 MIN_SCF_ITER     =            1
 SYS_TYPE   =            1
 PULAY_MIX_OPT =     30  1  0       1.00000       0.00000
 PULAY_METRIC_Q0 =       -1.00000
 IN.OCC    =  F          -1
 IN.CC    =  F
 IN.OCC_ADIA    =  F
 SCF_ITER0_1 =    6   4    3    0.0000     0.02500    1
 SCF_ITER0_2 =   94   4    3    1.0000     0.02500    1
 SCF_ITER1_1 =   40   4    3    1.0000     0.02500    1
 NONLOCAL  =  2
 IN.A_FIELD =  F       0.00000       0.00000       0.00000
 RCUT      =    4.00000000000000     
 IN.PSP_RCUT1 =   4.00000000000000     
 IN.PSP_RCUT2 =   4.00000000000000     
 IN.PSP_RCUT3 =   4.00000000000000     
 IN.PSP_RCUT4 =   4.00000000000000     
 IN.PSP_RCUT5 =   4.00000000000000     
 IN.PSP_RCUT6 =   4.00000000000000     
 IN.PSP_RCUT7 =   4.00000000000000     
 IN.PSP_RCUT8 =   4.00000000000000     
 MD_VV_SCALE =    100
 LDAU_PSP1   =           -1  2.721138638331097E-009  2.721138638331097E-009  eV
 LDAU_PSP2   =           -1  2.721138638331097E-009  2.721138638331097E-009  eV
 LDAU_PSP3   =           -1  2.721138638331097E-009  2.721138638331097E-009  eV
 LDAU_PSP4   =           -1  2.721138638331097E-009  2.721138638331097E-009  eV
 LDAU_PSP5   =           -1  2.721138638331097E-009  2.721138638331097E-009  eV
 LDAU_PSP6   =           -1  2.721138638331097E-009  2.721138638331097E-009  eV
 LDAU_PSP7   =           -1  2.721138638331097E-009  2.721138638331097E-009  eV
 LDAU_PSP8   =           -1  2.721138638331097E-009  2.721138638331097E-009  eV
 NUM_BLOCKED_PSI=  F
 WF_STORE2DISK  =            0
 NUM_DOS_GRID =         4000
 NMAP_MAX =        50000
 KERK_AMIN =   0.300000000000000     
 KERK_AMIX =   0.400000000000000     
 KERK_AMIX_MAG =   0.800000000000000     
 KERK_BMIX =   0.500000000000000     
 LDAU_MIX =   0.700000000000000     
 PULAY_WEIGHT_SPIN =    1.00000000000000     
 PULAY_WEIGHT_NS =    1.00000000000000     
 OUT.MLMD    =  F
 NUM_MPI_PER_GPU =     1
 FLAG_CYLINDER =            0
 SET_OUT_FERMI_POS =  F           0
 E_FINITE =  F   0.00000E+00   0.00000E+00   0.00000E+00
 MLINE_EIGEN =      1
 
 ------------------------------------------------
 total number of K-point:           1
   0.00000     0.00000    0.00000     1.00000            
 ------------------------------------------------
 
 
 *********************************************
 *********** end of etot.input report ********
 minimum n1,n2,n3 from Ecut2
     118.970      119.148      119.089
 minimum n1L,n2L,n3L from Ecut2L
     118.970      119.148      119.089
 *********************************************
 
 
Weighted average num_of_PW for all kpoint=                       312673.000
 ************************************
 E_Hxc(eV)         50487.0146239510     
 E_ion(eV)        -221599.917685300     
 E_Coul(eV)        78761.7951104084     
 E_Hxc+E_ion(eV)  -171112.903061349     
 NONSCF     1          AVE_STATE_ERROR= 0.5919E+01
 NONSCF     2          AVE_STATE_ERROR= 0.1630E+01
 NONSCF     3          AVE_STATE_ERROR= 0.5048E+00
 NONSCF     4          AVE_STATE_ERROR= 0.9353E-01
 NONSCF     5          AVE_STATE_ERROR= 0.1562E-01
 NONSCF     6          AVE_STATE_ERROR= 0.3063E-02
 iter=   7   ave_lin=  4.0  iCGmth=   3
 Ef(eV)               = -.1486619E+01
 err of ug            = 0.1198E-02
 dv_ave, drho_tot     = 0.0000E+00 0.1234E+00
 E_tot(eV)            = -.13305471175748E+06    -.1331E+06
 -------------------------------------------
 iter=   8   ave_lin=  4.0  iCGmth=   3
 Ef(eV)               = -.1519992E+01
 err of ug            = 0.1076E-01
 dv_ave, drho_tot     = 0.1733E-01 0.7129E-01
 E_tot(eV)            = -.13294705206590E+06    0.1077E+03
 -------------------------------------------
 iter=   9   ave_lin=  4.0  iCGmth=   3
 Ef(eV)               = -.9754363E+00
 err of ug            = 0.6737E-02
 dv_ave, drho_tot     = 0.1391E-01 0.3042E-01
 E_tot(eV)            = -.13291355774427E+06    0.3349E+02
 -------------------------------------------
 iter=  10   ave_lin=  4.0  iCGmth=   3
 Ef(eV)               = -.8989198E+00
 err of ug            = 0.2093E-02
 dv_ave, drho_tot     = 0.6935E-02 0.1075E-01
 E_tot(eV)            = -.13290817854823E+06    0.5379E+01
 -------------------------------------------
 iter=  11   ave_lin=  4.0  iCGmth=   3
 Ef(eV)               = -.8740843E+00
 err of ug            = 0.5537E-03
 dv_ave, drho_tot     = 0.3096E-02 0.6024E-02
 E_tot(eV)            = -.13290749534402E+06    0.6832E+00
 -------------------------------------------
 iter=  12   ave_lin=  4.0  iCGmth=   3
 Ef(eV)               = -.8528298E+00
 err of ug            = 0.3075E-03
 dv_ave, drho_tot     = 0.3542E-02 0.3704E-02
 E_tot(eV)            = -.13290697165932E+06    0.5237E+00
 -------------------------------------------
 iter=  13   ave_lin=  4.0  iCGmth=   3
 Ef(eV)               = 0.1042826E+01
 err of ug            = 0.3561E-03
 dv_ave, drho_tot     = 0.4125E-02 0.2869E-02
 E_tot(eV)            = -.13290645980413E+06    0.5119E+00
 -------------------------------------------
 iter=  14   ave_lin=  4.0  iCGmth=   3
 Ef(eV)               = 0.9419920E+00
 err of ug            = 0.3312E-03
 dv_ave, drho_tot     = 0.5572E-02 0.2278E-02
 E_tot(eV)            = -.13290599901160E+06    0.4608E+00
 -------------------------------------------
 iter=  15   ave_lin=  4.0  iCGmth=   3
 Ef(eV)               = 0.1140633E+01
 err of ug            = 0.3563E-03
 dv_ave, drho_tot     = 0.6490E-02 0.1820E-02
 E_tot(eV)            = -.13290566452100E+06    0.3345E+00
 -------------------------------------------
 iter=  16   ave_lin=  4.0  iCGmth=   3
 Ef(eV)               = 0.1242639E+01
 err of ug            = 0.2632E-03
 dv_ave, drho_tot     = 0.4353E-02 0.1385E-02
 E_tot(eV)            = -.13290558257061E+06    0.8195E-01
 -------------------------------------------
 iter=  17   ave_lin=  4.0  iCGmth=   3
 Ef(eV)               = 0.1485586E+01
 err of ug            = 0.2003E-03
 dv_ave, drho_tot     = 0.3717E-02 0.1074E-02
 E_tot(eV)            = -.13290555356358E+06    0.2901E-01
 -------------------------------------------
 iter=  18   ave_lin=  4.0  iCGmth=   3
 Ef(eV)               = 0.1577831E+01
 err of ug            = 0.1299E-03
 dv_ave, drho_tot     = 0.2907E-02 0.7963E-03
 E_tot(eV)            = -.13290553823266E+06    0.1533E-01
 -------------------------------------------
 iter=  19   ave_lin=  4.0  iCGmth=   3
 Ef(eV)               = 0.1663023E+01
 err of ug            = 0.1094E-03
 dv_ave, drho_tot     = 0.2484E-02 0.6070E-03
 E_tot(eV)            = -.13290552125859E+06    0.1697E-01
 -------------------------------------------
 iter=  20   ave_lin=  4.0  iCGmth=   3
 Ef(eV)               = 0.1748520E+01
 err of ug            = 0.9586E-04
 dv_ave, drho_tot     = 0.2324E-02 0.4571E-03
 E_tot(eV)            = -.13290550848203E+06    0.1278E-01
 -------------------------------------------
 iter=  21   ave_lin=  4.0  iCGmth=   3
 Ef(eV)               = 0.1782409E+01
 err of ug            = 0.6475E-04
 dv_ave, drho_tot     = 0.1049E-02 0.3807E-03
 E_tot(eV)            = -.13290550075027E+06    0.7732E-02
 -------------------------------------------
 iter=  22   ave_lin=  4.0  iCGmth=   3
 Ef(eV)               = 0.1739826E+01
 err of ug            = 0.6571E-04
 dv_ave, drho_tot     = 0.1102E-02 0.3085E-03
 E_tot(eV)            = -.13290549404051E+06    0.6710E-02
 -------------------------------------------
 iter=  23   ave_lin=  4.0  iCGmth=   3
 Ef(eV)               = 0.1700481E+01
 err of ug            = 0.5228E-04
 dv_ave, drho_tot     = 0.8559E-03 0.2474E-03
 E_tot(eV)            = -.13290549060743E+06    0.3433E-02
 -------------------------------------------
 E_Fermi(eV)=   1.70048103386638     
 ---------------------------------------------------
 Ef(eV)               = 0.1700481E+01
 dvE, dvE(n)-dvE(n-1) = 0.7325E-06 -.4828E-06
 dv_ave, drho_tot     = 0.8559E-03 0.2474E-03
 err of ug            = 0.5228E-04
 ---------------------------------------------------
 ending_scf_reason = tol Etot_err  5.279008887880000E-003
 Ewald        = -.41432948083232E+05
 Alpha        = 0.15207970391171E+04
 E_extV       = 0.00000000000000E+00    0.0000E+00
 E_NSC        = -.21430847718764E+05    0.6868E+00
 E[-rho*V_Hxc]= -.12327282102611E+06    -.6834E+00
 E_Hxc        = 0.51710329181559E+05    0.7005E+00
 -TS          = -.52281615504389E-13    0.2963E-12
 E_tot(eV)    = -.13290549060743E+06    0.3433E-02
 E_tot(Ryd)   = -.97683734676175E+04    0.1262E-03
 ---------------------------------------------------
 ---------------------------------------------------
 occup for:      kpt=1,spin=1,m=(totN/2-2,totN/2+2)
   1.000    1.000    1.000    0.000    0.000
 eigen(eV) for:  kpt=1,spin=1,m=(totN/2-2,totN/2+2)
  -1.936   -1.887   -1.811    2.477    2.730
 ---------------------------------------------------
 ---------------------------------------------------
 E_Hart,E_xc,E_ion =0.80510199836706E+05  -.28799870655147E+05  -.22409325720726E+06
 E_Hxc+E_ion       =-.17238292802570E+06
 E_kin+E_nonloc    =0.79389588462381E+05
 E_rhoVext,E_IVext     =0.00000000000000E+00  0.00000000000000E+00
 E_psiV,E_dDrho =-.10082064061834E+06  0.00000000000000E+00
 ave(vtot):v0 =-.76944022454328E+01
 ave(V_ion_s(or p,d))=ave(V_Hatree)=0; ave(Vtot)=ave(V_xc)=v0
 ---------------------------------------------------
 *********************************
 Eigen energies are values after setting ave(Vtot)=0
 For Vtot=V_ion+V_Hartree+V_xc, and
 ave(V_ion+V_Hatree)=0, ave(V_xc).ne.0:  E=E+v0
 *********************************
iislda,kpt=   1,    1      0.000000     0.000000     0.000000             kpoint in xyz unit 
 err of each states, A.U
  0.274118E-03     0.475311E-04     0.129782E-04     0.445146E-04     0.216129E-04
  0.182822E-04     0.827158E-04     0.404084E-04     0.268100E-04     0.156503E-04
  0.304853E-04     0.170228E-04     0.250999E-04     0.147484E-04     0.185854E-04
  0.268241E-04     0.268721E-04     0.123435E-04     0.296248E-04     0.152402E-04
  0.244999E-04     0.321002E-04     0.228453E-04     0.269194E-04     0.142331E-04
  0.275532E-04     0.139536E-04     0.317930E-04     0.165508E-04     0.354658E-04
  0.166747E-04     0.140555E-04     0.154648E-04     0.164280E-04     0.148397E-04
  0.145557E-04     0.270572E-04     0.184947E-04     0.124219E-04     0.165488E-04
  0.201274E-04     0.146293E-04     0.160108E-04     0.466930E-04     0.155716E-04
  0.273405E-04     0.128781E-04     0.321331E-04     0.319341E-04     0.439938E-04
  0.150719E-04     0.174642E-04     0.164396E-04     0.269216E-04     0.176522E-04
  0.382122E-04     0.392588E-04     0.128606E-04     0.164220E-04     0.250361E-04
  0.174330E-04     0.205269E-04     0.145606E-04     0.181583E-04     0.190110E-03
  0.133426E-04     0.134937E-04     0.166719E-04     0.167796E-04     0.180432E-04
  0.657262E-04     0.271091E-04     0.132029E-04     0.120907E-04     0.123805E-04
  0.191210E-04     0.169008E-04     0.141395E-03     0.146791E-04     0.289551E-04
  0.108880E-04     0.146063E-04     0.118961E-04     0.137472E-04     0.984622E-04
  0.123124E-04     0.126676E-04     0.133305E-04     0.154304E-04     0.128461E-04
  0.226114E-04     0.128532E-04     0.113568E-04     0.146771E-04     0.184418E-04
  0.277235E-04     0.195169E-04     0.158732E-04     0.118259E-04     0.144206E-04
  0.138342E-04     0.139975E-04     0.114197E-04     0.126727E-04     0.149824E-04
  0.189526E-04     0.702391E-04     0.165031E-04     0.847855E-04     0.144806E-04
  0.154976E-04     0.136910E-04     0.142621E-04     0.166895E-04     0.271980E-04
  0.240605E-04     0.974935E-05     0.151119E-04     0.126633E-04     0.139181E-04
  0.120751E-04     0.966090E-04     0.255182E-04     0.166281E-04     0.448192E-04
  0.144887E-04     0.135074E-04     0.421009E-04     0.174332E-04     0.280264E-04
  0.343750E-04     0.170867E-04     0.164305E-04     0.131630E-04     0.125566E-04
  0.227849E-04     0.169300E-04     0.405375E-04     0.149936E-04     0.426487E-04
  0.230943E-04     0.145715E-04     0.146496E-04     0.153349E-04     0.110747E-03
  0.152019E-04     0.134175E-04     0.375075E-04     0.275028E-04     0.212366E-04
  0.135828E-04     0.119040E-04     0.164353E-04     0.274141E-04     0.278079E-04
  0.485412E-04     0.114698E-04     0.226457E-04     0.154788E-04     0.136096E-04
  0.481498E-04     0.116828E-04     0.318862E-04     0.118927E-04     0.333107E-04
  0.221158E-04     0.177850E-04     0.126478E-04     0.186544E-04     0.270820E-04
  0.219724E-04     0.132116E-04     0.229458E-04     0.153473E-04     0.129145E-04
  0.184143E-04     0.157311E-04     0.141949E-04     0.419961E-04     0.985360E-05
  0.140413E-04     0.111587E-04     0.145898E-04     0.247894E-04     0.220646E-04
  0.959812E-05     0.161256E-04     0.141045E-04     0.177247E-04     0.105847E-04
  0.122379E-04     0.207607E-04     0.229868E-04     0.103182E-04     0.293436E-04
  0.192028E-04     0.140959E-04     0.151870E-04     0.196250E-04     0.127316E-04
  0.199023E-04     0.121640E-04     0.111758E-04     0.159860E-04     0.153090E-04
  0.114512E-04     0.337296E-04     0.135299E-04     0.139644E-04     0.231514E-04
  0.153571E-04     0.291599E-04     0.163578E-04     0.158469E-04     0.133967E-04
  0.193745E-04     0.258539E-04     0.194438E-04     0.139376E-04     0.150845E-04
  0.181105E-04     0.168944E-04     0.136710E-04     0.169175E-04     0.175572E-04
  0.216016E-04     0.152784E-04     0.194770E-04     0.124057E-04     0.119662E-04
  0.110683E-04     0.199452E-04     0.128190E-04     0.187310E-04     0.152588E-04
  0.113833E-04     0.132001E-04     0.142276E-04     0.155852E-04     0.202417E-04
  0.134251E-04     0.123316E-04     0.209741E-04     0.114050E-04     0.199407E-04
  0.210122E-04     0.145543E-04     0.159519E-04     0.158565E-04     0.166185E-04
  0.165211E-04     0.198687E-04     0.156437E-04     0.192781E-04     0.153634E-04
  0.133261E-04     0.218592E-04     0.161467E-04     0.158790E-04     0.152715E-04
  0.131831E-04     0.118646E-04     0.213373E-04     0.143405E-04     0.172023E-04
  0.182709E-04     0.277160E-04     0.118159E-04     0.150059E-04     0.246020E-04
  0.158322E-04     0.236544E-04     0.173660E-04     0.158908E-04     0.159051E-04
  0.162207E-04     0.160842E-04     0.158795E-04     0.237631E-04     0.343671E-04
  0.214189E-04     0.212878E-04     0.241604E-04     0.229125E-04     0.221806E-04
  0.174668E-04     0.276355E-04     0.158542E-04     0.204551E-04     0.144405E-04
  0.204340E-04     0.247903E-04     0.168456E-04     0.179966E-04     0.215281E-04
  0.199392E-04     0.231010E-04     0.144569E-04     0.231727E-04     0.193874E-04
  0.229652E-04     0.202664E-04     0.133370E-04     0.146437E-04     0.174591E-04
  0.154810E-04     0.183835E-04     0.239354E-04     0.291104E-04     0.195287E-04
  0.238384E-04     0.364674E-04     0.212724E-04     0.199217E-04     0.177936E-04
  0.176606E-04     0.291321E-04     0.237839E-04     0.226926E-04     0.198306E-04
  0.205407E-04     0.240368E-04     0.246972E-04     0.205605E-04     0.267160E-04
  0.261272E-04     0.382804E-04     0.234984E-04     0.260182E-04     0.220176E-04
  0.226224E-04     0.235961E-04     0.205346E-04     0.207111E-04     0.278978E-04
  0.254035E-04     0.249778E-04     0.296754E-04     0.219794E-04     0.121633E-04
  0.212018E-04     0.188561E-04     0.283051E-04     0.214761E-04     0.280737E-04
  0.196878E-04     0.251119E-04     0.234964E-04     0.260005E-04     0.247699E-04
  0.252002E-04     0.283014E-04     0.228750E-04     0.235545E-04     0.201050E-04
  0.208721E-04     0.236507E-04     0.228659E-04     0.196766E-04     0.199841E-04
  0.204847E-04     0.249352E-04     0.255249E-04     0.268667E-04     0.258906E-04
  0.183164E-04     0.205401E-04     0.225059E-04     0.162839E-04     0.159625E-04
  0.278201E-04     0.281083E-04     0.268944E-04     0.247026E-04     0.271507E-04
  0.224573E-04     0.273537E-04     0.182736E-04     0.193021E-04     0.247474E-04
  0.141374E-04     0.169426E-04     0.176014E-04     0.197223E-04     0.253896E-04
  0.235500E-04     0.354706E-04     0.343198E-04     0.216911E-04     0.273676E-04
  0.211678E-04     0.291747E-04     0.288071E-04     0.243402E-04     0.298137E-04
  0.195829E-04     0.187617E-04     0.222988E-04     0.298984E-04     0.368302E-04
  0.171572E-04     0.249527E-04     0.278533E-04     0.245381E-04     0.253384E-04
  0.226915E-04     0.256308E-04     0.246744E-04     0.390890E-04     0.269032E-04
  0.396572E-04     0.244223E-04     0.314378E-04     0.277776E-04     0.199712E-04
  0.287316E-04     0.286241E-04     0.212476E-04     0.320931E-04     0.228442E-04
  0.238989E-04     0.263082E-04     0.289543E-04     0.301241E-04     0.264838E-04
  0.320183E-04     0.243423E-04     0.383711E-04     0.339581E-04     0.327520E-04
  0.269160E-04     0.239412E-04     0.325659E-04     0.285350E-04     0.340598E-04
  0.318356E-04     0.251456E-04     0.320943E-04     0.257039E-04     0.277944E-04
  0.170897E-04     0.312296E-04     0.235030E-04     0.372924E-04     0.390879E-04
  0.258319E-04     0.298511E-04     0.200799E-04     0.404446E-04     0.356811E-04
  0.437626E-04     0.244941E-04     0.268081E-04     0.229810E-04     0.236776E-04
  0.286122E-04     0.279783E-04     0.257214E-04     0.239840E-04     0.235028E-04
  0.208009E-04     0.231716E-04     0.227923E-04     0.355675E-04     0.312636E-04
  0.333479E-04     0.415802E-04     0.310463E-04     0.189350E-04     0.247486E-04
  0.207649E-04     0.231997E-04     0.151065E-04     0.192431E-04     0.295880E-04
  0.242909E-04     0.226605E-04     0.188932E-04     0.301349E-04     0.276601E-04
  0.407211E-04     0.243402E-04     0.310525E-04     0.406311E-04     0.221020E-04
  0.299225E-04     0.263894E-04     0.173700E-04     0.225240E-04     0.242027E-04
  0.174464E-04     0.174541E-04     0.173499E-04     0.202813E-04     0.128055E-04
  0.175987E-04     0.154342E-04     0.172260E-04     0.202483E-04     0.188599E-04
  0.230670E-04     0.185243E-04     0.174031E-04     0.213643E-04     0.198029E-04
  0.218395E-04     0.167379E-04     0.184146E-04     0.221196E-04     0.202476E-04
  0.192539E-04     0.167575E-04     0.210418E-04     0.231990E-04     0.216137E-04
  0.288021E-04     0.189199E-04     0.285476E-04     0.289773E-04     0.187453E-04
  0.283841E-04     0.191777E-04     0.215310E-04     0.247264E-04     0.239142E-04
  0.163302E-04     0.218464E-04     0.334634E-04     0.245178E-04     0.291527E-04
  0.275571E-04     0.311652E-04     0.188965E-04     0.312970E-04     0.178389E-04
  0.207724E-04     0.224197E-04     0.248736E-04     0.159480E-04     0.218632E-04
  0.229030E-04     0.248404E-04     0.222668E-04     0.175700E-04     0.221869E-04
  0.260472E-04     0.186930E-04     0.236497E-04     0.225967E-04     0.238803E-04
  0.239890E-04     0.218224E-04     0.250648E-04     0.244501E-04     0.201879E-04
  0.201375E-04     0.189444E-04     0.194405E-04     0.247292E-04     0.193716E-04
  0.253801E-04     0.278222E-04     0.211149E-04     0.222270E-04     0.240034E-04
  0.171293E-04     0.218172E-04     0.178631E-04     0.257911E-04     0.222173E-04
  0.242940E-04     0.221498E-04     0.222818E-04     0.212231E-04     0.227831E-04
  0.205297E-04     0.210294E-04     0.235541E-04     0.283289E-04     0.181219E-04
  0.315536E-04     0.228777E-04     0.231804E-04     0.199716E-04     0.220948E-04
  0.215565E-04     0.158472E-04     0.169934E-04     0.232146E-04     0.219508E-04
  0.207726E-04     0.193077E-04     0.204842E-04     0.237039E-04     0.227948E-04
  0.206093E-04     0.225402E-04     0.271556E-04     0.226028E-04     0.209794E-04
  0.212464E-04     0.215613E-04     0.221815E-04     0.201300E-04     0.203639E-04
  0.218902E-04     0.223182E-04     0.190442E-04     0.225752E-04     0.211658E-04
  0.201076E-04     0.211521E-04     0.212051E-04     0.297416E-04     0.230956E-04
  0.194829E-04     0.210380E-04     0.206838E-04     0.227144E-04     0.190069E-04
  0.282018E-04     0.201540E-04     0.293133E-04     0.249400E-04     0.246117E-04
  0.248854E-04     0.270637E-04     0.262594E-04     0.183487E-04     0.223656E-04
  0.261145E-04     0.192860E-04     0.191189E-04     0.208869E-04     0.187694E-04
  0.257860E-04     0.195891E-04     0.236774E-04     0.175210E-04     0.219470E-04
  0.217695E-04     0.226349E-04     0.212372E-04     0.213700E-04     0.236439E-04
  0.252155E-04     0.257168E-04     0.254680E-04     0.238597E-04     0.201714E-04
  0.216389E-04     0.265271E-04     0.209233E-04     0.220730E-04     0.242834E-04
  0.235013E-04     0.197089E-04     0.230592E-04     0.241740E-04     0.214580E-04
  0.246263E-04     0.193540E-04     0.229378E-04     0.222589E-04     0.266504E-04
  0.244425E-04     0.247519E-04     0.267812E-04     0.248787E-04     0.251946E-04
  0.249577E-04     0.204706E-04     0.217988E-04     0.267970E-04     0.263194E-04
  0.238211E-04     0.255865E-04     0.283279E-04     0.248992E-04     0.260861E-04
  0.212535E-04     0.303108E-04     0.277960E-04     0.240578E-04     0.295941E-04
  0.291558E-04     0.315204E-04     0.230124E-04     0.291443E-04     0.255178E-04
  0.270964E-04     0.256734E-04     0.250501E-04     0.215220E-04     0.277591E-04
  0.270292E-04     0.235123E-04     0.287787E-04     0.257344E-04     0.288357E-04
  0.234117E-04     0.277102E-04     0.238039E-04     0.253632E-04     0.239736E-04
  0.290598E-04     0.304941E-04     0.241159E-04     0.237283E-04     0.261562E-04
  0.284653E-04     0.261486E-04     0.316063E-04     0.300358E-04     0.283026E-04
  0.295294E-04     0.283573E-04     0.275609E-04     0.335308E-04     0.299192E-04
  0.326075E-04     0.292816E-04     0.306061E-04     0.305654E-04     0.279796E-04
  0.335350E-04     0.307909E-04     0.283814E-04     0.349345E-04     0.306507E-04
  0.267959E-04     0.280527E-04     0.315013E-04     0.298096E-04     0.328776E-04
  0.311356E-04     0.294106E-04     0.399862E-04     0.287348E-04     0.270255E-04
  0.321283E-04     0.296140E-04     0.309117E-04     0.286592E-04     0.252053E-04
  0.240132E-04     0.263328E-04     0.282032E-04     0.269946E-04     0.318445E-04
  0.360960E-04     0.375794E-04     0.278314E-04     0.258756E-04     0.262536E-04
  0.280544E-04     0.328677E-04     0.309494E-04     0.331424E-04     0.265987E-04
  0.391049E-04     0.329851E-04     0.478759E-04     0.290608E-04     0.232449E-04
  0.261155E-04     0.312403E-04     0.304862E-04     0.308098E-04     0.286280E-04
  0.334236E-04     0.331594E-04     0.290390E-04     0.244392E-04     0.339350E-04
  0.365602E-04     0.319487E-04     0.402096E-04     0.384500E-04     0.359167E-04
  0.296002E-04     0.281552E-04     0.329108E-04     0.259067E-04     0.358178E-04
  0.354949E-04     0.286477E-04     0.329284E-04     0.291242E-04     0.308849E-04
  0.282878E-04     0.321208E-04     0.256326E-04     0.328144E-04     0.337894E-04
  0.300398E-04     0.356145E-04     0.285815E-04     0.267377E-04     0.267862E-04
  0.234231E-04     0.357500E-04     0.296506E-04     0.284544E-04     0.225296E-04
  0.243579E-04     0.277744E-04     0.215146E-04     0.246762E-04     0.299487E-04
  0.260381E-04     0.274809E-04     0.303307E-04     0.238237E-04     0.277639E-04
  0.359724E-04     0.410606E-04     0.266900E-04     0.275114E-04     0.296031E-04
  0.260355E-04     0.299059E-04     0.326656E-04     0.262161E-04     0.413160E-04
  0.287041E-04     0.321009E-04     0.390029E-04     0.395474E-04     0.303426E-04
  0.312932E-04     0.300625E-04     0.383536E-04     0.345775E-04     0.450172E-04
  0.460575E-04     0.340052E-04     0.378691E-04     0.317282E-04     0.310199E-04
  0.292420E-04     0.212410E-04     0.501489E-04     0.278153E-04     0.290271E-04
  0.285398E-04     0.257716E-04     0.320888E-04     0.301188E-04     0.338649E-04
  0.273886E-04     0.245632E-04     0.270835E-04     0.279009E-04     0.333528E-04
  0.235290E-04     0.381081E-04     0.262914E-04     0.283088E-04     0.250676E-04
  0.265877E-04     0.238293E-04     0.240162E-04     0.293335E-04     0.352431E-04
  0.486159E-04     0.375198E-04     0.458762E-04     0.281850E-04     0.367528E-04
  0.510067E-04     0.319713E-04     0.377139E-04     0.458345E-04     0.339452E-04
  0.339416E-04     0.451095E-04     0.258175E-04     0.569601E-04     0.409823E-04
  0.349929E-04     0.360471E-04     0.610361E-04     0.443438E-04     0.274633E-04
  0.542831E-04     0.392084E-04     0.335901E-04     0.588514E-04     0.323879E-04
  0.504132E-04     0.387546E-04     0.349591E-04     0.241651E-04     0.330743E-04
  0.220925E-04     0.531384E-04     0.329252E-04     0.266694E-04     0.379336E-04
  0.602751E-04     0.511821E-04     0.517537E-04     0.390926E-04     0.362638E-04
  0.391092E-04     0.313215E-04     0.302035E-04     0.429777E-04     0.398584E-04
  0.460557E-04     0.353560E-04     0.446114E-04     0.266627E-04     0.456813E-04
  0.500117E-04     0.280711E-04     0.242378E-04     0.410148E-04     0.368882E-04
  0.336085E-04     0.534609E-04     0.447089E-04     0.255278E-04     0.252681E-04
  0.356377E-04     0.452717E-04     0.480975E-04     0.325789E-04     0.572198E-04
  0.421537E-04     0.749887E-04     0.280959E-04     0.327077E-04     0.261098E-04
  0.247373E-04     0.412330E-04     0.350298E-04     0.434655E-04     0.416723E-04
  0.467243E-04     0.254606E-04     0.315462E-04     0.276954E-04     0.409917E-04
  0.353244E-04     0.265930E-04     0.251532E-04     0.322551E-04     0.298384E-04
  0.304835E-04     0.224884E-04     0.317762E-04     0.483161E-04     0.344784E-04
  0.391713E-04     0.420109E-04     0.450246E-04     0.313136E-04     0.414293E-04
  0.367807E-04     0.469059E-04     0.328508E-04     0.309475E-04     0.411033E-04
  0.161389E-04     0.335551E-04     0.271422E-04     0.426185E-04     0.242695E-04
  0.660213E-04     0.932476E-04     0.121790E-03     0.214180E-03     0.178329E-03
  0.115771E-03     0.151493E-03     0.181301E-03     0.225057E-03     0.272559E-03
  0.347343E-03     0.398478E-03     0.149702E-03     0.340039E-03     0.489572E-03
  0.667804E-03     0.580293E-03     0.746557E-03     0.753069E-03     0.794861E-03
  0.128952E-02     0.967566E-03     0.725937E-03     0.113381E-02     0.133880E-02
  0.102280E-02     0.133821E-02     0.776876E-03     0.133917E-02     0.197326E-02
  0.141369E-02     0.207994E-02     0.312545E-02     0.204110E-02     0.197281E-02
  0.201574E-02     0.191012E-02     0.250302E-02     0.197011E-02     0.317337E-02
  0.290496E-02     0.504678E-02     0.358154E-02     0.402913E-02     0.288366E-02
  0.390444E-02     0.337672E-02     0.443915E-02     0.844490E-02     0.729873E-02
  0.646357E-02     0.668514E-02     0.622106E-02     0.948325E-02     0.500509E-02
  0.925253E-02     0.144929E-01     0.132507E-01
 eigen energies, in eV 
    -44.580002       -44.508216       -44.388584       -44.107274       -43.972380
    -28.707248       -28.617043       -28.499846       -28.488448       -28.401258
    -28.399380       -28.385732       -28.339651       -28.291466       -28.221455
    -28.194418       -28.173033       -28.122125       -28.104660       -28.077954
    -28.075540       -28.016064       -28.009533       -27.987129       -27.951859
    -27.942517       -27.908777       -27.885932       -27.844405       -27.835688
    -27.830357       -27.817141       -27.816075       -27.808345       -27.773348
    -27.756377       -27.739590       -27.736921       -27.710419       -27.529239
    -27.513735       -27.476231       -27.462077       -27.457931       -27.441093
    -27.414292       -27.381500       -27.378743       -27.365055       -27.358459
    -27.312539       -27.286805       -27.284256       -27.265738       -27.258245
    -27.248793       -27.246327       -27.222530       -27.215511       -27.213591
    -27.212218       -27.209564       -27.102023       -27.101358       -27.078582
    -27.016043       -26.982063       -26.970568       -26.861085       -26.832898
    -26.824997       -26.731513       -26.662107       -26.614704       -26.600595
    -26.599980       -26.528504       -26.513322       -26.469307       -26.446007
    -26.433895       -26.412381       -26.350665       -26.326908       -26.281186
    -26.269560       -26.258263       -26.218392       -26.216109       -26.212646
    -26.199107       -26.076620       -26.059945       -26.055825       -26.046755
    -26.026366       -26.008151       -26.005377       -25.993293       -25.984245
    -25.949915       -25.937444       -25.936444       -25.913963       -25.899548
    -25.889681       -25.883731       -25.869589       -25.856527       -25.829272
    -25.826194       -25.818551       -25.814972       -25.777640       -25.767532
    -25.765221       -25.728249       -25.715883       -25.693377       -25.683850
    -25.666880       -25.636142       -25.628486       -25.520989       -25.474649
    -25.461800       -25.460403       -25.395666       -25.377991       -25.362154
    -25.353378       -25.244358       -25.113277       -25.014809       -24.988854
    -24.153154       -24.027391       -23.927373       -23.656466       -23.647676
    -23.629334       -23.457848       -23.394502       -23.377416       -23.298407
    -23.297495       -23.287163       -23.277331       -23.274728       -23.212406
    -23.204309       -23.140541       -23.117308       -23.113497       -23.027443
    -23.021854       -23.004451       -22.952573       -22.915336       -22.900679
    -22.862423       -22.830791       -22.717568       -22.684459       -22.667964
    -22.552463       -22.329130       -22.309208       -22.291447       -21.915529
    -21.890884       -21.614504       -21.504470       -21.376574       -21.349613
    -21.346291       -21.331737       -21.326227       -21.123192       -21.088604
    -21.060497       -21.036396       -21.017280       -21.010901       -20.914641
    -20.897665       -20.872463       -20.745782       -20.735133       -20.580828
    -18.517001       -18.379783       -18.155549       -18.105139       -18.087138
    -16.530403       -16.186375       -16.055486       -16.017573       -15.995905
    -15.994811       -15.943817       -15.885542       -15.784824       -15.775387
    -15.718275       -15.540927       -15.538469       -15.496300       -15.493634
    -15.396351       -15.373418       -15.086483       -15.081419       -15.033828
    -15.016687       -14.892853       -14.883394       -14.833309       -14.797681
    -14.777268       -14.732661       -14.622077       -14.591164       -14.542881
    -14.502037       -14.464728       -14.455045       -14.440840       -14.427825
    -14.417057       -14.332433       -14.296494       -14.275206       -14.217258
    -14.015331       -13.797951       -13.774020       -13.770951       -13.693158
    -13.604196       -13.576324       -13.540977       -13.477794       -13.447208
    -13.444652       -13.440776       -13.427044       -13.425777       -13.386681
    -13.381747       -13.367209       -13.358856       -13.354292       -13.303011
    -13.296416       -13.250644       -13.237140       -13.222624       -13.188725
    -13.176318       -13.172305       -13.162163       -12.952072       -12.802786
    -12.352510       -12.258299       -12.231676       -12.226308       -12.130279
    -12.025682       -11.956924       -11.930271       -11.927143       -11.911674
    -11.898279       -11.870030       -11.840546       -11.827947       -11.811149
    -11.678491       -11.672595       -11.655909       -11.649749       -11.601948
    -11.582362       -11.577560       -11.569706       -11.509352       -11.468116
    -11.449620       -11.445186       -11.416721       -11.414049       -11.406744
    -11.382323       -11.365468       -11.325460       -11.267680       -11.264375
    -11.263663       -11.120651       -10.936901       -10.875340       -10.851774
    -10.841504       -10.814341       -10.808807       -10.774287       -10.764344
    -10.759381       -10.729334       -10.669591       -10.625191       -10.605013
    -10.590482       -10.546224       -10.531047       -10.526045       -10.505323
    -10.491869       -10.473331       -10.448121       -10.435970       -10.432853
    -10.412820       -10.398603       -10.396371       -10.361685       -10.350014
    -10.333006       -10.331708       -10.323018       -10.304221       -10.285216
    -10.269922       -10.261890       -10.254767       -10.228215       -10.221582
    -10.207455       -10.175888       -10.170858       -10.163199       -10.147766
    -10.107185       -10.087040       -10.071479       -10.059150       -10.052399
    -10.047474       -10.039840       -10.030992       -10.022472       -10.002190
    -10.000655        -9.983941        -9.976907        -9.972926        -9.967545
     -9.965671        -9.944160        -9.942877        -9.916309        -9.898992
     -9.889759        -9.882607        -9.871601        -9.864230        -9.846077
     -9.824080        -9.811676        -9.787933        -9.779412        -9.776798
     -9.770965        -9.763420        -9.737004        -9.733516        -9.724227
     -9.721032        -9.675514        -9.673256        -9.651058        -9.649488
     -9.619066        -9.614077        -9.593875        -9.578368        -9.568559
     -9.551223        -9.540738        -9.537821        -9.532113        -9.526448
     -9.524248        -9.506829        -9.488286        -9.469483        -9.451275
     -9.435188        -9.384388        -9.382515        -9.360452        -9.353184
     -9.342784        -9.341436        -9.331198        -9.298774        -9.278248
     -9.267471        -9.264855        -9.253111        -9.247003        -9.227182
     -9.199774        -9.171650        -9.161720        -9.130237        -9.122783
     -9.119168        -9.109941        -9.096879        -9.083251        -9.072171
     -9.067781        -9.064968        -9.052565        -9.050048        -9.035077
     -9.001854        -8.988511        -8.977097        -8.962672        -8.955392
     -8.927062        -8.921702        -8.911126        -8.902623        -8.882972
     -8.865765        -8.843105        -8.840971        -8.834781        -8.825425
     -8.805663        -8.785499        -8.774254        -8.772101        -8.749469
     -8.741243        -8.730116        -8.723120        -8.700022        -8.688912
     -8.674074        -8.656238        -8.652664        -8.638483        -8.627878
     -8.611851        -8.596133        -8.581719        -8.566971        -8.528150
     -8.486776        -8.479569        -8.472929        -8.443826        -8.419637
     -8.386433        -8.374733        -8.352153        -8.323313        -8.302247
     -8.292836        -8.287864        -8.280099        -8.257631        -8.254280
     -8.250593        -8.234155        -8.189951        -8.173434        -8.133060
     -8.103325        -8.059599        -8.021028        -8.008245        -7.996561
     -7.966468        -7.963047        -7.924410        -7.891353        -7.845888
     -7.841998        -7.805701        -7.792058        -7.772512        -7.760127
     -7.758209        -7.746145        -7.742370        -7.725715        -7.692837
     -7.665323        -7.659511        -7.638176        -7.604328        -7.582164
     -7.565225        -7.468420        -7.457741        -7.422219        -7.410164
     -7.402531        -7.383998        -7.372974        -7.349831        -7.339016
     -7.324435        -7.275111        -7.268705        -7.245143        -7.230646
     -7.215016        -7.188734        -7.184385        -7.182382        -7.178356
     -7.167230        -7.141740        -7.127323        -7.120226        -7.094144
     -7.090363        -7.075135        -7.032668        -7.022613        -7.014671
     -7.010038        -7.001997        -6.981224        -6.952137        -6.896490
     -6.880506        -6.858444        -6.847977        -6.834769        -6.830252
     -6.820394        -6.806269        -6.794574        -6.785655        -6.755381
     -6.741622        -6.735120        -6.724293        -6.702903        -6.698764
     -6.694444        -6.684206        -6.670193        -6.666109        -6.655656
     -6.643240        -6.627718        -6.593338        -6.590686        -6.588567
     -6.577753        -6.547137        -6.542101        -6.506178        -6.500725
     -6.496685        -6.490885        -6.489248        -6.472175        -6.468707
     -6.457518        -6.446126        -6.437295        -6.429730        -6.416185
     -6.404963        -6.398132        -6.375553        -6.363040        -6.361216
     -6.351129        -6.343099        -6.332923        -6.313317        -6.310396
     -6.299901        -6.294259        -6.291466        -6.276583        -6.252549
     -6.240442        -6.235384        -6.228522        -6.219851        -6.208809
     -6.204888        -6.186054        -6.180162        -6.166739        -6.157944
     -6.150584        -6.138655        -6.132847        -6.117339        -6.114010
     -6.107164        -6.085715        -6.068369        -6.066919        -6.060381
     -6.044160        -6.038984        -6.035907        -6.028752        -6.013923
     -6.010523        -6.000812        -5.994300        -5.984507        -5.982195
     -5.970392        -5.964400        -5.960083        -5.954738        -5.951610
     -5.916243        -5.915422        -5.908184        -5.896841        -5.883551
     -5.875720        -5.873772        -5.869726        -5.864850        -5.856154
     -5.834895        -5.824897        -5.812132        -5.810618        -5.790969
     -5.786160        -5.780544        -5.774500        -5.767023        -5.762990
     -5.760157        -5.754400        -5.745696        -5.734163        -5.733233
     -5.726345        -5.717887        -5.715397        -5.705480        -5.699917
     -5.685006        -5.678047        -5.667591        -5.663911        -5.656418
     -5.653331        -5.649078        -5.637803        -5.633997        -5.628414
     -5.619047        -5.607817        -5.603222        -5.598173        -5.594462
     -5.592672        -5.584782        -5.577043        -5.568299        -5.556726
     -5.550961        -5.547254        -5.542958        -5.535900        -5.532236
     -5.526611        -5.515532        -5.511457        -5.507835        -5.505175
     -5.489880        -5.477468        -5.467183        -5.458975        -5.450447
     -5.445071        -5.434972        -5.427308        -5.424758        -5.419121
     -5.413018        -5.411307        -5.402303        -5.399251        -5.392262
     -5.387249        -5.376549        -5.371176        -5.351623        -5.344802
     -5.335894        -5.332271        -5.329279        -5.318330        -5.309762
     -5.304090        -5.299476        -5.286221        -5.276773        -5.274234
     -5.267496        -5.263073        -5.255477        -5.242509        -5.238896
     -5.235510        -5.228461        -5.226431        -5.218532        -5.212644
     -5.207450        -5.198886        -5.186430        -5.184429        -5.180401
     -5.176138        -5.168792        -5.164700        -5.158642        -5.146872
     -5.143022        -5.139779        -5.130898        -5.121849        -5.120028
     -5.115517        -5.107918        -5.104817        -5.093719        -5.090522
     -5.080905        -5.074802        -5.066796        -5.060912        -5.053109
     -5.047315        -5.044818        -5.037230        -5.036469        -5.024291
     -5.021156        -5.009948        -4.999058        -4.997039        -4.972202
     -4.960092        -4.950251        -4.948830        -4.946124        -4.941165
     -4.929076        -4.925023        -4.922210        -4.917878        -4.915781
     -4.905367        -4.897564        -4.895561        -4.889914        -4.880084
     -4.876333        -4.873828        -4.866450        -4.862154        -4.857271
     -4.852773        -4.847160        -4.843599        -4.833572        -4.824252
     -4.819301        -4.814834        -4.799877        -4.791062        -4.784454
     -4.777557        -4.772328        -4.767028        -4.760062        -4.748983
     -4.745725        -4.740635        -4.733621        -4.720325        -4.715575
     -4.683481        -4.681702        -4.674376        -4.659778        -4.654660
     -4.644105        -4.634889        -4.626691        -4.610531        -4.607625
     -4.600194        -4.577426        -4.569818        -4.551265        -4.543302
     -4.528425        -4.527065        -4.500190        -4.477350        -4.470790
     -4.464482        -4.456328        -4.448963        -4.418149        -4.402957
     -4.397359        -4.389049        -4.376708        -4.359240        -4.344125
     -4.309395        -4.285722        -4.280581        -4.268009        -4.263126
     -4.255684        -4.246478        -4.229265        -4.225995        -4.220915
     -4.210325        -4.196501        -4.163874        -4.126073        -4.116056
     -4.093959        -4.089169        -4.061761        -4.042280        -4.019662
     -4.003883        -3.937543        -3.917684        -3.899650        -3.865204
     -3.859283        -3.825532        -3.820575        -3.801746        -3.785843
     -3.773479        -3.755322        -3.748591        -3.742388        -3.724905
     -3.701092        -3.685635        -3.659459        -3.623379        -3.602098
     -3.596880        -3.582137        -3.574035        -3.555458        -3.546205
     -3.536235        -3.521425        -3.510957        -3.506372        -3.492356
     -3.490603        -3.474449        -3.451994        -3.442076        -3.432304
     -3.405761        -3.399337        -3.367220        -3.361923        -3.327641
     -3.320006        -3.313425        -3.306072        -3.300969        -3.293558
     -3.287490        -3.275385        -3.268031        -3.257597        -3.237223
     -3.227653        -3.222718        -3.220140        -3.208504        -3.186886
     -3.168864        -3.112347        -3.110223        -3.099875        -3.093421
     -3.089068        -3.069665        -3.045679        -3.040924        -3.015493
     -2.974779        -2.971637        -2.929023        -2.928947        -2.918885
     -2.891277        -2.881341        -2.844177        -2.838900        -2.812596
     -2.805328        -2.761962        -2.732297        -2.726128        -2.716172
     -2.698023        -2.686255        -2.649106        -2.648119        -2.622586
     -2.577709        -2.563257        -2.546568        -2.533354        -2.499267
     -2.460664        -2.439347        -2.410804        -2.372914        -2.349930
     -2.322226        -2.305552        -2.282920        -2.267590        -2.262597
     -2.218757        -2.198265        -2.164403        -2.076370        -2.072784
     -2.054133        -1.964596        -1.936420        -1.887001        -1.811100
      2.476828         2.729643         2.841709         2.863467         2.950755
      3.029854         3.084195         3.114532         3.167246         3.224143
      3.355107         3.411416         3.436285         3.477986         3.505906
      3.535082         3.564902         3.661324         3.668434         3.717834
      3.744703         3.785968         3.809664         3.851555         3.883223
      3.888559         3.910281         3.940061         3.970111         4.007796
      4.047630         4.070758         4.079448         4.088928         4.115022
      4.132704         4.163597         4.186149         4.192614         4.218458
      4.232907         4.257374         4.292375         4.296595         4.318110
      4.321190         4.343058         4.385435         4.405626         4.439847
      4.448598         4.488960         4.519683         4.540386         4.574445
      4.598196         4.622294         4.655339
 *********************************
 total computation time (sec)=   1996.50289893150     
