           4           1
 PRECISION  = SINGLE     
 JOB       = SCF
 IN.PSP1   = /home/sabs/shenjie/Pseudopotential/Li.nc.pbe.UPF
 IN.PSP2   = /home/sabs/shenjie/Pseudopotential/C.nc.pbe.UPF
 IN.PSP3   = /home/sabs/shenjie/Pseudopotential/O.nc.pbe.UPF
 IN.PSP4   = /home/sabs/shenjie/Pseudopotential/N.nc.pbe.UPF
 IN.PSP5   = /home/sabs/shenjie/Pseudopotential/S.nc.pbe.UPF
 IN.PSP6   = /home/sabs/shenjie/Pseudopotential/F.nc.pbe.UPF
 IN.PSP7   = /home/sabs/shenjie/Pseudopotential/H.nc.pbe.UPF
 IN.PSP8   = /home/sabs/shenjie/Pseudopotential/P.nc.pbe.UPF
 IN.ATOM   = atom.config         
 CONVERGENCE  = EASY
 ACCURACY  = NORM
 VFF_DETAIL =   1   500  0.50000000E-02     30.00000     4.00000     0.00000     1.00000  
 EGG_DETAIL =            3           3           3
 SPIN      =   1
 CONSTRAINT_MAG =           0
 RANDOM_SEED=           0
 QIJ_DETAIL =   0  1
 SCF_MIX = CHARGE
 PWSCF_OUTPUT     =  F
 Ecut      =    60.0000000000000     
 Ecut2     =    120.000000000000     
 Ecut2L    =    120.000000000000     
 EcutP    =    60.0000000000000     
 N123      =   120   120   120
 NS123     =    40    40    40
 N123L     =   120   120   120
 STRESS_CORR =   0.100000E+01  0.000000E+00  0.200000E+01  0.000000E+00
 XCFUNCTIONAL = LDA
 HSE_DETAIL    =      1.00000000    1     0.00000000    6 1 1
 RELAX_HSE    =    20   0.50000E-01     2
 VDW       = NONE
 LONDON_S6      =   0.000000000000000E+000
 LONDON_C6(1)      =   -1.00000000000000     
 LONDON_C6(2)      =   -1.00000000000000     
 LONDON_C6(3)      =   -1.00000000000000     
 LONDON_C6(4)      =   -1.00000000000000     
 LONDON_C6(5)      =   -1.00000000000000     
 LONDON_C6(6)      =   -1.00000000000000     
 LONDON_C6(7)      =   -1.00000000000000     
 LONDON_C6(8)      =   -1.00000000000000     
 LONDON_RCUT      =   0.000000000000000E+000
 DFTD3_S6        =   0.000000000000000E+000
 DFTD3_RS6        =   0.000000000000000E+000
 DFTD3_S18        =   0.000000000000000E+000
 DFTD3_RS18        =   0.000000000000000E+000
 DFTD3_ALPHA6        =   0.000000000000000E+000
 DFTD3_VERSION        =            0
 DFTD3_3BODY        =  F
 COULOMB   =    0
 IN.WG     =  F
 OUT.WG    =  F
 IN.RHO    =  F
 OUT.RHOATOM =  F
 OUT.RHO   =  F
 IN.VR     =  F
 OUT.VR    =  F
 OUT.ELF   =  F
 IN.VEXT   =  F
 OUT.VATOM   =  F
 OUT.FORCE =  T
 OUT.STRESS =  F
 IN.KPT    =  F
 IN.SYMM   =  F
 SYMM_PREC =    0.10000E-04
 MP_N123 =      1      1      1      0      0      0      0
 NUM_KPT =            1
 CHARGE_DECOMP = F
 ENERGY_DECOMP = F 
 IN.SOLVENT =  F
 NUM_ELECTRON =   1940.00000000000     
 FIX_FERMI =   F  0.000000E+00  0.000000E+00  0.000000E+00
 IN.NONSCF    =  F
 NUM_BAND  =  1028
 OUT.REAL.RHOWF_SP= 0
 WG_ERROR  =   1.000000000000000E-004
 E_ERROR   =   5.279008887880000E-003
 RHO_ERROR =   5.000000000000000E-005
 RHO_RELATIVE_ERROR      =   0.000000000000000E+000
 FORCE_RELATIVE_ERROR     =   0.000000000000000E+000
 MIN_SCF_ITER     =            1
 SYS_TYPE   =            1
 PULAY_MIX_OPT =     30  1  0       1.00000       0.00000
 PULAY_METRIC_Q0 =       -1.00000
 IN.OCC    =  F          -1
 IN.CC    =  F
 IN.OCC_ADIA    =  F
 SCF_ITER0_1 =    6   4    3    0.0000     0.02500    1
 SCF_ITER0_2 =   94   4    3    1.0000     0.02500    1
 SCF_ITER1_1 =   40   4    3    1.0000     0.02500    1
 NONLOCAL  =  2
 IN.A_FIELD =  F       0.00000       0.00000       0.00000
 RCUT      =    4.00000000000000     
 IN.PSP_RCUT1 =   4.00000000000000     
 IN.PSP_RCUT2 =   4.00000000000000     
 IN.PSP_RCUT3 =   4.00000000000000     
 IN.PSP_RCUT4 =   4.00000000000000     
 IN.PSP_RCUT5 =   4.00000000000000     
 IN.PSP_RCUT6 =   4.00000000000000     
 IN.PSP_RCUT7 =   4.00000000000000     
 IN.PSP_RCUT8 =   4.00000000000000     
 MD_VV_SCALE =    100
 LDAU_PSP1   =           -1  2.721138638331097E-009  2.721138638331097E-009  eV
 LDAU_PSP2   =           -1  2.721138638331097E-009  2.721138638331097E-009  eV
 LDAU_PSP3   =           -1  2.721138638331097E-009  2.721138638331097E-009  eV
 LDAU_PSP4   =           -1  2.721138638331097E-009  2.721138638331097E-009  eV
 LDAU_PSP5   =           -1  2.721138638331097E-009  2.721138638331097E-009  eV
 LDAU_PSP6   =           -1  2.721138638331097E-009  2.721138638331097E-009  eV
 LDAU_PSP7   =           -1  2.721138638331097E-009  2.721138638331097E-009  eV
 LDAU_PSP8   =           -1  2.721138638331097E-009  2.721138638331097E-009  eV
 NUM_BLOCKED_PSI=  F
 WF_STORE2DISK  =            0
 NUM_DOS_GRID =         4000
 NMAP_MAX =        50000
 KERK_AMIN =   0.300000000000000     
 KERK_AMIX =   0.400000000000000     
 KERK_AMIX_MAG =   0.800000000000000     
 KERK_BMIX =   0.500000000000000     
 LDAU_MIX =   0.700000000000000     
 PULAY_WEIGHT_SPIN =    1.00000000000000     
 PULAY_WEIGHT_NS =    1.00000000000000     
 OUT.MLMD    =  F
 NUM_MPI_PER_GPU =     1
 FLAG_CYLINDER =            0
 SET_OUT_FERMI_POS =  F           0
 E_FINITE =  F   0.00000E+00   0.00000E+00   0.00000E+00
 MLINE_EIGEN =      1
 
 ------------------------------------------------
 total number of K-point:           1
   0.00000     0.00000    0.00000     1.00000            
 ------------------------------------------------
 
 
 *********************************************
 *********** end of etot.input report ********
 minimum n1,n2,n3 from Ecut2
     118.970      119.148      119.089
 minimum n1L,n2L,n3L from Ecut2L
     118.970      119.148      119.089
 *********************************************
 
 
Weighted average num_of_PW for all kpoint=                       312673.000
 ************************************
 E_Hxc(eV)         49637.3940450579     
 E_ion(eV)        -219538.338104720     
 E_Coul(eV)        77868.4350481411     
 E_Hxc+E_ion(eV)  -169900.944059662     
 NONSCF     1          AVE_STATE_ERROR= 0.5918E+01
 NONSCF     2          AVE_STATE_ERROR= 0.1622E+01
 NONSCF     3          AVE_STATE_ERROR= 0.4983E+00
 NONSCF     4          AVE_STATE_ERROR= 0.9206E-01
 NONSCF     5          AVE_STATE_ERROR= 0.1550E-01
 NONSCF     6          AVE_STATE_ERROR= 0.3105E-02
 iter=   7   ave_lin=  4.0  iCGmth=   3
 Ef(eV)               = -.2067492E+01
 err of ug            = 0.1222E-02
 dv_ave, drho_tot     = 0.0000E+00 0.1227E+00
 E_tot(eV)            = -.13305344086494E+06    -.1331E+06
 -------------------------------------------
 iter=   8   ave_lin=  4.0  iCGmth=   3
 Ef(eV)               = -.4431009E-01
 err of ug            = 0.1073E-01
 dv_ave, drho_tot     = 0.1699E-01 0.7095E-01
 E_tot(eV)            = -.13294929273786E+06    0.1041E+03
 -------------------------------------------
 iter=   9   ave_lin=  4.0  iCGmth=   3
 Ef(eV)               = -.1095754E+01
 err of ug            = 0.6581E-02
 dv_ave, drho_tot     = 0.1344E-01 0.3042E-01
 E_tot(eV)            = -.13291759687222E+06    0.3170E+02
 -------------------------------------------
 iter=  10   ave_lin=  4.0  iCGmth=   3
 Ef(eV)               = -.1051931E+01
 err of ug            = 0.2026E-02
 dv_ave, drho_tot     = 0.6896E-02 0.1049E-01
 E_tot(eV)            = -.13291238140223E+06    0.5215E+01
 -------------------------------------------
 iter=  11   ave_lin=  4.0  iCGmth=   3
 Ef(eV)               = 0.8061834E+00
 err of ug            = 0.5339E-03
 dv_ave, drho_tot     = 0.3035E-02 0.5881E-02
 E_tot(eV)            = -.13291171595599E+06    0.6654E+00
 -------------------------------------------
 iter=  12   ave_lin=  4.0  iCGmth=   3
 Ef(eV)               = 0.5611282E+00
 err of ug            = 0.3046E-03
 dv_ave, drho_tot     = 0.3555E-02 0.3700E-02
 E_tot(eV)            = -.13291117583154E+06    0.5401E+00
 -------------------------------------------
 iter=  13   ave_lin=  4.0  iCGmth=   3
 Ef(eV)               = 0.5926522E+00
 err of ug            = 0.3597E-03
 dv_ave, drho_tot     = 0.4305E-02 0.2889E-02
 E_tot(eV)            = -.13291062718347E+06    0.5486E+00
 -------------------------------------------
 iter=  14   ave_lin=  4.0  iCGmth=   3
 Ef(eV)               = 0.9437670E+00
 err of ug            = 0.3462E-03
 dv_ave, drho_tot     = 0.5869E-02 0.2282E-02
 E_tot(eV)            = -.13291013941234E+06    0.4878E+00
 -------------------------------------------
 iter=  15   ave_lin=  4.0  iCGmth=   3
 Ef(eV)               = 0.1244627E+01
 err of ug            = 0.3632E-03
 dv_ave, drho_tot     = 0.6377E-02 0.1826E-02
 E_tot(eV)            = -.13290981685975E+06    0.3226E+00
 -------------------------------------------
 iter=  16   ave_lin=  4.0  iCGmth=   3
 Ef(eV)               = 0.1441757E+01
 err of ug            = 0.2612E-03
 dv_ave, drho_tot     = 0.4161E-02 0.1392E-02
 E_tot(eV)            = -.13290974371426E+06    0.7315E-01
 -------------------------------------------
 iter=  17   ave_lin=  4.0  iCGmth=   3
 Ef(eV)               = 0.1548626E+01
 err of ug            = 0.2030E-03
 dv_ave, drho_tot     = 0.3630E-02 0.1080E-02
 E_tot(eV)            = -.13290971654824E+06    0.2717E-01
 -------------------------------------------
 iter=  18   ave_lin=  4.0  iCGmth=   3
 Ef(eV)               = 0.1663421E+01
 err of ug            = 0.1325E-03
 dv_ave, drho_tot     = 0.2865E-02 0.8089E-03
 E_tot(eV)            = -.13290970213861E+06    0.1441E-01
 -------------------------------------------
 iter=  19   ave_lin=  4.0  iCGmth=   3
 Ef(eV)               = 0.1824263E+01
 err of ug            = 0.1133E-03
 dv_ave, drho_tot     = 0.2538E-02 0.6171E-03
 E_tot(eV)            = -.13290968484618E+06    0.1729E-01
 -------------------------------------------
 iter=  20   ave_lin=  4.0  iCGmth=   3
 Ef(eV)               = 0.1933769E+01
 err of ug            = 0.1013E-03
 dv_ave, drho_tot     = 0.2296E-02 0.4628E-03
 E_tot(eV)            = -.13290967123330E+06    0.1361E-01
 -------------------------------------------
 iter=  21   ave_lin=  4.0  iCGmth=   3
 Ef(eV)               = 0.1975258E+01
 err of ug            = 0.6699E-04
 dv_ave, drho_tot     = 0.9782E-03 0.3789E-03
 E_tot(eV)            = -.13290966403991E+06    0.7193E-02
 -------------------------------------------
 iter=  22   ave_lin=  4.0  iCGmth=   3
 Ef(eV)               = 0.1987482E+01
 err of ug            = 0.6009E-04
 dv_ave, drho_tot     = 0.9747E-03 0.3033E-03
 E_tot(eV)            = -.13290965810039E+06    0.5940E-02
 -------------------------------------------
 iter=  23   ave_lin=  4.0  iCGmth=   3
 Ef(eV)               = 0.1997602E+01
 err of ug            = 0.4555E-04
 dv_ave, drho_tot     = 0.7064E-03 0.2558E-03
 E_tot(eV)            = -.13290965513409E+06    0.2966E-02
 -------------------------------------------
 E_Fermi(eV)=   1.99760150645148     
 ---------------------------------------------------
 Ef(eV)               = 0.1997602E+01
 dvE, dvE(n)-dvE(n-1) = 0.4990E-06 -.4510E-06
 dv_ave, drho_tot     = 0.7064E-03 0.2558E-03
 err of ug            = 0.4555E-04
 ---------------------------------------------------
 ending_scf_reason = tol Etot_err  5.279008887880000E-003
 Ewald        = -.42549990585508E+05
 Alpha        = 0.15207970391171E+04
 E_extV       = 0.00000000000000E+00    0.0000E+00
 E_NSC        = -.21275470102014E+05    0.5734E+00
 E[-rho*V_Hxc]= -.12140055840154E+06    -.5704E+00
 E_Hxc        = 0.50795566915845E+05    0.5855E+00
 -TS          = -.86752736266896E-13    -.3157E-13
 E_tot(eV)    = -.13290965513409E+06    0.2966E-02
 E_tot(Ryd)   = -.97686795546840E+04    0.1090E-03
 ---------------------------------------------------
 ---------------------------------------------------
 occup for:      kpt=1,spin=1,m=(totN/2-2,totN/2+2)
   1.000    1.000    1.000    0.000    0.000
 eigen(eV) for:  kpt=1,spin=1,m=(totN/2-2,totN/2+2)
  -2.037   -1.999   -1.792    2.765    2.813
 ---------------------------------------------------
 ---------------------------------------------------
 E_Hart,E_xc,E_ion =0.79532653403127E+05  -.28737086487281E+05  -.22185226202864E+06
 E_Hxc+E_ion       =-.17105669511279E+06
 E_kin+E_nonloc    =0.79176233525091E+05
 E_rhoVext,E_IVext     =0.00000000000000E+00  0.00000000000000E+00
 E_psiV,E_dDrho =-.10045190634795E+06  0.00000000000000E+00
 ave(vtot):v0 =-.77217251784788E+01
 ave(V_ion_s(or p,d))=ave(V_Hatree)=0; ave(Vtot)=ave(V_xc)=v0
 ---------------------------------------------------
 *********************************
 Eigen energies are values after setting ave(Vtot)=0
 For Vtot=V_ion+V_Hartree+V_xc, and
 ave(V_ion+V_Hatree)=0, ave(V_xc).ne.0:  E=E+v0
 *********************************
iislda,kpt=   1,    1      0.000000     0.000000     0.000000             kpoint in xyz unit 
 err of each states, A.U
  0.216676E-04     0.157752E-03     0.403296E-04     0.469475E-04     0.232679E-04
  0.161024E-04     0.169464E-04     0.128394E-04     0.150146E-04     0.185273E-04
  0.282651E-04     0.130672E-04     0.139300E-04     0.140309E-04     0.314564E-04
  0.216301E-04     0.143911E-04     0.170213E-04     0.866514E-04     0.337013E-04
  0.194963E-04     0.257533E-04     0.137018E-04     0.135816E-04     0.131177E-04
  0.164815E-04     0.134368E-04     0.139754E-04     0.192149E-04     0.175868E-04
  0.203507E-04     0.196039E-04     0.277089E-04     0.163952E-04     0.450276E-04
  0.146856E-04     0.137218E-04     0.117647E-04     0.177379E-04     0.445946E-04
  0.200367E-04     0.160362E-04     0.176757E-04     0.206009E-04     0.164689E-04
  0.123804E-04     0.146623E-04     0.145374E-04     0.212192E-04     0.150187E-04
  0.155396E-04     0.342642E-04     0.225272E-04     0.141080E-04     0.345754E-04
  0.236759E-04     0.773902E-04     0.725216E-04     0.221010E-04     0.126524E-04
  0.180431E-04     0.138028E-04     0.567567E-04     0.411949E-04     0.285376E-04
  0.420175E-04     0.144909E-04     0.175485E-04     0.281032E-04     0.222436E-04
  0.146431E-04     0.136726E-04     0.120964E-04     0.126474E-04     0.140288E-04
  0.102255E-04     0.117133E-04     0.255633E-04     0.110774E-04     0.328079E-04
  0.105413E-04     0.112976E-04     0.100356E-04     0.939507E-05     0.126974E-04
  0.159530E-04     0.541039E-04     0.159776E-04     0.992145E-05     0.107003E-04
  0.140602E-04     0.472319E-04     0.166818E-04     0.128826E-04     0.135285E-03
  0.100933E-04     0.618882E-04     0.160904E-04     0.177486E-04     0.120268E-04
  0.103612E-04     0.419837E-04     0.106873E-04     0.119910E-04     0.252093E-04
  0.211993E-04     0.432509E-04     0.124139E-04     0.139219E-04     0.111510E-04
  0.142312E-04     0.376622E-04     0.368291E-04     0.293580E-04     0.119783E-04
  0.207175E-04     0.148299E-04     0.153159E-04     0.212564E-04     0.176887E-04
  0.119300E-04     0.125366E-04     0.111164E-04     0.120752E-04     0.192753E-04
  0.121454E-04     0.107969E-04     0.116579E-04     0.322448E-04     0.182809E-04
  0.153952E-04     0.102753E-04     0.469513E-04     0.149710E-04     0.114522E-04
  0.255926E-04     0.249940E-04     0.145928E-04     0.141082E-04     0.178943E-04
  0.116025E-04     0.208458E-04     0.185515E-04     0.126923E-04     0.164386E-04
  0.349537E-04     0.136791E-04     0.216089E-04     0.157383E-04     0.221115E-04
  0.148078E-04     0.164601E-04     0.356383E-04     0.123151E-04     0.103497E-04
  0.211946E-04     0.136281E-04     0.250254E-04     0.126954E-04     0.127206E-04
  0.138194E-04     0.143714E-04     0.201230E-04     0.481520E-04     0.251812E-04
  0.215550E-04     0.122212E-04     0.109930E-04     0.235145E-04     0.141846E-04
  0.370393E-04     0.193109E-04     0.123671E-04     0.194984E-04     0.113641E-04
  0.168185E-04     0.109391E-04     0.491163E-04     0.227399E-04     0.139233E-04
  0.961076E-05     0.140784E-04     0.205270E-04     0.146650E-04     0.172581E-04
  0.927040E-05     0.124929E-04     0.101171E-04     0.114466E-04     0.982746E-05
  0.228425E-04     0.127529E-04     0.111704E-04     0.105770E-04     0.155258E-04
  0.161430E-04     0.126668E-04     0.147575E-04     0.143689E-04     0.103634E-04
  0.114704E-04     0.197412E-04     0.139903E-04     0.130561E-04     0.330077E-04
  0.158069E-04     0.109449E-04     0.103646E-04     0.173231E-04     0.121086E-04
  0.180522E-04     0.202461E-04     0.134320E-04     0.150700E-04     0.144781E-04
  0.169184E-04     0.163870E-04     0.101307E-04     0.129209E-04     0.108096E-04
  0.126901E-04     0.132046E-04     0.171632E-04     0.131038E-04     0.127319E-04
  0.106558E-04     0.142746E-04     0.123964E-04     0.108971E-04     0.160297E-04
  0.149484E-04     0.123388E-04     0.172268E-04     0.162733E-04     0.116050E-04
  0.105968E-04     0.135825E-04     0.129003E-04     0.151260E-04     0.153193E-04
  0.193889E-04     0.234250E-04     0.126410E-04     0.126258E-04     0.123517E-04
  0.123656E-04     0.137102E-04     0.136762E-04     0.143051E-04     0.131460E-04
  0.178008E-04     0.148593E-04     0.137490E-04     0.132889E-04     0.145433E-04
  0.192834E-04     0.120725E-04     0.103848E-04     0.117323E-04     0.114993E-04
  0.201906E-04     0.190039E-04     0.191545E-04     0.126833E-04     0.122377E-04
  0.211088E-04     0.121273E-04     0.145092E-04     0.142474E-04     0.149738E-04
  0.153863E-04     0.131136E-04     0.133958E-04     0.154549E-04     0.152513E-04
  0.197894E-04     0.331811E-04     0.160747E-04     0.176353E-04     0.206469E-04
  0.192825E-04     0.167898E-04     0.146221E-04     0.162492E-04     0.158107E-04
  0.174446E-04     0.154241E-04     0.128689E-04     0.129276E-04     0.172903E-04
  0.996308E-05     0.290394E-04     0.221200E-04     0.225172E-04     0.131246E-04
  0.245861E-04     0.159541E-04     0.166311E-04     0.142993E-04     0.140393E-04
  0.247827E-04     0.193585E-04     0.131550E-04     0.187411E-04     0.200690E-04
  0.171884E-04     0.160974E-04     0.179835E-04     0.248377E-04     0.184485E-04
  0.191461E-04     0.162665E-04     0.156049E-04     0.277254E-04     0.195219E-04
  0.237886E-04     0.214706E-04     0.206563E-04     0.187292E-04     0.165081E-04
  0.184319E-04     0.228812E-04     0.211393E-04     0.163655E-04     0.222961E-04
  0.231645E-04     0.207968E-04     0.207072E-04     0.277097E-04     0.235063E-04
  0.166479E-04     0.178413E-04     0.227552E-04     0.217347E-04     0.200117E-04
  0.232322E-04     0.301792E-04     0.174096E-04     0.180614E-04     0.148744E-04
  0.256334E-04     0.202021E-04     0.170407E-04     0.170963E-04     0.185226E-04
  0.200466E-04     0.183352E-04     0.201881E-04     0.213901E-04     0.218695E-04
  0.163100E-04     0.195557E-04     0.216064E-04     0.186796E-04     0.235325E-04
  0.206880E-04     0.232521E-04     0.195758E-04     0.215716E-04     0.239860E-04
  0.195316E-04     0.175594E-04     0.182376E-04     0.160551E-04     0.201655E-04
  0.176090E-04     0.190703E-04     0.176304E-04     0.269537E-04     0.205054E-04
  0.179023E-04     0.164893E-04     0.147901E-04     0.185840E-04     0.173425E-04
  0.202109E-04     0.219810E-04     0.196838E-04     0.182348E-04     0.213336E-04
  0.229654E-04     0.235135E-04     0.225564E-04     0.184648E-04     0.227383E-04
  0.222120E-04     0.144614E-04     0.244325E-04     0.272132E-04     0.226385E-04
  0.280406E-04     0.266221E-04     0.157608E-04     0.226930E-04     0.285710E-04
  0.205182E-04     0.234541E-04     0.160860E-04     0.207097E-04     0.173940E-04
  0.211057E-04     0.179831E-04     0.359424E-04     0.276640E-04     0.217066E-04
  0.198846E-04     0.222176E-04     0.214180E-04     0.214021E-04     0.218833E-04
  0.217022E-04     0.269338E-04     0.224510E-04     0.198940E-04     0.225434E-04
  0.300379E-04     0.276145E-04     0.305069E-04     0.248890E-04     0.240660E-04
  0.222561E-04     0.220991E-04     0.280973E-04     0.195428E-04     0.258654E-04
  0.226040E-04     0.316600E-04     0.244390E-04     0.279828E-04     0.339226E-04
  0.264807E-04     0.291313E-04     0.199680E-04     0.334845E-04     0.223862E-04
  0.206927E-04     0.254307E-04     0.264278E-04     0.315259E-04     0.291595E-04
  0.278546E-04     0.183404E-04     0.255022E-04     0.213552E-04     0.286828E-04
  0.275729E-04     0.231016E-04     0.235191E-04     0.217087E-04     0.215390E-04
  0.219205E-04     0.220604E-04     0.207305E-04     0.334506E-04     0.246598E-04
  0.265785E-04     0.352152E-04     0.231422E-04     0.250885E-04     0.208241E-04
  0.207895E-04     0.194377E-04     0.278438E-04     0.316788E-04     0.214136E-04
  0.285707E-04     0.176556E-04     0.265600E-04     0.173487E-04     0.379989E-04
  0.215422E-04     0.226736E-04     0.175626E-04     0.183262E-04     0.215977E-04
  0.239387E-04     0.247840E-04     0.281824E-04     0.299935E-04     0.257753E-04
  0.254135E-04     0.250107E-04     0.367632E-04     0.156187E-04     0.378338E-04
  0.146257E-04     0.199204E-04     0.167414E-04     0.119602E-04     0.172033E-04
  0.168186E-04     0.179160E-04     0.233277E-04     0.176922E-04     0.172860E-04
  0.186074E-04     0.190943E-04     0.193812E-04     0.201309E-04     0.174502E-04
  0.182043E-04     0.201026E-04     0.196360E-04     0.159969E-04     0.186320E-04
  0.180259E-04     0.202367E-04     0.222057E-04     0.192220E-04     0.223726E-04
  0.194609E-04     0.200957E-04     0.233311E-04     0.185111E-04     0.191812E-04
  0.242753E-04     0.197633E-04     0.195441E-04     0.183233E-04     0.183166E-04
  0.168189E-04     0.243091E-04     0.164531E-04     0.223432E-04     0.256258E-04
  0.264292E-04     0.273252E-04     0.183354E-04     0.163223E-04     0.139719E-04
  0.356324E-04     0.201955E-04     0.221140E-04     0.161788E-04     0.141056E-04
  0.231553E-04     0.256947E-04     0.243337E-04     0.205897E-04     0.150121E-04
  0.228182E-04     0.215802E-04     0.243676E-04     0.138081E-04     0.230367E-04
  0.159307E-04     0.297380E-04     0.162066E-04     0.115083E-04     0.159495E-04
  0.199812E-04     0.193484E-04     0.154805E-04     0.192398E-04     0.174277E-04
  0.169773E-04     0.187349E-04     0.188651E-04     0.185465E-04     0.185237E-04
  0.165285E-04     0.197992E-04     0.183173E-04     0.168422E-04     0.228345E-04
  0.225290E-04     0.192767E-04     0.201510E-04     0.179383E-04     0.242391E-04
  0.181561E-04     0.191682E-04     0.177420E-04     0.180089E-04     0.206096E-04
  0.157628E-04     0.216392E-04     0.168399E-04     0.176321E-04     0.167890E-04
  0.179287E-04     0.131383E-04     0.187729E-04     0.181693E-04     0.193751E-04
  0.151919E-04     0.172913E-04     0.189038E-04     0.198414E-04     0.186986E-04
  0.198410E-04     0.180176E-04     0.201050E-04     0.201455E-04     0.184236E-04
  0.235321E-04     0.294067E-04     0.242745E-04     0.163566E-04     0.199394E-04
  0.184309E-04     0.186266E-04     0.208269E-04     0.191246E-04     0.187681E-04
  0.179963E-04     0.194650E-04     0.193155E-04     0.159294E-04     0.178493E-04
  0.185491E-04     0.174622E-04     0.199495E-04     0.183471E-04     0.226850E-04
  0.179112E-04     0.187768E-04     0.191330E-04     0.159005E-04     0.202570E-04
  0.205288E-04     0.194094E-04     0.165311E-04     0.179637E-04     0.237093E-04
  0.191033E-04     0.221806E-04     0.201093E-04     0.187166E-04     0.219734E-04
  0.182767E-04     0.250358E-04     0.202079E-04     0.202313E-04     0.199462E-04
  0.174705E-04     0.174169E-04     0.201681E-04     0.185185E-04     0.171485E-04
  0.186564E-04     0.195934E-04     0.215398E-04     0.176409E-04     0.165473E-04
  0.175521E-04     0.174288E-04     0.189091E-04     0.200738E-04     0.188047E-04
  0.192343E-04     0.210256E-04     0.213379E-04     0.210706E-04     0.196140E-04
  0.207570E-04     0.228739E-04     0.196087E-04     0.192634E-04     0.258212E-04
  0.243082E-04     0.190731E-04     0.189684E-04     0.224670E-04     0.212263E-04
  0.216293E-04     0.199719E-04     0.219405E-04     0.198729E-04     0.225149E-04
  0.203923E-04     0.232585E-04     0.236361E-04     0.222013E-04     0.247078E-04
  0.289032E-04     0.183891E-04     0.224064E-04     0.216599E-04     0.204670E-04
  0.175584E-04     0.242062E-04     0.216957E-04     0.241980E-04     0.216165E-04
  0.257422E-04     0.218712E-04     0.210121E-04     0.227037E-04     0.211642E-04
  0.264780E-04     0.181468E-04     0.235563E-04     0.241777E-04     0.218740E-04
  0.249447E-04     0.218357E-04     0.201975E-04     0.209046E-04     0.192929E-04
  0.222445E-04     0.231577E-04     0.227666E-04     0.226314E-04     0.222493E-04
  0.250527E-04     0.227642E-04     0.196130E-04     0.221237E-04     0.229345E-04
  0.228161E-04     0.210908E-04     0.246910E-04     0.272479E-04     0.220949E-04
  0.217478E-04     0.255842E-04     0.224677E-04     0.247727E-04     0.247424E-04
  0.233835E-04     0.274308E-04     0.207775E-04     0.236462E-04     0.249438E-04
  0.256207E-04     0.219415E-04     0.235301E-04     0.243047E-04     0.213131E-04
  0.207996E-04     0.214651E-04     0.229873E-04     0.238135E-04     0.238081E-04
  0.267199E-04     0.251572E-04     0.237301E-04     0.207304E-04     0.226920E-04
  0.236780E-04     0.197867E-04     0.237281E-04     0.277336E-04     0.220757E-04
  0.221414E-04     0.261855E-04     0.261797E-04     0.325625E-04     0.283895E-04
  0.255467E-04     0.250794E-04     0.239639E-04     0.235348E-04     0.250248E-04
  0.244526E-04     0.273664E-04     0.311169E-04     0.226646E-04     0.268896E-04
  0.283942E-04     0.227323E-04     0.351076E-04     0.286913E-04     0.281394E-04
  0.282562E-04     0.280832E-04     0.274213E-04     0.268974E-04     0.279356E-04
  0.258565E-04     0.267811E-04     0.257870E-04     0.236332E-04     0.241594E-04
  0.295526E-04     0.267183E-04     0.285817E-04     0.277060E-04     0.240158E-04
  0.316288E-04     0.270642E-04     0.290343E-04     0.291607E-04     0.279596E-04
  0.314958E-04     0.265202E-04     0.305324E-04     0.258533E-04     0.297720E-04
  0.271181E-04     0.280564E-04     0.248067E-04     0.278834E-04     0.230344E-04
  0.247673E-04     0.313626E-04     0.272662E-04     0.250520E-04     0.248191E-04
  0.243520E-04     0.273653E-04     0.242263E-04     0.246687E-04     0.276809E-04
  0.254305E-04     0.272994E-04     0.247809E-04     0.301625E-04     0.235529E-04
  0.237880E-04     0.295182E-04     0.240133E-04     0.256167E-04     0.307217E-04
  0.260361E-04     0.259566E-04     0.253036E-04     0.274662E-04     0.332375E-04
  0.204405E-04     0.251006E-04     0.259210E-04     0.267081E-04     0.267230E-04
  0.253619E-04     0.241916E-04     0.317747E-04     0.314616E-04     0.292684E-04
  0.416820E-04     0.201561E-04     0.305846E-04     0.303954E-04     0.226229E-04
  0.244196E-04     0.259531E-04     0.245997E-04     0.250747E-04     0.248193E-04
  0.274734E-04     0.373743E-04     0.258790E-04     0.280313E-04     0.258340E-04
  0.255303E-04     0.277467E-04     0.322398E-04     0.205488E-04     0.300850E-04
  0.289612E-04     0.365761E-04     0.313235E-04     0.275913E-04     0.260083E-04
  0.373344E-04     0.265600E-04     0.297526E-04     0.306504E-04     0.301037E-04
  0.332927E-04     0.325436E-04     0.320860E-04     0.248393E-04     0.427133E-04
  0.279626E-04     0.303969E-04     0.381482E-04     0.302092E-04     0.403442E-04
  0.326134E-04     0.424249E-04     0.240560E-04     0.259772E-04     0.374585E-04
  0.417901E-04     0.341036E-04     0.433973E-04     0.372713E-04     0.326659E-04
  0.337382E-04     0.375154E-04     0.287057E-04     0.356621E-04     0.367072E-04
  0.425907E-04     0.273535E-04     0.326334E-04     0.269345E-04     0.242188E-04
  0.313442E-04     0.352719E-04     0.359330E-04     0.295191E-04     0.307836E-04
  0.327173E-04     0.565116E-04     0.256662E-04     0.334045E-04     0.397052E-04
  0.326649E-04     0.356778E-04     0.378888E-04     0.395752E-04     0.355278E-04
  0.411424E-04     0.346233E-04     0.340823E-04     0.340581E-04     0.255602E-04
  0.291039E-04     0.334510E-04     0.416776E-04     0.263756E-04     0.296003E-04
  0.415300E-04     0.269382E-04     0.384959E-04     0.414764E-04     0.432616E-04
  0.326843E-04     0.247869E-04     0.295658E-04     0.538683E-04     0.472542E-04
  0.232840E-04     0.298584E-04     0.220367E-04     0.319580E-04     0.339365E-04
  0.271038E-04     0.257268E-04     0.311846E-04     0.415795E-04     0.340727E-04
  0.258605E-04     0.240784E-04     0.484683E-04     0.367401E-04     0.369736E-04
  0.581628E-04     0.472990E-04     0.230644E-04     0.254477E-04     0.297483E-04
  0.364283E-04     0.323926E-04     0.262972E-04     0.220044E-04     0.291086E-04
  0.232550E-04     0.253869E-04     0.178120E-04     0.358803E-04     0.351895E-04
  0.210124E-04     0.239666E-04     0.234758E-04     0.303135E-04     0.381092E-04
  0.355767E-04     0.327471E-04     0.168725E-04     0.387240E-04     0.454975E-04
  0.331441E-04     0.363198E-04     0.300327E-04     0.236075E-04     0.237120E-04
  0.127511E-03     0.770234E-04     0.965454E-04     0.994209E-04     0.192389E-03
  0.146437E-03     0.221797E-03     0.177276E-03     0.146299E-03     0.386050E-03
  0.187135E-03     0.360842E-03     0.508623E-03     0.563347E-03     0.588490E-03
  0.739087E-03     0.811683E-03     0.518166E-03     0.678987E-03     0.109999E-02
  0.181179E-02     0.728370E-03     0.172175E-02     0.806450E-03     0.943084E-03
  0.206030E-02     0.168503E-02     0.167972E-02     0.283885E-02     0.245603E-02
  0.349952E-02     0.195885E-02     0.254663E-02     0.239101E-02     0.298163E-02
  0.387837E-02     0.396986E-02     0.392713E-02     0.306397E-02     0.441710E-02
  0.474970E-02     0.486063E-02     0.329380E-02     0.645416E-02     0.396686E-02
  0.482001E-02     0.610200E-02     0.708917E-02     0.649477E-02     0.684516E-02
  0.633972E-02     0.889001E-02     0.802540E-02     0.122523E-01     0.918489E-02
  0.781904E-02     0.120863E-01     0.114515E-01
 eigen energies, in eV 
    -44.347923       -44.330136       -44.280960       -44.279274       -43.888489
    -28.259576       -28.224028       -28.033803       -28.001348       -27.964110
    -27.962542       -27.890544       -27.869484       -27.867790       -27.843317
    -27.829909       -27.815143       -27.803901       -27.758549       -27.750013
    -27.679285       -27.650064       -27.649361       -27.620650       -27.571809
    -27.563536       -27.538616       -27.514487       -27.485285       -27.460419
    -27.457239       -27.451469       -27.437794       -27.420556       -27.384333
    -27.383867       -27.381811       -27.367453       -27.298753       -27.285040
    -27.257564       -27.254398       -27.247544       -27.197950       -27.181590
    -27.170008       -27.164732       -27.072720       -27.060119       -27.050762
    -27.039985       -27.026095       -27.018168       -26.984844       -26.969453
    -26.914934       -26.907345       -26.903118       -26.867598       -26.856993
    -26.847568       -26.784438       -26.769943       -26.710958       -26.668553
    -26.630951       -26.627474       -26.586318       -26.571914       -26.548361
    -26.499824       -26.428912       -26.391080       -26.354829       -26.321006
    -26.295857       -26.215836       -26.207538       -26.202192       -26.178487
    -26.174159       -26.108351       -26.103475       -26.083641       -26.069216
    -26.051730       -26.033323       -26.013651       -25.980362       -25.966238
    -25.964142       -25.934655       -25.930202       -25.923814       -25.869124
    -25.863099       -25.833758       -25.824512       -25.802157       -25.787716
    -25.767875       -25.762098       -25.724345       -25.701931       -25.699821
    -25.698133       -25.688914       -25.686559       -25.667278       -25.646391
    -25.630434       -25.629887       -25.606463       -25.597325       -25.540788
    -25.472333       -25.457271       -25.446944       -25.445012       -25.442879
    -25.439922       -25.410018       -25.394437       -25.365937       -25.364564
    -25.356913       -25.349858       -25.342161       -25.312002       -25.275629
    -25.245896       -25.183818       -25.166764       -25.159720       -25.093027
    -23.955599       -23.700580       -23.582971       -23.497519       -23.491354
    -23.482856       -23.470918       -23.467888       -23.436188       -23.433979
    -23.390355       -23.375821       -23.365347       -23.355710       -23.319489
    -23.297506       -23.243486       -23.223566       -23.196849       -23.116587
    -23.111243       -23.102549       -23.095654       -23.049329       -22.998552
    -22.983342       -22.937616       -22.926178       -22.902249       -22.899047
    -22.893612       -22.821119       -22.812143       -22.638527       -22.440439
    -21.743002       -21.674655       -21.412334       -21.374691       -21.299207
    -21.235601       -21.219653       -21.190984       -21.155553       -21.133679
    -21.115935       -21.081622       -21.071827       -21.057790       -21.047486
    -20.986033       -20.889994       -20.778549       -20.774992       -20.550281
    -18.486090       -18.375470       -18.345530       -18.196535       -18.080620
    -16.325082       -16.275099       -16.169914       -16.102450       -16.093020
    -16.084420       -16.083458       -16.029484       -15.905829       -15.847958
    -15.843862       -15.808504       -15.782829       -15.633573       -15.488166
    -15.000921       -15.000340       -14.987885       -14.970560       -14.816224
    -14.801799       -14.774604       -14.733377       -14.703618       -14.683154
    -14.661881       -14.658582       -14.597689       -14.591586       -14.583318
    -14.553940       -14.540283       -14.522207       -14.506602       -14.471905
    -14.425725       -14.381908       -14.340108       -14.161585       -14.132698
    -13.695525       -13.633656       -13.610546       -13.588121       -13.565615
    -13.537050       -13.527333       -13.459963       -13.439448       -13.434620
    -13.427941       -13.410428       -13.406952       -13.406032       -13.379741
    -13.374547       -13.351914       -13.336753       -13.333454       -13.312465
    -13.283700       -13.260495       -13.251223       -13.193605       -13.174164
    -13.170096       -13.158726       -13.154333       -13.105186       -12.793781
    -12.123012       -12.107518       -12.049551       -12.004462       -11.992859
    -11.987644       -11.970090       -11.958470       -11.906451       -11.877435
    -11.844007       -11.837819       -11.766053       -11.725551       -11.660679
    -11.659821       -11.565855       -11.504264       -11.494660       -11.493796
    -11.476308       -11.423125       -11.394894       -11.376527       -11.337054
    -11.320054       -11.244775       -11.209146       -11.205966       -11.112792
    -11.100108       -11.079058       -11.041188       -11.022227       -10.981499
    -10.966067       -10.920675       -10.882189       -10.804680       -10.778278
    -10.698969       -10.665025       -10.597805       -10.550398       -10.549620
    -10.535242       -10.495053       -10.483506       -10.462107       -10.449974
    -10.436278       -10.434608       -10.358894       -10.346836       -10.333378
    -10.317558       -10.314471       -10.297271       -10.289546       -10.283941
    -10.280423       -10.269801       -10.260916       -10.257470       -10.240814
    -10.219408       -10.206161       -10.202135       -10.189627       -10.182267
    -10.169905       -10.151607       -10.142073       -10.138648       -10.127496
    -10.088831       -10.074687       -10.044273       -10.035530       -10.030116
    -10.026665       -10.000462        -9.969952        -9.951880        -9.931142
     -9.926133        -9.921903        -9.914134        -9.906605        -9.893012
     -9.879003        -9.876221        -9.864534        -9.854105        -9.835501
     -9.814595        -9.799449        -9.788220        -9.784022        -9.776130
     -9.763436        -9.711575        -9.691554        -9.684553        -9.671192
     -9.666241        -9.664086        -9.654946        -9.641566        -9.627284
     -9.616371        -9.583785        -9.569197        -9.563854        -9.559495
     -9.552818        -9.531295        -9.525060        -9.516043        -9.504431
     -9.498826        -9.491263        -9.476915        -9.460442        -9.448195
     -9.411881        -9.406555        -9.377400        -9.362724        -9.347539
     -9.329726        -9.326303        -9.320839        -9.306507        -9.292844
     -9.289735        -9.260985        -9.258031        -9.223022        -9.197667
     -9.194136        -9.178783        -9.170348        -9.162158        -9.156554
     -9.133190        -9.093769        -9.087146        -9.073678        -9.066507
     -9.050197        -9.047186        -9.034406        -9.032211        -9.013015
     -9.005080        -9.002764        -8.990323        -8.976284        -8.954497
     -8.952856        -8.939151        -8.927694        -8.907433        -8.900985
     -8.887313        -8.882377        -8.873238        -8.864600        -8.837783
     -8.824902        -8.815425        -8.806781        -8.790922        -8.759978
     -8.758371        -8.751124        -8.731795        -8.730405        -8.715460
     -8.710075        -8.687852        -8.675396        -8.665032        -8.657211
     -8.653124        -8.621496        -8.602415        -8.587963        -8.577460
     -8.567982        -8.545325        -8.531963        -8.518196        -8.480050
     -8.463067        -8.460456        -8.399176        -8.388733        -8.369249
     -8.357683        -8.352726        -8.339700        -8.326372        -8.321227
     -8.295705        -8.279419        -8.272566        -8.252193        -8.233221
     -8.228871        -8.208244        -8.188645        -8.182761        -8.175123
     -8.123321        -8.088952        -8.075108        -8.054237        -8.039923
     -8.012561        -7.973043        -7.944415        -7.919278        -7.880720
     -7.863242        -7.835139        -7.831282        -7.820066        -7.804594
     -7.789281        -7.774021        -7.767519        -7.743241        -7.717181
     -7.708958        -7.688714        -7.674119        -7.638294        -7.616667
     -7.560708        -7.542155        -7.537902        -7.489001        -7.486359
     -7.454102        -7.428165        -7.422863        -7.402612        -7.391203
     -7.328483        -7.307910        -7.306135        -7.282799        -7.281268
     -7.262003        -7.247822        -7.227987        -7.225365        -7.143558
     -7.132739        -7.118075        -7.101959        -7.077113        -7.063510
     -7.050754        -7.027301        -7.007495        -6.984190        -6.968342
     -6.957965        -6.948166        -6.930096        -6.920029        -6.915187
     -6.888051        -6.863667        -6.836854        -6.817653        -6.806194
     -6.781562        -6.767966        -6.736815        -6.715928        -6.710878
     -6.707243        -6.689164        -6.668994        -6.662001        -6.650496
     -6.644736        -6.628814        -6.612385        -6.582784        -6.578367
     -6.554878        -6.544263        -6.543047        -6.524079        -6.514121
     -6.496760        -6.472698        -6.463720        -6.462273        -6.449434
     -6.433698        -6.404299        -6.388369        -6.383891        -6.377279
     -6.351169        -6.342293        -6.337845        -6.323931        -6.321112
     -6.311749        -6.287616        -6.276098        -6.271285        -6.265292
     -6.261894        -6.246289        -6.238909        -6.225209        -6.220497
     -6.208979        -6.204561        -6.200448        -6.192602        -6.176125
     -6.170444        -6.162244        -6.151598        -6.143611        -6.136601
     -6.126362        -6.123657        -6.102503        -6.090388        -6.088220
     -6.083058        -6.078105        -6.071588        -6.060668        -6.050947
     -6.043245        -6.035307        -6.027014        -6.021249        -6.016066
     -6.000972        -5.991261        -5.987083        -5.982289        -5.973874
     -5.961350        -5.957805        -5.944868        -5.935578        -5.933608
     -5.929709        -5.917899        -5.911878        -5.899070        -5.885449
     -5.877382        -5.874273        -5.861465        -5.856388        -5.839474
     -5.834116        -5.828678        -5.806687        -5.798087        -5.789371
     -5.784415        -5.775606        -5.771213        -5.767980        -5.755354
     -5.754644        -5.748990        -5.747230        -5.741245        -5.738507
     -5.727285        -5.726138        -5.706973        -5.695231        -5.689838
     -5.682262        -5.672767        -5.667131        -5.656358        -5.644803
     -5.639572        -5.634827        -5.625110        -5.610554        -5.606467
     -5.596060        -5.594204        -5.582546        -5.577533        -5.573489
     -5.563960        -5.560994        -5.556747        -5.550306        -5.544278
     -5.518808        -5.515127        -5.509397        -5.501206        -5.499324
     -5.487073        -5.483032        -5.479469        -5.475407        -5.468965
     -5.466396        -5.462355        -5.455698        -5.446780        -5.440079
     -5.429040        -5.425340        -5.419960        -5.414348        -5.408265
     -5.406973        -5.396625        -5.393160        -5.386278        -5.378563
     -5.370853        -5.370056        -5.359786        -5.354660        -5.347507
     -5.342905        -5.340180        -5.333825        -5.329263        -5.326159
     -5.320562        -5.312280        -5.304322        -5.299802        -5.298755
     -5.296367        -5.288023        -5.278649        -5.262128        -5.250283
     -5.241658        -5.236548        -5.233040        -5.228599        -5.222116
     -5.218667        -5.206384        -5.200407        -5.199411        -5.190865
     -5.187099        -5.179594        -5.178626        -5.164960        -5.163752
     -5.157139        -5.154608        -5.147555        -5.141886        -5.126716
     -5.123560        -5.118438        -5.114126        -5.110416        -5.102728
     -5.088290        -5.084771        -5.077749        -5.076959        -5.069631
     -5.068916        -5.060841        -5.054971        -5.048780        -5.042251
     -5.040814        -5.037613        -5.025087        -5.023157        -5.014731
     -5.008798        -5.005067        -5.001164        -4.991538        -4.977005
     -4.973845        -4.964007        -4.963298        -4.960018        -4.955354
     -4.954085        -4.942301        -4.927682        -4.923613        -4.917133
     -4.912541        -4.907801        -4.900157        -4.894244        -4.888525
     -4.886453        -4.876727        -4.875328        -4.864618        -4.857719
     -4.852615        -4.850735        -4.844708        -4.842111        -4.835152
     -4.820810        -4.814592        -4.809478        -4.804652        -4.798842
     -4.795800        -4.782082        -4.777749        -4.771198        -4.763045
     -4.754045        -4.744428        -4.735545        -4.731429        -4.725957
     -4.715870        -4.707852        -4.707156        -4.699970        -4.698178
     -4.687616        -4.680647        -4.672440        -4.668110        -4.664288
     -4.656091        -4.647568        -4.642376        -4.634394        -4.628967
     -4.613870        -4.605474        -4.590419        -4.583511        -4.567180
     -4.555868        -4.541724        -4.538761        -4.520896        -4.502503
     -4.487687        -4.486557        -4.475063        -4.465086        -4.463606
     -4.451438        -4.424726        -4.407817        -4.396351        -4.382038
     -4.354248        -4.345927        -4.321909        -4.309931        -4.305702
     -4.300186        -4.280594        -4.266849        -4.251076        -4.211096
     -4.205488        -4.193692        -4.140582        -4.129215        -4.111262
     -4.096278        -4.072822        -4.038347        -4.011407        -4.005151
     -3.957043        -3.948183        -3.937679        -3.919689        -3.900446
     -3.856688        -3.852208        -3.848357        -3.833657        -3.815768
     -3.809234        -3.800823        -3.794194        -3.762987        -3.756924
     -3.748399        -3.734074        -3.723538        -3.717215        -3.703063
     -3.691666        -3.677553        -3.673500        -3.657647        -3.640384
     -3.619421        -3.604174        -3.596645        -3.575955        -3.570825
     -3.558577        -3.556011        -3.540203        -3.536614        -3.528290
     -3.525153        -3.514584        -3.507722        -3.481917        -3.464328
     -3.448698        -3.441563        -3.436192        -3.432370        -3.414079
     -3.410229        -3.394457        -3.388034        -3.382929        -3.375461
     -3.362634        -3.360131        -3.345396        -3.326372        -3.317273
     -3.305049        -3.293174        -3.280338        -3.267500        -3.257671
     -3.250305        -3.236567        -3.213368        -3.204534        -3.196748
     -3.189017        -3.171879        -3.151645        -3.084084        -3.070581
     -3.053758        -3.053101        -2.998885        -2.970532        -2.961232
     -2.867770        -2.851274        -2.817229        -2.793502        -2.784550
     -2.743500        -2.706693        -2.701239        -2.660969        -2.636175
     -2.623460        -2.600754        -2.598951        -2.589781        -2.584236
     -2.564886        -2.549167        -2.514916        -2.472127        -2.448906
     -2.357287        -2.322121        -2.313364        -2.280451        -2.277978
     -2.266427        -2.229738        -2.224082        -2.193248        -2.166846
     -2.154559        -2.117986        -2.037422        -1.998593        -1.792067
      2.764764         2.813466         2.890467         2.910848         2.979088
      3.021630         3.103871         3.145481         3.169275         3.255815
      3.268646         3.321369         3.352937         3.385051         3.422589
      3.479122         3.506467         3.538247         3.567850         3.609065
      3.635933         3.648100         3.682902         3.705387         3.742506
      3.761353         3.797869         3.805148         3.821633         3.851195
      3.874421         3.881020         3.890925         3.940274         3.944412
      3.954551         3.989789         4.003744         4.015248         4.022003
      4.039957         4.080436         4.098939         4.105269         4.114954
      4.144803         4.166405         4.184965         4.194535         4.250018
      4.257154         4.276912         4.304605         4.319619         4.373564
      4.401038         4.457620         4.498952
 *********************************
 total computation time (sec)=   1997.33333492279     
