 AEM_Eatom=  0.137730199181314     
 AEM_Egroup=  7.102729726538899E-003
 AEM_Etot=  1.077872977772220E-003
 AEM_F=  0.505149253917990     
