 AEM_Eatom=  4.145597504186194E-002
 AEM_Egroup=  6.942724178805147E-003
 AEM_Etot=  6.746204696195977E-004
 AEM_F=  0.501571219858548     
