 AEM_Eatom=  1.283832288926045E-002
 AEM_Egroup=  1.668502067510094E-003
 AEM_Etot=  2.268299795838235E-003
 AEM_F=  0.503366123714496     
