           4           1
 PRECISION  = SINGLE     
 JOB       = SCF
 IN.PSP1   = /home/sabs/shenjie/Pseudopotential/Li.nc.pbe.UPF
 IN.PSP2   = /home/sabs/shenjie/Pseudopotential/C.nc.pbe.UPF
 IN.PSP3   = /home/sabs/shenjie/Pseudopotential/O.nc.pbe.UPF
 IN.PSP4   = /home/sabs/shenjie/Pseudopotential/N.nc.pbe.UPF
 IN.PSP5   = /home/sabs/shenjie/Pseudopotential/S.nc.pbe.UPF
 IN.PSP6   = /home/sabs/shenjie/Pseudopotential/F.nc.pbe.UPF
 IN.PSP7   = /home/sabs/shenjie/Pseudopotential/H.nc.pbe.UPF
 IN.PSP8   = /home/sabs/shenjie/Pseudopotential/P.nc.pbe.UPF
 IN.ATOM   = atom.config         
 CONVERGENCE  = EASY
 ACCURACY  = NORM
 VFF_DETAIL =   1   500  0.50000000E-02     30.00000     4.00000     0.00000     1.00000  
 EGG_DETAIL =            3           3           3
 SPIN      =   1
 CONSTRAINT_MAG =           0
 RANDOM_SEED=           0
 QIJ_DETAIL =   0  1
 SCF_MIX = CHARGE
 PWSCF_OUTPUT     =  F
 Ecut      =    60.0000000000000     
 Ecut2     =    120.000000000000     
 Ecut2L    =    120.000000000000     
 EcutP    =    60.0000000000000     
 N123      =   120   120   120
 NS123     =    40    40    40
 N123L     =   120   120   120
 STRESS_CORR =   0.100000E+01  0.000000E+00  0.200000E+01  0.000000E+00
 XCFUNCTIONAL = LDA
 HSE_DETAIL    =      1.00000000    1     0.00000000    6 1 1
 RELAX_HSE    =    20   0.50000E-01     2
 VDW       = NONE
 LONDON_S6      =   0.000000000000000E+000
 LONDON_C6(1)      =   -1.00000000000000     
 LONDON_C6(2)      =   -1.00000000000000     
 LONDON_C6(3)      =   -1.00000000000000     
 LONDON_C6(4)      =   -1.00000000000000     
 LONDON_C6(5)      =   -1.00000000000000     
 LONDON_C6(6)      =   -1.00000000000000     
 LONDON_C6(7)      =   -1.00000000000000     
 LONDON_C6(8)      =   -1.00000000000000     
 LONDON_RCUT      =   0.000000000000000E+000
 DFTD3_S6        =   0.000000000000000E+000
 DFTD3_RS6        =   0.000000000000000E+000
 DFTD3_S18        =   0.000000000000000E+000
 DFTD3_RS18        =   0.000000000000000E+000
 DFTD3_ALPHA6        =   0.000000000000000E+000
 DFTD3_VERSION        =            0
 DFTD3_3BODY        =  F
 COULOMB   =    0
 IN.WG     =  F
 OUT.WG    =  F
 IN.RHO    =  F
 OUT.RHOATOM =  F
 OUT.RHO   =  F
 IN.VR     =  F
 OUT.VR    =  F
 OUT.ELF   =  F
 IN.VEXT   =  F
 OUT.VATOM   =  F
 OUT.FORCE =  T
 OUT.STRESS =  F
 IN.KPT    =  F
 IN.SYMM   =  F
 SYMM_PREC =    0.10000E-04
 MP_N123 =      1      1      1      0      0      0      0
 NUM_KPT =            1
 CHARGE_DECOMP = F
 ENERGY_DECOMP = F 
 IN.SOLVENT =  F
 NUM_ELECTRON =   1940.00000000000     
 FIX_FERMI =   F  0.000000E+00  0.000000E+00  0.000000E+00
 IN.NONSCF    =  F
 NUM_BAND  =  1028
 OUT.REAL.RHOWF_SP= 0
 WG_ERROR  =   1.000000000000000E-004
 E_ERROR   =   5.279008887880000E-003
 RHO_ERROR =   5.000000000000000E-005
 RHO_RELATIVE_ERROR      =   0.000000000000000E+000
 FORCE_RELATIVE_ERROR     =   0.000000000000000E+000
 MIN_SCF_ITER     =            1
 SYS_TYPE   =            1
 PULAY_MIX_OPT =     30  1  0       1.00000       0.00000
 PULAY_METRIC_Q0 =       -1.00000
 IN.OCC    =  F          -1
 IN.CC    =  F
 IN.OCC_ADIA    =  F
 SCF_ITER0_1 =    6   4    3    0.0000     0.02500    1
 SCF_ITER0_2 =   94   4    3    1.0000     0.02500    1
 SCF_ITER1_1 =   40   4    3    1.0000     0.02500    1
 NONLOCAL  =  2
 IN.A_FIELD =  F       0.00000       0.00000       0.00000
 RCUT      =    4.00000000000000     
 IN.PSP_RCUT1 =   4.00000000000000     
 IN.PSP_RCUT2 =   4.00000000000000     
 IN.PSP_RCUT3 =   4.00000000000000     
 IN.PSP_RCUT4 =   4.00000000000000     
 IN.PSP_RCUT5 =   4.00000000000000     
 IN.PSP_RCUT6 =   4.00000000000000     
 IN.PSP_RCUT7 =   4.00000000000000     
 IN.PSP_RCUT8 =   4.00000000000000     
 MD_VV_SCALE =    100
 LDAU_PSP1   =           -1  2.721138638331097E-009  2.721138638331097E-009  eV
 LDAU_PSP2   =           -1  2.721138638331097E-009  2.721138638331097E-009  eV
 LDAU_PSP3   =           -1  2.721138638331097E-009  2.721138638331097E-009  eV
 LDAU_PSP4   =           -1  2.721138638331097E-009  2.721138638331097E-009  eV
 LDAU_PSP5   =           -1  2.721138638331097E-009  2.721138638331097E-009  eV
 LDAU_PSP6   =           -1  2.721138638331097E-009  2.721138638331097E-009  eV
 LDAU_PSP7   =           -1  2.721138638331097E-009  2.721138638331097E-009  eV
 LDAU_PSP8   =           -1  2.721138638331097E-009  2.721138638331097E-009  eV
 NUM_BLOCKED_PSI=  F
 WF_STORE2DISK  =            0
 NUM_DOS_GRID =         4000
 NMAP_MAX =        50000
 KERK_AMIN =   0.300000000000000     
 KERK_AMIX =   0.400000000000000     
 KERK_AMIX_MAG =   0.800000000000000     
 KERK_BMIX =   0.500000000000000     
 LDAU_MIX =   0.700000000000000     
 PULAY_WEIGHT_SPIN =    1.00000000000000     
 PULAY_WEIGHT_NS =    1.00000000000000     
 OUT.MLMD    =  F
 NUM_MPI_PER_GPU =     1
 FLAG_CYLINDER =            0
 SET_OUT_FERMI_POS =  F           0
 E_FINITE =  F   0.00000E+00   0.00000E+00   0.00000E+00
 MLINE_EIGEN =      1
 
 ------------------------------------------------
 total number of K-point:           1
   0.00000     0.00000    0.00000     1.00000            
 ------------------------------------------------
 
 
 *********************************************
 *********** end of etot.input report ********
 minimum n1,n2,n3 from Ecut2
     118.970      119.148      119.089
 minimum n1L,n2L,n3L from Ecut2L
     118.970      119.148      119.089
 *********************************************
 
 
Weighted average num_of_PW for all kpoint=                       312673.000
 ************************************
 E_Hxc(eV)         50855.3166667254     
 E_ion(eV)        -222399.543851864     
 E_Coul(eV)        79137.5428588933     
 E_Hxc+E_ion(eV)  -171544.227185139     
 NONSCF     1          AVE_STATE_ERROR= 0.5919E+01
 NONSCF     2          AVE_STATE_ERROR= 0.1630E+01
 NONSCF     3          AVE_STATE_ERROR= 0.5073E+00
 NONSCF     4          AVE_STATE_ERROR= 0.9469E-01
 NONSCF     5          AVE_STATE_ERROR= 0.1571E-01
 NONSCF     6          AVE_STATE_ERROR= 0.3026E-02
 iter=   7   ave_lin=  4.0  iCGmth=   3
 Ef(eV)               = -.1126863E+01
 err of ug            = 0.1189E-02
 dv_ave, drho_tot     = 0.0000E+00 0.1219E+00
 E_tot(eV)            = -.13304387746102E+06    -.1330E+06
 -------------------------------------------
 iter=   8   ave_lin=  4.0  iCGmth=   3
 Ef(eV)               = -.1232732E+01
 err of ug            = 0.1067E-01
 dv_ave, drho_tot     = 0.1710E-01 0.7037E-01
 E_tot(eV)            = -.13294030749206E+06    0.1036E+03
 -------------------------------------------
 iter=   9   ave_lin=  4.0  iCGmth=   3
 Ef(eV)               = -.8632957E+00
 err of ug            = 0.6537E-02
 dv_ave, drho_tot     = 0.1357E-01 0.3040E-01
 E_tot(eV)            = -.13290860102451E+06    0.3171E+02
 -------------------------------------------
 iter=  10   ave_lin=  4.0  iCGmth=   3
 Ef(eV)               = -.7929776E+00
 err of ug            = 0.2088E-02
 dv_ave, drho_tot     = 0.6939E-02 0.1057E-01
 E_tot(eV)            = -.13290324583436E+06    0.5355E+01
 -------------------------------------------
 iter=  11   ave_lin=  4.0  iCGmth=   3
 Ef(eV)               = -.7560783E+00
 err of ug            = 0.5474E-03
 dv_ave, drho_tot     = 0.3006E-02 0.6006E-02
 E_tot(eV)            = -.13290258405667E+06    0.6618E+00
 -------------------------------------------
 iter=  12   ave_lin=  4.0  iCGmth=   3
 Ef(eV)               = -.7271451E+00
 err of ug            = 0.3146E-03
 dv_ave, drho_tot     = 0.3527E-02 0.3650E-02
 E_tot(eV)            = -.13290206160323E+06    0.5225E+00
 -------------------------------------------
 iter=  13   ave_lin=  4.0  iCGmth=   3
 Ef(eV)               = -.6806989E+00
 err of ug            = 0.3555E-03
 dv_ave, drho_tot     = 0.3962E-02 0.2832E-02
 E_tot(eV)            = -.13290157231360E+06    0.4893E+00
 -------------------------------------------
 iter=  14   ave_lin=  4.0  iCGmth=   3
 Ef(eV)               = -.6275891E+00
 err of ug            = 0.3356E-03
 dv_ave, drho_tot     = 0.5429E-02 0.2243E-02
 E_tot(eV)            = -.13290112303520E+06    0.4493E+00
 -------------------------------------------
 iter=  15   ave_lin=  4.0  iCGmth=   3
 Ef(eV)               = -.4744087E+00
 err of ug            = 0.3469E-03
 dv_ave, drho_tot     = 0.6209E-02 0.1794E-02
 E_tot(eV)            = -.13290080767405E+06    0.3154E+00
 -------------------------------------------
 iter=  16   ave_lin=  4.0  iCGmth=   3
 Ef(eV)               = -.4284137E+00
 err of ug            = 0.2584E-03
 dv_ave, drho_tot     = 0.4282E-02 0.1366E-02
 E_tot(eV)            = -.13290072299422E+06    0.8468E-01
 -------------------------------------------
 iter=  17   ave_lin=  4.0  iCGmth=   3
 Ef(eV)               = -.3847801E+00
 err of ug            = 0.1963E-03
 dv_ave, drho_tot     = 0.3639E-02 0.1055E-02
 E_tot(eV)            = -.13290069125931E+06    0.3173E-01
 -------------------------------------------
 iter=  18   ave_lin=  4.0  iCGmth=   3
 Ef(eV)               = -.3619825E+00
 err of ug            = 0.1275E-03
 dv_ave, drho_tot     = 0.2798E-02 0.7855E-03
 E_tot(eV)            = -.13290067440389E+06    0.1686E-01
 -------------------------------------------
 iter=  19   ave_lin=  4.0  iCGmth=   3
 Ef(eV)               = -.3213843E+00
 err of ug            = 0.1072E-03
 dv_ave, drho_tot     = 0.2378E-02 0.5974E-03
 E_tot(eV)            = -.13290065736027E+06    0.1704E-01
 -------------------------------------------
 iter=  20   ave_lin=  4.0  iCGmth=   3
 Ef(eV)               = -.2858117E+00
 err of ug            = 0.9392E-04
 dv_ave, drho_tot     = 0.2319E-02 0.4519E-03
 E_tot(eV)            = -.13290064509349E+06    0.1227E-01
 -------------------------------------------
 iter=  21   ave_lin=  4.0  iCGmth=   3
 Ef(eV)               = -.2663496E+00
 err of ug            = 0.6524E-04
 dv_ave, drho_tot     = 0.1088E-02 0.3740E-03
 E_tot(eV)            = -.13290063756816E+06    0.7525E-02
 -------------------------------------------
 iter=  22   ave_lin=  4.0  iCGmth=   3
 Ef(eV)               = -.2711348E+00
 err of ug            = 0.6333E-04
 dv_ave, drho_tot     = 0.1065E-02 0.3042E-03
 E_tot(eV)            = -.13290063103453E+06    0.6534E-02
 -------------------------------------------
 iter=  23   ave_lin=  4.0  iCGmth=   3
 Ef(eV)               = -.2901290E+00
 err of ug            = 0.5419E-04
 dv_ave, drho_tot     = 0.8696E-03 0.2466E-03
 E_tot(eV)            = -.13290062758823E+06    0.3446E-02
 -------------------------------------------
 E_Fermi(eV)= -0.290128997158003     
 ---------------------------------------------------
 Ef(eV)               = -.2901290E+00
 dvE, dvE(n)-dvE(n-1) = 0.7563E-06 -.3786E-06
 dv_ave, drho_tot     = 0.8696E-03 0.2466E-03
 err of ug            = 0.5419E-04
 ---------------------------------------------------
 ending_scf_reason = tol Etot_err  5.279008887880000E-003
 Ewald        = -.41034788826869E+05
 Alpha        = 0.15207970391171E+04
 E_extV       = 0.00000000000000E+00    0.0000E+00
 E_NSC        = -.21466468284379E+05    0.6927E+00
 E[-rho*V_Hxc]= -.12398752108555E+06    -.6892E+00
 E_Hxc        = 0.52067353569452E+05    0.7029E+00
 -TS          = -.35505862133968E-26    0.0000E+00
 E_tot(eV)    = -.13290062758823E+06    0.3446E-02
 E_tot(Ryd)   = -.97680160422958E+04    0.1266E-03
 ---------------------------------------------------
 ---------------------------------------------------
 occup for:      kpt=1,spin=1,m=(totN/2-2,totN/2+2)
   1.000    1.000    1.000    0.000    0.000
 eigen(eV) for:  kpt=1,spin=1,m=(totN/2-2,totN/2+2)
  -1.931   -1.834   -1.708    2.374    2.517
 ---------------------------------------------------
 ---------------------------------------------------
 E_Hart,E_xc,E_ion =0.80868297057828E+05  -.28800943488376E+05  -.22485104797764E+06
 E_Hxc+E_ion       =-.17278369440819E+06
 E_kin+E_nonloc    =0.79397058607710E+05
 E_rhoVext,E_IVext     =0.00000000000000E+00  0.00000000000000E+00
 E_psiV,E_dDrho =-.10086369613744E+06  0.00000000000000E+00
 ave(vtot):v0 =-.77014093884082E+01
 ave(V_ion_s(or p,d))=ave(V_Hatree)=0; ave(Vtot)=ave(V_xc)=v0
 ---------------------------------------------------
 *********************************
 Eigen energies are values after setting ave(Vtot)=0
 For Vtot=V_ion+V_Hartree+V_xc, and
 ave(V_ion+V_Hatree)=0, ave(V_xc).ne.0:  E=E+v0
 *********************************
iislda,kpt=   1,    1      0.000000     0.000000     0.000000             kpoint in xyz unit 
 err of each states, A.U
  0.223332E-03     0.246338E-04     0.996782E-04     0.228163E-04     0.397198E-04
  0.528206E-04     0.326501E-04     0.246825E-04     0.176921E-04     0.201943E-04
  0.215865E-04     0.303009E-04     0.390842E-04     0.262576E-04     0.150799E-04
  0.846603E-04     0.198408E-04     0.150843E-04     0.142707E-04     0.154096E-04
  0.217718E-04     0.153482E-04     0.252676E-04     0.157042E-04     0.244510E-04
  0.150756E-04     0.372589E-04     0.250016E-04     0.220112E-04     0.533476E-04
  0.163833E-04     0.312289E-04     0.535573E-04     0.647275E-04     0.138229E-04
  0.203901E-04     0.136079E-04     0.186460E-04     0.195572E-04     0.236811E-04
  0.227539E-04     0.234144E-04     0.948966E-04     0.115546E-04     0.142086E-03
  0.567198E-04     0.457079E-04     0.115494E-04     0.144922E-04     0.757557E-04
  0.150408E-04     0.160748E-04     0.571691E-04     0.155447E-04     0.199640E-04
  0.177508E-04     0.359496E-04     0.101962E-03     0.187539E-04     0.149529E-04
  0.220326E-04     0.175013E-04     0.155832E-04     0.392609E-04     0.170753E-04
  0.240725E-04     0.140192E-04     0.172414E-04     0.180374E-04     0.189540E-04
  0.144372E-04     0.224482E-04     0.389634E-04     0.120143E-04     0.145504E-04
  0.204710E-04     0.111711E-03     0.241315E-04     0.138410E-04     0.151829E-04
  0.119079E-04     0.846222E-04     0.137202E-04     0.122527E-04     0.173439E-04
  0.163448E-04     0.340802E-04     0.132304E-04     0.128484E-04     0.153144E-04
  0.142007E-04     0.142389E-04     0.305734E-04     0.161095E-04     0.898853E-04
  0.295846E-04     0.132603E-04     0.131456E-04     0.181810E-04     0.158577E-04
  0.949927E-04     0.532226E-04     0.292625E-04     0.146864E-04     0.123330E-04
  0.144942E-04     0.127892E-04     0.182754E-04     0.117710E-04     0.323536E-04
  0.183172E-04     0.206363E-04     0.127652E-04     0.209915E-04     0.148843E-04
  0.295477E-04     0.170403E-04     0.165331E-04     0.101226E-04     0.635393E-04
  0.138763E-04     0.201993E-04     0.140704E-04     0.196447E-04     0.297230E-04
  0.610549E-04     0.134721E-04     0.141777E-04     0.162142E-04     0.165223E-04
  0.169291E-04     0.174857E-04     0.186030E-04     0.117147E-04     0.148089E-04
  0.170861E-04     0.367791E-04     0.522617E-04     0.245638E-04     0.259031E-04
  0.389387E-04     0.317954E-04     0.131394E-04     0.215150E-04     0.127433E-04
  0.176323E-04     0.166284E-04     0.152392E-04     0.171278E-04     0.227198E-04
  0.516732E-04     0.213891E-04     0.180521E-04     0.186430E-04     0.127475E-04
  0.143253E-04     0.290317E-04     0.477430E-04     0.251097E-04     0.319221E-04
  0.196976E-04     0.115972E-04     0.288269E-04     0.289329E-04     0.120554E-04
  0.171170E-04     0.225336E-04     0.243125E-04     0.321071E-04     0.410895E-04
  0.414420E-04     0.261035E-04     0.115372E-04     0.212348E-04     0.573773E-04
  0.170744E-04     0.251300E-04     0.111754E-04     0.262589E-04     0.111950E-04
  0.102648E-04     0.173501E-04     0.107458E-04     0.164712E-04     0.154927E-04
  0.142555E-04     0.190071E-04     0.112213E-04     0.475206E-04     0.113391E-04
  0.122372E-04     0.185167E-04     0.196017E-04     0.260127E-04     0.109177E-04
  0.213726E-04     0.151281E-04     0.119036E-04     0.206594E-04     0.199991E-04
  0.172691E-04     0.116232E-04     0.108454E-04     0.111584E-04     0.224436E-04
  0.244383E-04     0.160940E-04     0.309587E-04     0.310485E-04     0.132255E-04
  0.126184E-04     0.133940E-04     0.138086E-04     0.131114E-04     0.216667E-04
  0.207965E-04     0.243492E-04     0.214781E-04     0.199322E-04     0.177653E-04
  0.165311E-04     0.194111E-04     0.210843E-04     0.143578E-04     0.153831E-04
  0.167972E-04     0.135766E-04     0.198078E-04     0.945290E-05     0.158768E-04
  0.116410E-04     0.194925E-04     0.126442E-04     0.214356E-04     0.126669E-04
  0.128312E-04     0.127711E-04     0.156860E-04     0.140580E-04     0.113650E-04
  0.202694E-04     0.149193E-04     0.202572E-04     0.110528E-04     0.173610E-04
  0.160630E-04     0.214760E-04     0.185990E-04     0.178177E-04     0.248795E-04
  0.141707E-04     0.212409E-04     0.159056E-04     0.120138E-04     0.125354E-04
  0.175322E-04     0.162642E-04     0.268368E-04     0.200027E-04     0.130036E-04
  0.215450E-04     0.159813E-04     0.141760E-04     0.144305E-04     0.175358E-04
  0.164441E-04     0.231344E-04     0.145580E-04     0.288483E-04     0.252539E-04
  0.159975E-04     0.240572E-04     0.150957E-04     0.177090E-04     0.156841E-04
  0.281123E-04     0.152940E-04     0.179640E-04     0.185370E-04     0.336348E-04
  0.232955E-04     0.235804E-04     0.219853E-04     0.224409E-04     0.174929E-04
  0.146719E-04     0.239358E-04     0.248665E-04     0.147818E-04     0.145427E-04
  0.289981E-04     0.282521E-04     0.348734E-04     0.177690E-04     0.191411E-04
  0.195314E-04     0.229460E-04     0.149917E-04     0.214418E-04     0.199363E-04
  0.241065E-04     0.246203E-04     0.182206E-04     0.173670E-04     0.304940E-04
  0.180846E-04     0.195175E-04     0.163090E-04     0.220500E-04     0.164204E-04
  0.253934E-04     0.471309E-04     0.185473E-04     0.193582E-04     0.163032E-04
  0.274708E-04     0.204607E-04     0.244587E-04     0.236633E-04     0.243936E-04
  0.212513E-04     0.283585E-04     0.264272E-04     0.377592E-04     0.322012E-04
  0.237947E-04     0.228481E-04     0.261818E-04     0.251912E-04     0.258230E-04
  0.228328E-04     0.275196E-04     0.213587E-04     0.322004E-04     0.184191E-04
  0.274574E-04     0.193331E-04     0.205709E-04     0.192848E-04     0.287163E-04
  0.214081E-04     0.276732E-04     0.148398E-04     0.258624E-04     0.195689E-04
  0.184805E-04     0.224315E-04     0.202714E-04     0.228690E-04     0.210047E-04
  0.153574E-04     0.214808E-04     0.284550E-04     0.294226E-04     0.266572E-04
  0.247851E-04     0.256852E-04     0.190414E-04     0.248217E-04     0.264749E-04
  0.212398E-04     0.279738E-04     0.221822E-04     0.268492E-04     0.287750E-04
  0.218755E-04     0.194241E-04     0.263823E-04     0.214672E-04     0.236392E-04
  0.244598E-04     0.233767E-04     0.235605E-04     0.244807E-04     0.186879E-04
  0.294201E-04     0.261885E-04     0.307462E-04     0.247831E-04     0.161634E-04
  0.162881E-04     0.199799E-04     0.412249E-04     0.184495E-04     0.218921E-04
  0.320505E-04     0.169789E-04     0.303610E-04     0.224001E-04     0.287813E-04
  0.291906E-04     0.257974E-04     0.247539E-04     0.267247E-04     0.201281E-04
  0.236106E-04     0.226350E-04     0.257246E-04     0.348106E-04     0.275330E-04
  0.288839E-04     0.249896E-04     0.274885E-04     0.384448E-04     0.232373E-04
  0.240295E-04     0.175087E-04     0.185158E-04     0.288760E-04     0.222807E-04
  0.253881E-04     0.238251E-04     0.262716E-04     0.352942E-04     0.254022E-04
  0.253543E-04     0.253292E-04     0.226493E-04     0.266408E-04     0.222084E-04
  0.403684E-04     0.231564E-04     0.266171E-04     0.277893E-04     0.259357E-04
  0.246568E-04     0.302517E-04     0.373564E-04     0.349857E-04     0.286057E-04
  0.304378E-04     0.305630E-04     0.295029E-04     0.222787E-04     0.265875E-04
  0.272957E-04     0.250417E-04     0.254323E-04     0.407317E-04     0.271486E-04
  0.330544E-04     0.316724E-04     0.257082E-04     0.303981E-04     0.468843E-04
  0.361045E-04     0.284351E-04     0.241376E-04     0.305478E-04     0.172540E-04
  0.285314E-04     0.180679E-04     0.262305E-04     0.319257E-04     0.388433E-04
  0.347771E-04     0.324502E-04     0.193480E-04     0.302840E-04     0.243077E-04
  0.294903E-04     0.189535E-04     0.285404E-04     0.219414E-04     0.232595E-04
  0.337209E-04     0.400777E-04     0.172859E-04     0.256077E-04     0.238143E-04
  0.219576E-04     0.221789E-04     0.187082E-04     0.184608E-04     0.264019E-04
  0.336767E-04     0.273041E-04     0.376738E-04     0.261468E-04     0.248068E-04
  0.331309E-04     0.216518E-04     0.196682E-04     0.222723E-04     0.401766E-04
  0.260912E-04     0.278421E-04     0.197909E-04     0.227838E-04     0.226515E-04
  0.171615E-04     0.183722E-04     0.196082E-04     0.178952E-04     0.168421E-04
  0.193198E-04     0.137715E-04     0.190739E-04     0.181325E-04     0.239149E-04
  0.188726E-04     0.168251E-04     0.149499E-04     0.203042E-04     0.217591E-04
  0.216767E-04     0.177963E-04     0.166754E-04     0.188982E-04     0.185247E-04
  0.200080E-04     0.182616E-04     0.195686E-04     0.224998E-04     0.203043E-04
  0.303292E-04     0.324398E-04     0.301143E-04     0.205072E-04     0.176568E-04
  0.200790E-04     0.247511E-04     0.217029E-04     0.217378E-04     0.289322E-04
  0.243708E-04     0.213052E-04     0.137105E-04     0.184325E-04     0.261232E-04
  0.155603E-04     0.204187E-04     0.253555E-04     0.256732E-04     0.266929E-04
  0.157297E-04     0.307377E-04     0.237720E-04     0.302419E-04     0.295984E-04
  0.233125E-04     0.251091E-04     0.283449E-04     0.199385E-04     0.172037E-04
  0.248142E-04     0.200769E-04     0.197826E-04     0.254838E-04     0.227248E-04
  0.240864E-04     0.215363E-04     0.245840E-04     0.225185E-04     0.214793E-04
  0.209900E-04     0.231239E-04     0.257659E-04     0.206417E-04     0.375779E-04
  0.253443E-04     0.266329E-04     0.230105E-04     0.275778E-04     0.188763E-04
  0.197940E-04     0.271849E-04     0.243620E-04     0.209633E-04     0.237824E-04
  0.197778E-04     0.256633E-04     0.244960E-04     0.209884E-04     0.251121E-04
  0.258830E-04     0.247994E-04     0.230384E-04     0.258451E-04     0.227764E-04
  0.255052E-04     0.217493E-04     0.200848E-04     0.191725E-04     0.166264E-04
  0.225126E-04     0.165775E-04     0.155496E-04     0.225416E-04     0.218368E-04
  0.230110E-04     0.180930E-04     0.218218E-04     0.220003E-04     0.194134E-04
  0.242147E-04     0.203122E-04     0.231426E-04     0.239312E-04     0.265611E-04
  0.227406E-04     0.277911E-04     0.210806E-04     0.187347E-04     0.234646E-04
  0.217233E-04     0.273740E-04     0.225196E-04     0.240064E-04     0.192973E-04
  0.225737E-04     0.214836E-04     0.227553E-04     0.229380E-04     0.207505E-04
  0.229479E-04     0.180259E-04     0.210987E-04     0.225469E-04     0.317321E-04
  0.205555E-04     0.246137E-04     0.265216E-04     0.214753E-04     0.208947E-04
  0.270913E-04     0.270882E-04     0.225355E-04     0.181994E-04     0.163587E-04
  0.223941E-04     0.251261E-04     0.227339E-04     0.226138E-04     0.210269E-04
  0.196620E-04     0.221154E-04     0.192115E-04     0.213238E-04     0.211970E-04
  0.207349E-04     0.208975E-04     0.205928E-04     0.205089E-04     0.228866E-04
  0.228296E-04     0.252066E-04     0.244100E-04     0.248074E-04     0.273865E-04
  0.271879E-04     0.250001E-04     0.311928E-04     0.233263E-04     0.241905E-04
  0.272811E-04     0.255375E-04     0.265407E-04     0.260142E-04     0.217579E-04
  0.222664E-04     0.205122E-04     0.246162E-04     0.214283E-04     0.237290E-04
  0.238701E-04     0.317930E-04     0.254545E-04     0.326892E-04     0.237126E-04
  0.214786E-04     0.335374E-04     0.263064E-04     0.264265E-04     0.237912E-04
  0.244264E-04     0.238592E-04     0.280901E-04     0.283066E-04     0.258786E-04
  0.278702E-04     0.308080E-04     0.276942E-04     0.268983E-04     0.277545E-04
  0.258563E-04     0.242747E-04     0.245891E-04     0.296611E-04     0.266089E-04
  0.242018E-04     0.285645E-04     0.253060E-04     0.294815E-04     0.281347E-04
  0.263009E-04     0.226932E-04     0.270951E-04     0.293510E-04     0.247929E-04
  0.268738E-04     0.281787E-04     0.291855E-04     0.295626E-04     0.259782E-04
  0.285291E-04     0.283318E-04     0.285431E-04     0.239955E-04     0.259435E-04
  0.329711E-04     0.324264E-04     0.331582E-04     0.284650E-04     0.283236E-04
  0.340662E-04     0.309088E-04     0.300223E-04     0.309653E-04     0.347779E-04
  0.275298E-04     0.297001E-04     0.347713E-04     0.326107E-04     0.321343E-04
  0.310290E-04     0.297058E-04     0.286431E-04     0.279553E-04     0.266345E-04
  0.244773E-04     0.278785E-04     0.273146E-04     0.267758E-04     0.271746E-04
  0.341113E-04     0.243800E-04     0.303749E-04     0.285115E-04     0.327589E-04
  0.307297E-04     0.312763E-04     0.291472E-04     0.324223E-04     0.333986E-04
  0.329543E-04     0.310882E-04     0.354373E-04     0.401098E-04     0.359687E-04
  0.311347E-04     0.350449E-04     0.331078E-04     0.428192E-04     0.323699E-04
  0.292230E-04     0.269052E-04     0.343655E-04     0.298828E-04     0.272399E-04
  0.263268E-04     0.312096E-04     0.301871E-04     0.410064E-04     0.302517E-04
  0.296981E-04     0.392429E-04     0.337402E-04     0.336945E-04     0.298529E-04
  0.453110E-04     0.325932E-04     0.304607E-04     0.339156E-04     0.283925E-04
  0.417207E-04     0.280035E-04     0.363348E-04     0.302662E-04     0.271242E-04
  0.323349E-04     0.311011E-04     0.338598E-04     0.297327E-04     0.354392E-04
  0.313442E-04     0.302113E-04     0.289971E-04     0.240738E-04     0.396124E-04
  0.315206E-04     0.296848E-04     0.274472E-04     0.248970E-04     0.271973E-04
  0.290796E-04     0.294226E-04     0.268285E-04     0.313462E-04     0.382479E-04
  0.298609E-04     0.297165E-04     0.287874E-04     0.262067E-04     0.247140E-04
  0.248836E-04     0.396512E-04     0.237558E-04     0.284107E-04     0.342373E-04
  0.214951E-04     0.222200E-04     0.246374E-04     0.301600E-04     0.335823E-04
  0.278144E-04     0.302843E-04     0.429527E-04     0.317476E-04     0.286740E-04
  0.309143E-04     0.370565E-04     0.324067E-04     0.302980E-04     0.307450E-04
  0.329877E-04     0.318641E-04     0.308512E-04     0.370088E-04     0.379547E-04
  0.307602E-04     0.320617E-04     0.350704E-04     0.347410E-04     0.255770E-04
  0.502568E-04     0.529546E-04     0.301555E-04     0.382549E-04     0.379789E-04
  0.389645E-04     0.345504E-04     0.298865E-04     0.237682E-04     0.314840E-04
  0.310349E-04     0.288910E-04     0.227087E-04     0.263145E-04     0.291238E-04
  0.334462E-04     0.317881E-04     0.409266E-04     0.376682E-04     0.297765E-04
  0.321271E-04     0.380193E-04     0.287905E-04     0.312062E-04     0.342585E-04
  0.290704E-04     0.305620E-04     0.358988E-04     0.269004E-04     0.405561E-04
  0.566321E-04     0.339617E-04     0.357190E-04     0.241354E-04     0.369338E-04
  0.326492E-04     0.408409E-04     0.270145E-04     0.323185E-04     0.302672E-04
  0.338122E-04     0.524425E-04     0.438437E-04     0.323461E-04     0.607830E-04
  0.355386E-04     0.679224E-04     0.567637E-04     0.378716E-04     0.371149E-04
  0.392016E-04     0.448538E-04     0.450788E-04     0.291633E-04     0.370327E-04
  0.321928E-04     0.461337E-04     0.375319E-04     0.320073E-04     0.436836E-04
  0.369131E-04     0.420714E-04     0.421348E-04     0.435526E-04     0.331641E-04
  0.389846E-04     0.488130E-04     0.416692E-04     0.327859E-04     0.724339E-04
  0.276030E-04     0.473579E-04     0.248722E-04     0.652670E-04     0.305964E-04
  0.293316E-04     0.300970E-04     0.367330E-04     0.312354E-04     0.369686E-04
  0.296303E-04     0.241946E-04     0.502048E-04     0.465864E-04     0.558008E-04
  0.434058E-04     0.280924E-04     0.321365E-04     0.404078E-04     0.297803E-04
  0.376343E-04     0.384792E-04     0.312299E-04     0.328335E-04     0.241792E-04
  0.347681E-04     0.448930E-04     0.679235E-04     0.358149E-04     0.402618E-04
  0.354482E-04     0.632620E-04     0.395588E-04     0.376624E-04     0.351725E-04
  0.319067E-04     0.439163E-04     0.362752E-04     0.341947E-04     0.331012E-04
  0.340018E-04     0.258604E-04     0.394315E-04     0.366383E-04     0.424788E-04
  0.335747E-04     0.329230E-04     0.352025E-04     0.372062E-04     0.386474E-04
  0.249831E-04     0.422598E-04     0.304213E-04     0.468106E-04     0.438690E-04
  0.389764E-04     0.424344E-04     0.549970E-04     0.448739E-04     0.167885E-04
  0.274255E-04     0.337110E-04     0.367489E-04     0.425096E-04     0.235157E-04
  0.599590E-04     0.111118E-03     0.992124E-04     0.143754E-03     0.222395E-03
  0.107002E-03     0.182372E-03     0.146600E-03     0.317666E-03     0.141206E-03
  0.164198E-03     0.399386E-03     0.377705E-03     0.380424E-03     0.425994E-03
  0.623306E-03     0.666792E-03     0.622294E-03     0.114977E-02     0.783929E-03
  0.861460E-03     0.847707E-03     0.908627E-03     0.966267E-03     0.120423E-02
  0.122728E-02     0.134430E-02     0.112178E-02     0.105004E-02     0.181445E-02
  0.162351E-02     0.264158E-02     0.123825E-02     0.145564E-02     0.171528E-02
  0.202331E-02     0.146611E-02     0.379432E-02     0.249764E-02     0.158830E-02
  0.206850E-02     0.498565E-02     0.443671E-02     0.257792E-02     0.472531E-02
  0.255124E-02     0.446824E-02     0.516522E-02     0.472477E-02     0.628620E-02
  0.358056E-02     0.719069E-02     0.753895E-02     0.815198E-02     0.891589E-02
  0.731103E-02     0.164120E-01     0.973243E-02
 eigen energies, in eV 
    -44.622512       -44.506564       -44.411504       -44.073807       -44.063484
    -28.950473       -28.861424       -28.749668       -28.735518       -28.642063
    -28.636096       -28.631499       -28.617669       -28.550777       -28.527061
    -28.510949       -28.502951       -28.473227       -28.369315       -28.264266
    -28.237812       -28.234557       -28.229722       -28.220996       -28.211206
    -28.203807       -28.193670       -28.180312       -28.176531       -28.102802
    -28.073715       -28.027180       -28.010334       -27.965557       -27.950071
    -27.939325       -27.824494       -27.818118       -27.762575       -27.732153
    -27.695934       -27.658523       -27.655594       -27.649224       -27.645746
    -27.612186       -27.601451       -27.595589       -27.545932       -27.541711
    -27.524411       -27.474257       -27.454939       -27.426066       -27.406477
    -27.393174       -27.356260       -27.355530       -27.312396       -27.297168
    -27.227211       -27.196855       -27.176588       -27.171644       -27.153944
    -27.151961       -27.122465       -27.105251       -27.062708       -27.056054
    -27.053762       -26.856327       -26.743154       -26.702719       -26.679624
    -26.678802       -26.610487       -26.603166       -26.599962       -26.577885
    -26.569374       -26.551338       -26.550388       -26.507258       -26.506150
    -26.492842       -26.483267       -26.450043       -26.418962       -26.410816
    -26.370945       -26.296031       -26.289687       -26.192473       -26.190929
    -26.163586       -26.161710       -26.155056       -26.106720       -26.071170
    -26.062745       -26.055583       -26.053722       -26.024095       -26.011000
    -26.002581       -25.985637       -25.973717       -25.962980       -25.924771
    -25.922565       -25.896674       -25.892895       -25.887485       -25.886119
    -25.886004       -25.878810       -25.866794       -25.836714       -25.816054
    -25.766978       -25.744320       -25.648166       -25.620611       -25.575635
    -25.485324       -25.461455       -25.451176       -25.433923       -25.311067
    -25.173466       -25.131967       -25.125782       -25.025022       -25.001009
    -24.355692       -24.100129       -23.969414       -23.771771       -23.751892
    -23.743074       -23.703439       -23.582502       -23.411029       -23.382217
    -23.381262       -23.368213       -23.316239       -23.299645       -23.172375
    -23.168381       -23.102802       -23.084365       -23.082110       -23.034286
    -22.999429       -22.995602       -22.992685       -22.971459       -22.886694
    -22.861612       -22.717765       -22.439429       -22.370147       -22.364586
    -22.361734       -22.359072       -22.271882       -22.004623       -21.878813
    -21.726459       -21.664426       -21.640686       -21.535147       -21.497996
    -21.408421       -21.285569       -21.167387       -21.093554       -21.088461
    -21.081432       -21.050517       -21.025973       -21.009972       -20.993958
    -20.958583       -20.839932       -20.741027       -20.621556       -20.400888
    -18.648832       -18.300685       -18.207504       -18.166793       -18.077175
    -16.385513       -16.092854       -15.933344       -15.930549       -15.891503
    -15.840367       -15.783138       -15.754301       -15.748358       -15.607092
    -15.573350       -15.525732       -15.414703       -15.406196       -15.374419
    -15.287382       -15.212728       -15.164985       -15.154191       -15.095470
    -15.017820       -14.990827       -14.849664       -14.825684       -14.753645
    -14.689919       -14.664404       -14.622018       -14.613026       -14.566938
    -14.490363       -14.477398       -14.439448       -14.418928       -14.334909
    -14.333179       -14.302030       -14.258643       -14.215803       -14.182096
    -13.849906       -13.759787       -13.745872       -13.675397       -13.600724
    -13.579555       -13.557423       -13.552400       -13.470648       -13.441229
    -13.426833       -13.420963       -13.388807       -13.380113       -13.354662
    -13.340849       -13.311986       -13.261663       -13.231087       -13.211081
    -13.204562       -13.182589       -13.165032       -13.153330       -13.124892
    -13.066475       -13.059553       -12.875741       -12.836927       -12.652550
    -12.468792       -12.268006       -12.255351       -12.220358       -12.176070
    -12.075797       -12.005335       -11.964677       -11.944679       -11.921456
    -11.915708       -11.906308       -11.885526       -11.869785       -11.794654
    -11.727315       -11.720231       -11.693948       -11.629492       -11.617053
    -11.606179       -11.523006       -11.514506       -11.508829       -11.478600
    -11.460298       -11.448592       -11.441923       -11.430704       -11.416550
    -11.361951       -11.344538       -11.317826       -11.302274       -11.284151
    -11.241769       -11.205823       -10.982375       -10.965289       -10.951442
    -10.928729       -10.912822       -10.868489       -10.847602       -10.812925
    -10.783095       -10.775983       -10.742162       -10.724459       -10.655799
    -10.634652       -10.620240       -10.608894       -10.557775       -10.548959
    -10.532852       -10.522982       -10.509587       -10.497478       -10.489785
    -10.474849       -10.469311       -10.452649       -10.446629       -10.439256
    -10.409326       -10.385312       -10.383349       -10.320553       -10.316477
    -10.311270       -10.295217       -10.285006       -10.280225       -10.274750
    -10.252002       -10.248290       -10.245045       -10.240940       -10.215011
    -10.203713       -10.188988       -10.162212       -10.156072       -10.155247
    -10.148752       -10.137427       -10.108949       -10.102606       -10.087050
    -10.074170       -10.068246       -10.059813       -10.040446       -10.014039
    -10.004079        -9.992624        -9.986900        -9.984941        -9.982438
     -9.959898        -9.956134        -9.942466        -9.940954        -9.933327
     -9.928444        -9.909471        -9.890756        -9.884467        -9.874555
     -9.850042        -9.839615        -9.823408        -9.812498        -9.802745
     -9.797735        -9.788833        -9.750595        -9.716267        -9.662949
     -9.652703        -9.630940        -9.623418        -9.616558        -9.611406
     -9.594886        -9.586402        -9.574165        -9.563136        -9.545736
     -9.541973        -9.520637        -9.471377        -9.457568        -9.450168
     -9.441653        -9.434353        -9.429859        -9.406255        -9.398834
     -9.395816        -9.383063        -9.376692        -9.360133        -9.347284
     -9.337500        -9.323393        -9.309254        -9.288765        -9.272134
     -9.261221        -9.257930        -9.242893        -9.190238        -9.174212
     -9.155596        -9.151004        -9.131955        -9.129966        -9.100352
     -9.081532        -9.065896        -9.062890        -9.052619        -9.038765
     -9.033664        -9.019244        -9.012846        -9.001727        -8.994371
     -8.983888        -8.975642        -8.956510        -8.917750        -8.913603
     -8.910184        -8.886645        -8.874888        -8.858214        -8.843981
     -8.837072        -8.826104        -8.823192        -8.816075        -8.783040
     -8.774867        -8.767121        -8.759607        -8.749410        -8.738100
     -8.731571        -8.714430        -8.681603        -8.674121        -8.661996
     -8.642894        -8.634717        -8.633149        -8.614589        -8.597215
     -8.580640        -8.519731        -8.467960        -8.449342        -8.429474
     -8.399975        -8.393495        -8.349609        -8.333885        -8.321896
     -8.317944        -8.299466        -8.296265        -8.288095        -8.280627
     -8.271565        -8.262029        -8.243928        -8.202579        -8.166857
     -8.090261        -8.076078        -8.052668        -8.035100        -8.001573
     -7.999753        -7.957938        -7.933675        -7.919756        -7.876413
     -7.812380        -7.809093        -7.799966        -7.777483        -7.755551
     -7.745009        -7.730548        -7.719709        -7.709670        -7.686142
     -7.670101        -7.652142        -7.627945        -7.602009        -7.577650
     -7.540822        -7.539282        -7.517655        -7.482873        -7.424262
     -7.422134        -7.390131        -7.374853        -7.361125        -7.342664
     -7.335991        -7.327805        -7.304120        -7.256593        -7.241015
     -7.238655        -7.202799        -7.189554        -7.180285        -7.169517
     -7.167166        -7.155562        -7.133932        -7.129293        -7.124170
     -7.113661        -7.097712        -7.058746        -7.043465        -7.026485
     -7.016866        -6.991830        -6.982547        -6.961501        -6.945322
     -6.882530        -6.879605        -6.874800        -6.866101        -6.864950
     -6.851343        -6.834857        -6.816890        -6.809374        -6.794589
     -6.790666        -6.784600        -6.775266        -6.766906        -6.756730
     -6.752178        -6.742786        -6.730392        -6.703876        -6.692048
     -6.687425        -6.685487        -6.671670        -6.659449        -6.638515
     -6.626948        -6.618149        -6.611062        -6.582121        -6.572875
     -6.561136        -6.554764        -6.548100        -6.516640        -6.502167
     -6.493195        -6.483712        -6.472274        -6.461671        -6.449959
     -6.431192        -6.425508        -6.421113        -6.413937        -6.412991
     -6.406449        -6.404536        -6.385389        -6.379549        -6.361552
     -6.344479        -6.320779        -6.305976        -6.296651        -6.292877
     -6.284247        -6.271443        -6.264092        -6.254457        -6.238104
     -6.236207        -6.226035        -6.215315        -6.209208        -6.190726
     -6.180514        -6.173709        -6.154515        -6.147265        -6.128866
     -6.121065        -6.094558        -6.071164        -6.066091        -6.062467
     -6.055922        -6.051603        -6.042295        -6.036096        -6.028974
     -6.021788        -6.019831        -6.005137        -6.000640        -5.987160
     -5.982827        -5.979080        -5.969881        -5.964734        -5.963430
     -5.952325        -5.935394        -5.926409        -5.912613        -5.908740
     -5.904589        -5.897395        -5.885773        -5.881233        -5.874283
     -5.863886        -5.853603        -5.842087        -5.833078        -5.826126
     -5.816599        -5.811688        -5.809240        -5.790442        -5.787948
     -5.786433        -5.783664        -5.776571        -5.771252        -5.764316
     -5.753025        -5.746323        -5.741805        -5.736747        -5.733416
     -5.716119        -5.701784        -5.696226        -5.694723        -5.682046
     -5.678697        -5.668259        -5.664495        -5.649766        -5.647578
     -5.644272        -5.628918        -5.625930        -5.614233        -5.609860
     -5.607150        -5.596681        -5.592324        -5.585858        -5.583076
     -5.577352        -5.571689        -5.561778        -5.546119        -5.536851
     -5.536361        -5.529426        -5.520322        -5.519438        -5.510553
     -5.505274        -5.503407        -5.496601        -5.487980        -5.477256
     -5.472591        -5.464407        -5.457358        -5.449654        -5.441769
     -5.435618        -5.417886        -5.409355        -5.403161        -5.396374
     -5.386913        -5.377993        -5.368442        -5.366339        -5.361285
     -5.352987        -5.345340        -5.337195        -5.327542        -5.319710
     -5.315834        -5.303379        -5.297472        -5.290353        -5.277385
     -5.269469        -5.258964        -5.250876        -5.247769        -5.240676
     -5.236878        -5.234205        -5.224289        -5.218600        -5.210265
     -5.208008        -5.198358        -5.192248        -5.186402        -5.183591
     -5.180016        -5.178426        -5.168293        -5.159976        -5.158357
     -5.155912        -5.145268        -5.135342        -5.128966        -5.124264
     -5.123165        -5.114378        -5.108380        -5.098284        -5.095219
     -5.090412        -5.087353        -5.083705        -5.069482        -5.064564
     -5.061243        -5.052617        -5.045348        -5.017587        -5.011684
     -5.006781        -5.002658        -4.990572        -4.981186        -4.976532
     -4.966393        -4.963169        -4.955591        -4.951721        -4.942429
     -4.937034        -4.921444        -4.920479        -4.914055        -4.899191
     -4.896858        -4.892406        -4.884010        -4.878082        -4.871889
     -4.868283        -4.853391        -4.848993        -4.833756        -4.824395
     -4.821092        -4.814729        -4.811499        -4.805624        -4.801280
     -4.797562        -4.790579        -4.786095        -4.778865        -4.771207
     -4.764025        -4.751373        -4.748344        -4.737477        -4.714237
     -4.700804        -4.695291        -4.682156        -4.651378        -4.646997
     -4.641612        -4.627930        -4.624349        -4.606526        -4.595737
     -4.588687        -4.569810        -4.561103        -4.543970        -4.542617
     -4.526688        -4.521248        -4.514082        -4.503564        -4.501199
     -4.492103        -4.467000        -4.447755        -4.440188        -4.432452
     -4.412843        -4.400963        -4.396956        -4.362366        -4.355257
     -4.332756        -4.322403        -4.307885        -4.271127        -4.265811
     -4.250830        -4.238615        -4.216787        -4.206309        -4.178679
     -4.170783        -4.162435        -4.147274        -4.143611        -4.126602
     -4.115766        -4.103757        -4.088961        -4.074397        -4.061220
     -4.041836        -4.035257        -4.029763        -4.002609        -3.985766
     -3.955884        -3.888416        -3.848353        -3.836837        -3.832922
     -3.810691        -3.776600        -3.760073        -3.753494        -3.727843
     -3.719753        -3.707990        -3.690770        -3.659265        -3.634341
     -3.627309        -3.608766        -3.594890        -3.574902        -3.568328
     -3.562709        -3.512392        -3.501062        -3.494681        -3.477396
     -3.463579        -3.433386        -3.426785        -3.403428        -3.385362
     -3.379829        -3.377295        -3.358897        -3.334829        -3.308493
     -3.298820        -3.282725        -3.266924        -3.264065        -3.258166
     -3.252272        -3.246069        -3.231584        -3.227062        -3.199581
     -3.170539        -3.161799        -3.148677        -3.138443        -3.110012
     -3.103604        -3.093000        -3.078357        -3.067849        -3.062104
     -3.047270        -3.033656        -3.009629        -2.989367        -2.956092
     -2.942610        -2.931551        -2.910396        -2.906907        -2.872653
     -2.853576        -2.848230        -2.826400        -2.817415        -2.801965
     -2.782005        -2.765163        -2.760006        -2.694869        -2.684358
     -2.681067        -2.656581        -2.632183        -2.627278        -2.603181
     -2.598719        -2.593147        -2.585094        -2.553627        -2.487889
     -2.465282        -2.462937        -2.460008        -2.438516        -2.406272
     -2.402343        -2.388669        -2.387683        -2.333161        -2.306653
     -2.296317        -2.290864        -2.253108        -2.238292        -2.163653
     -2.147557        -2.136946        -2.047949        -2.009695        -1.993189
     -1.987848        -1.971965        -1.930852        -1.834234        -1.708442
      2.373802         2.516526         2.719701         2.744181         2.805860
      2.908981         3.148467         3.164317         3.235601         3.265401
      3.374637         3.406441         3.436543         3.515323         3.552155
      3.587514         3.639745         3.699786         3.747678         3.778830
      3.805808         3.825072         3.876597         3.886892         3.904506
      3.946285         3.958928         3.982890         4.012040         4.044194
      4.082401         4.108003         4.112594         4.165982         4.173225
      4.193576         4.204127         4.225740         4.230398         4.240013
      4.287414         4.306716         4.328437         4.349541         4.355801
      4.377663         4.424071         4.458901         4.476212         4.504129
      4.523234         4.544865         4.564877         4.582222         4.613377
      4.653162         4.663414         4.691487
 *********************************
 total computation time (sec)=   1995.77367401123     
