 AEM_Eatom=  0.151515451061319     
 AEM_Egroup=  9.737562830176003E-003
 AEM_Etot=  1.367025353568649E-003
 AEM_F=  0.504024967476426     
