 AEM_Eatom=  3.145911538057889E-002
 AEM_Egroup=  1.223430967397328E-003
 AEM_Etot=  4.261591195841134E-003
 AEM_F=  0.503030442641467     
