t  FSI  FSI_1  FSI_2  FSI_3  FSI_4  FSI_5  FSI_6  FSI_7  FSI_8  FSI_9  FSI_10  FSI_11  FSI_12  FSI_13  FSI_14  FSI_15  FSI_16  FSI_17  FSI_18  FSI_19  FSI_20 
    0.500000      0.032990603      0.031919816      0.031865168      0.032748041      0.032158318      0.032692403      0.033766290      0.036025754      0.031522384      0.031398618      0.032429884      0.033607605      0.033000435      0.035467784      0.035299130      0.033241499      0.034532222      0.032250279      0.031875071      0.032081569      0.031929796 
   56.500000      0.877534325      1.000846861      0.918444855      0.736088448      0.793964566      1.096658051      0.852721114      1.242456834      0.814429260      0.689351568      0.882065701      0.668551338      0.928179949      1.319032717      0.775648028      1.102089192      0.871058512      0.617169550      0.746004537      0.697237378      0.798688050 
  112.500000      1.256921905      1.432550608      1.159571989      1.122166334      1.139319519      1.467049133      1.329457865      1.679144170      1.229832014      0.950530544      1.187109127      0.883638549      1.362659495      2.201463856      1.024442462      1.642598131      1.258085777      0.822238718      1.111985049      0.997678282      1.136916468 
  168.500000      1.582551264      1.797509220      1.391309899      1.434435478      1.483218218      1.749998109      1.698090427      2.070444307      1.541988623      1.157298698      1.506245946      1.065371837      1.771803266      2.948166360      1.229164776      2.173450422      1.547221137      0.981393703      1.401232024      1.261387647      1.441295186 
  224.500000      1.882991913      2.199735280      1.607172101      1.735125778      1.873399911      1.915325254      1.945022343      2.364932850      1.816991089      1.330964157      1.762776859      1.296674478      2.261037739      3.672318001      1.436302454      2.639587638      1.760211298      1.169461952      1.620821358      1.499656558      1.752321158 
  281.000000      2.176579446      2.607715780      1.780369516      1.996841451      2.263416630      2.038242624      2.204145577      2.621786787      2.118605230      1.495124225      1.984510020      1.456885583      2.772031263      4.244986185      1.671855997      3.046911180      2.158743237      1.334467754      1.833786944      1.796908574      2.104254363 
  337.000000      2.459837403      2.953612050      1.914445475      2.248033301      2.672017675      2.254919189      2.401033128      2.955787839      2.485090993      1.656434516      2.217563161      1.646357643      3.185980835      4.740383506      1.933196207      3.375226393      2.514200440      1.498322705      2.066083044      2.028463349      2.449596613 
  393.000000      2.765921505      3.434296281      2.091869844      2.517932717      3.132135406      2.334415673      2.612285133      3.343633140      2.934527125      1.891889924      2.403962841      1.843865386      3.543530454      5.280571511      2.197262448      3.632230865      2.924878588      1.701352204      2.331451045      2.275506036      2.890833469 
  449.000000      3.064704380      3.971294942      2.370183691      2.801425703      3.672218907      2.375280501      2.672580264      3.687377447      3.371950686      2.050954867      2.720715860      2.018606374      3.888153371      5.658968315      2.411200361      3.903244364      3.360552671      1.875280366      2.615589974      2.546253916      3.322255027 
  505.500000      3.348850009      4.507946584      2.454827143      3.088049475      4.232361170      2.556908872      2.793228078      4.055663541      3.734690236      2.160003139      2.966625807      2.156665885      4.330441059      5.720247448      2.619766775      4.210276825      3.845847031      2.072830674      2.912733946      2.900174458      3.657712032 
  561.500000      3.642222603      5.057703462      2.596526564      3.363948707      4.714633347      2.700947971      2.941670995      4.449852535      4.106745273      2.316188576      3.204532438      2.328038938      4.827915693      5.853359873      2.798822389      4.479449225      4.332419724      2.240566584      3.210365349      3.242062857      4.078701568 
  617.500000      3.939769239      5.700933483      2.721767723      3.620648591      5.237486976      2.884760873      3.052350281      4.837411338      4.442914347      2.402497238      3.334122300      2.405527635      5.410273941      6.091390628      2.972093083      4.784303819      4.837647206      2.406531133      3.522829701      3.685809842      4.444084635 
  673.500000      4.259063049      6.251290087      2.906628214      3.900404545      5.771940637      2.993927850      3.175893038      5.192004709      4.808725198      2.493848007      3.493422911      2.600254635      5.955088876      6.599121122      3.205945771      5.153949986      5.263703779      2.560759319      3.800790914      4.171784089      4.881777298 
  729.500000      4.570345931      6.735167338      3.140965087      4.221089601      6.337062246      2.904300056      3.265853466      5.511836455      5.152446478      2.571104639      3.593054004      2.859364371      6.515395560      7.151029580      3.402569626      5.571259087      5.707915663      2.726973881      4.132834841      4.614843114      5.291853527 
  786.000000      4.877792773      7.286256581      3.321792178      4.451767950      6.855705522      2.869453608      3.357890114      5.881807032      5.551175574      2.599417965      3.718559737      3.098944298      6.992995297      7.573433761      3.618541764      6.054233526      6.237300706      2.842283724      4.491045266      5.004042118      5.749208751 
  842.000000      5.174612159      7.857468222      3.470303204      4.728185339      7.339273632      2.873216522      3.346801468      6.220679231      5.985828569      2.691044042      3.784161394      3.374860330      7.454433815      8.009620458      3.806602520      6.461104087      6.800703135      2.926600016      4.797027862      5.360075999      6.204253345 
  898.000000      5.479293431      8.360279526      3.516239391      5.058542383      7.769288508      2.952528564      3.387129712      6.717827452      6.454070841      2.830635802      3.914456266      3.662051181      7.920708553      8.412237275      4.025711723      6.738099226      7.321180270      3.044434255      5.059556545      5.737066648      6.703824498 
  954.000000      5.784976107      8.920996898      3.669433058      5.420798792      8.303277938      3.062612148      3.446556912      7.115078969      6.839506853      2.935462194      3.950356943      3.981944830      8.281445233      8.842630303      4.215470544      7.086378426      7.891624331      3.157395206      5.336054060      6.034348107      7.208150389 
 1010.500000      6.090984391      9.453193531      3.740301926      5.680401277      8.888000928      3.217181288      3.557148266      7.546966138      7.304950311      2.918490921      3.969887369      4.293699874      8.813840871      9.238816027      4.371365020      7.401211994      8.470038921      3.259474456      5.602679963      6.287117278      7.804921468 
 1066.500000      6.398757158      9.806016733      3.837023586      5.993566529      9.499752045      3.516825703      3.710843875      7.958809438      7.686014866      2.913938401      4.011074387      4.617948809      9.476153123      9.511529608      4.470751124      7.762846649      9.001317186      3.305602828      5.826865450      6.653718254      8.414544567 
 1122.500000      6.690711315     10.350938944      3.907238106      6.375103434     10.101478959      3.672197858      3.800697475      8.421000628      8.024377868      2.877728250      4.039838513      4.937034266     10.059507659      9.630706140      4.597710467      8.043589297      9.466486617      3.372412336      6.137030928      6.966792866      9.032355699 
 1178.500000      6.996417038     10.932047653      4.027322169      6.748761779     10.757680443      3.719678271      3.903442609      8.923253997      8.380696258      2.917390495      4.269221494      5.214845716     10.532703316      9.751408802      4.628545257      8.364101413      9.972143951      3.404200392      6.487166666      7.314086024      9.679644062 
 1234.500000      7.294220906     11.422864160      4.104316209      7.144750219     11.395401582      3.854547579      4.030884076      9.434091279      8.759003568      2.886574527      4.327933648      5.491658856     10.844536765      9.898718486      4.736600231      8.783963947     10.512137757      3.510015091      6.808126847      7.592190636     10.346102663 
 1291.000000      7.611483583     12.001241554      3.998657777      7.578590527     12.006303729      4.046109962      4.111842394     10.010849666      9.207433344      2.914735237      4.437238976      5.754226727     11.185630152     10.208611599      4.862544397      9.245688058     11.170049511      3.560535155      7.069953502      7.832156982     11.027272417 
 1347.000000      7.936742354     12.532579044      3.985651312      8.020102422     12.689947514      4.049927263      4.196529279     10.584317999      9.664688351      2.945934963      4.498039035      6.129827051     11.401872854     10.719879414      4.911619888      9.821103943     11.784695148      3.679990731      7.343286651      8.047392270     11.727461949 
 1403.000000      8.260371101     13.038983664      4.008038252      8.471095699     13.335162887      4.068230251      4.240786960     11.234327046     10.121155148      2.993474864      4.625733033      6.415026651     11.522637672     11.263395732      4.977447634     10.418018325     12.375787989      3.802369502      7.686949230      8.238739012     12.370062464 
 1459.000000      8.618657124     13.461024265      4.031517568      8.926868510     14.062364956      4.291369654      4.288013989     11.893113059     10.578357320      3.074893562      4.771746260      6.760918659     11.705140852     11.949404998      5.121938915     11.101995277     12.931830835      3.884797719      8.082743243      8.405015772     13.050087063 
 1515.500000      8.978786971     13.842916084      4.021504835      9.380641859     14.758274111      4.570920206      4.370366223     12.401918329     11.048764766      3.245088872      4.929800483      7.149604449     11.940441435     12.750909625      5.336701141     11.632358109     13.411724478      4.027946113      8.433302201      8.588270185     13.734285910 
 1571.500000      9.368754724     14.261181959      4.101431431      9.904086301     15.533780549      4.820787405      4.524498852     13.045156129     11.586168424      3.370016444      5.085921050      7.505440354     12.292915395     13.369316954      5.591823239     12.039796865     14.105823094      4.230176743      8.767458773      8.764629707     14.474684816 
 1627.500000      9.727899096     14.638459856      4.069484203     10.411005705     16.291510559      4.834921806      4.695133559     13.690013365     12.044759259      3.516060925      5.202884593      7.915707115     12.721143120     13.985681215      5.817364382     12.308371759     14.787792098      4.427933422      9.134737637      8.979728355     15.085288984 
 1683.500000     10.070270586     15.019275333      4.106260919     10.883870346     17.036575335      4.812838064      4.659585072     14.333537238     12.493827447      3.646817295      5.308679679      8.368326557     13.025586517     14.516771686      6.028498050     12.652372008     15.410315012      4.586581274      9.691405911      9.211471739     15.612816235 
 1739.500000     10.397061402     15.351188253      4.192281148     11.397557389     17.822048387      4.979887795      4.627322752     14.960996162     12.864954378      3.659786297      5.442863383      8.773587881     13.306857665     15.066659707      6.167264121     13.038012875     15.942959840      4.731465052     10.244045261      9.395676720     15.975812971 
 1796.000000     10.766451049     15.700683688      4.274604290     11.929177422     18.663254258      5.037058621      4.644110422     15.746281796     13.220581054      3.821259529      5.552787408      9.265485492     13.576970073     15.809618169      6.439392591     13.471666548     16.591118484      4.923790949     10.762061460      9.555580462     16.343538267 
 1852.000000     11.129843170     16.015681158      4.341080311     12.413297640     19.488670183      5.244228486      4.700968049     16.490204633     13.575139737      3.975907490      5.631910692      9.748123059     13.739239339     16.531365621      6.766711149     14.087507205     17.241373106      5.131849303     11.239932204      9.665107014     16.568567018 
 1908.000000     11.527697952     16.279876685      4.368797058     12.864997627     20.395754104      5.446739414      4.820902719     17.198164806     14.051277646      4.177507602      5.721389785     10.204490521     14.064904295     17.256047610      7.049186016     14.972350450     17.891361640      5.383472860     11.732931298      9.815720384     16.858086521 
 1964.000000     11.909978821     16.413872539      4.421699374     13.367671716     21.277305284      5.689588580      4.812007660     17.921427767     14.597630694      4.333382912      5.873875933     10.750669232     14.339377860     17.968971951      7.267084470     15.844580739     18.411679693      5.600363529     12.156677971      9.919600186     17.232108330 
 2020.500000     12.313642497     16.675094569      4.542740299     13.938440747     22.163500994      6.010969140      4.631696532     18.757444215     15.099129662      4.508259058      6.190936415     11.295025768     14.531210464     18.707107861      7.577043454     16.659366736     19.046394811      5.783250716     12.636442068      9.920081660     17.598714777 
 2076.500000     12.686439840     16.792679136      4.696640539     14.525483064     22.943526167      6.060867052      4.470552167     19.620876696     15.570290571      4.620702648      6.428994928     11.841980813     14.799846743     19.390079345      7.931022876     17.369187826     19.563699490      5.946171616     13.145044133      9.987133737     18.024017253 
 2132.500000     13.080180765     16.989024995      4.832522167     15.239940101     23.838304150      6.138997127      4.287809001     20.471049421     16.192500478      4.777369450      6.731593618     12.333197026     14.966863247     20.136030139      8.327352483     17.914260053     20.057851957      6.186853476     13.693650708      9.933157070     18.555288642 
 2188.500000     13.441281270     17.045188193      5.010608476     15.943032112     24.754920921      6.195393321      4.168157337     21.223698908     16.893954465      4.850449676      7.007077776     12.723682124     15.024258651     20.886700284      8.566766076     18.491515758     20.553103885      6.303106989     14.165031861      9.843612999     19.175365588 
 2244.500000     13.785821589     17.136747610      5.260708979     16.648325784     25.626922356      6.238970562      4.110239184     21.929450079     17.633252596      4.725903810      7.257425595     13.072983434     15.072165911     21.675992822      8.843026834     18.811330282     21.095451174      6.333824524     14.609545263      9.800602947     19.833562033 
 2301.000000     14.147012243     17.322128263      5.495431945     17.294255825     26.605594354      6.377786654      4.050393149     22.491983839     18.278568072      4.682377735      7.596069544     13.449080633     15.121555643     22.520497339      9.079665628     19.271575156     21.614949770      6.378556220     15.049528001      9.804094305     20.456152787 
 2357.000000     14.521989298     17.434928821      5.769536181     17.956950641     27.800240615      6.551806146      3.955824254     22.867372234     18.878936912      4.646254897      7.941363243     13.830130548     15.135975653     23.376844069      9.444012203     19.928025198     22.092004191      6.420832697     15.490456210      9.685266633     21.233024604 
 2413.000000     14.904498691     17.594467903      5.949922138     18.623434062     29.011457493      6.886031452      3.803140962     23.530816416     19.460817837      4.572500142      8.241160294     14.175886830     15.216421344     24.330716517      9.801988070     20.493747561     22.432144881      6.486470750     15.981539097      9.629851250     21.867458817 
 2469.000000     15.273616872     17.854079934      6.163078295     19.223490381     30.311737030      7.217434349      3.720031626     24.039610161     20.035247478      4.472095753      8.542551420     14.481950484     15.256542204     25.078070095     10.160335014     21.314281476     22.801115323      6.477592156     16.442893595      9.502503431     22.377697231 
 2525.500000     15.651950262     18.023526652      6.574936781     19.846311401     31.674149135      7.426170360      3.642746883     24.529424596     20.446587104      4.381145983      8.835338468     14.773360305     15.384215812     25.994941256     10.555231621     22.265687418     23.238954372      6.500140018     16.911602610      9.385678063     22.648856404 
 2581.500000     15.976456360     18.031971935      6.862893039     20.501261934     32.974636960      7.429610447      3.591711300     24.865150701     20.832098915      4.297834521      9.095468598     15.075679816     15.220046237     26.957109229     10.940661136     23.216905956     23.506524075      6.546761085     17.483735330      9.255649604     22.843416382 
 2637.500000     16.236055073     18.010186523      7.182485733     21.218067853     34.184433664      7.354633663      3.376906090     25.287588662     20.957960029      4.130863057      9.263243063     15.383543479     14.987876584     28.053374373     11.231599393     24.067223411     23.787102511      6.368311130     17.981222298      9.066547431     22.827932514 
 2693.500000     16.486044144     17.616313899      7.588794673     21.852703397     35.556646830      7.386221580      3.220927465     25.714559410     21.132119209      4.074005338      9.363952424     15.690312240     14.550140749     29.284605853     11.570530865     24.868418721     24.037613777      6.201894743     18.457603606      8.753555911     22.799962192 
 2750.000000     16.734424704     17.334169861      8.031285684     22.460645269     36.875139850      7.493339648      3.129939435     26.043046869     21.303825792      3.948960175      9.503328739     16.108304037     14.046541777     30.273120769     11.998872298     25.662174604     24.219310997      6.198717457     18.887415172      8.420236477     22.750119168 
