 AEM_Eatom=  3.689932416464819E-004
 AEM_Egroup=  8.628619628151495E-005
 AEM_Etot=  1.254893443073158E-003
 AEM_F=  0.500003463001148     
