 AEM_Eatom=  5.040176451340809E-002
 AEM_Egroup=  6.387350085976935E-003
 AEM_Etot=  1.499745592580164E-002
 AEM_F=  0.614535054226422     
