 AEM_Eatom=  3.027843298972524E-002
 AEM_Egroup=  2.392452230999257E-003
 AEM_Etot=  6.615430961160505E-003
 AEM_F=  0.635877203171774     
