 AEM_Eatom=  7.578559611278594E-003
 AEM_Egroup=  4.902902659200796E-004
 AEM_Etot=  7.023817213281144E-004
 AEM_F=  0.501644132036744     
