 AEM_Eatom=  2.661337579878404E-002
 AEM_Egroup=  1.345371006669101E-003
 AEM_Etot=  6.216872083048048E-004
 AEM_F=  0.501639553938166     
