 AEM_Eatom=  9.906732303056978E-002
 AEM_Egroup=  6.209678440471374E-003
 AEM_Etot=  3.126696182812300E-003
 AEM_F=  0.656430697595270     
