 AEM_Eatom=  0.105049329591884     
 AEM_Egroup=  6.562506578155596E-003
 AEM_Etot=  3.170305639487819E-003
 AEM_F=  0.612046219419003     
