 AEM_Eatom=  5.527989261994116E-002
 AEM_Egroup=  5.533047403271712E-003
 AEM_Etot=  2.923485680599770E-003
 AEM_F=  0.522313425035876     
