 AEM_Eatom=  5.063545731078228E-002
 AEM_Egroup=  7.506804030794291E-003
 AEM_Etot=  1.073927136920414E-003
 AEM_F=  0.504682256364504     
