 AEM_Eatom=  6.357697369169152E-003
 AEM_Egroup=  1.061238569026928E-003
 AEM_Etot=  3.998042242442255E-003
 AEM_F=  0.502042229107726     
