 AEM_Eatom=  3.000733774652738E-002
 AEM_Egroup=  2.638841674503456E-003
 AEM_Etot=  1.379838845847625E-002
 AEM_F=  0.545047034620575     
