 AEM_Eatom=  5.197013902348836E-004
 AEM_Egroup=  8.594210668663184E-005
 AEM_Etot=  9.498214238024060E-004
 AEM_F=  0.500024091130673     
