 AEM_Eatom=  2.011991083136968E-002
 AEM_Egroup=  3.259000276035173E-003
 AEM_Etot=  1.001680407612500E-003
 AEM_F=  0.500774071372016     
