 AEM_Eatom=  7.082851332573728E-002
 AEM_Egroup=  4.665845997677041E-003
 AEM_Etot=  2.431875312436827E-003
 AEM_F=  0.527704086821861     
