 AEM_Eatom=  6.541692963591149E-002
 AEM_Egroup=  3.682234108940687E-003
 AEM_Etot=  2.240359751283730E-003
 AEM_F=  0.850038002680722     
