 AEM_Eatom=  4.206189710033235E-002
 AEM_Egroup=  5.223971425841452E-003
 AEM_Etot=  1.154743300496104E-002
 AEM_F=  0.563195685563465     
