 AEM_Eatom=  3.161479975130108E-002
 AEM_Egroup=  4.382443313147332E-003
 AEM_Etot=  2.240613972730343E-003
 AEM_F=  0.504594157086964     
