 AEM_Eatom=  0.119243737432512     
 AEM_Egroup=  1.837897059829671E-002
 AEM_Etot=  1.405970303282542E-002
 AEM_F=  0.694451730388215     
