 AEM_Eatom=  3.824954449335805E-003
 AEM_Egroup=  2.380506545148799E-004
 AEM_Etot=  7.184653506545293E-004
 AEM_F=  0.501580142882787     
