 AEM_Eatom=  1.438186949517510E-003
 AEM_Egroup=  1.588567168025161E-004
 AEM_Etot=  8.411365501252289E-004
 AEM_F=  0.500362978297301     
