 AEM_Eatom=  0.430760022761710     
 AEM_Egroup=  6.013483775214474E-002
 AEM_Etot=  1.495409819116929E-002
 AEM_F=   1.17999512724938     
