           4           1
 PRECISION  = SINGLE     
 JOB       = SCF
 IN.PSP1   = /home/sabs/shenjie/Pseudopotential/Li.nc.pbe.UPF
 IN.PSP2   = /home/sabs/shenjie/Pseudopotential/C.nc.pbe.UPF
 IN.PSP3   = /home/sabs/shenjie/Pseudopotential/O.nc.pbe.UPF
 IN.PSP4   = /home/sabs/shenjie/Pseudopotential/N.nc.pbe.UPF
 IN.PSP5   = /home/sabs/shenjie/Pseudopotential/S.nc.pbe.UPF
 IN.PSP6   = /home/sabs/shenjie/Pseudopotential/F.nc.pbe.UPF
 IN.PSP7   = /home/sabs/shenjie/Pseudopotential/H.nc.pbe.UPF
 IN.PSP8   = /home/sabs/shenjie/Pseudopotential/P.nc.pbe.UPF
 IN.ATOM   = atom.config         
 CONVERGENCE  = EASY
 ACCURACY  = NORM
 VFF_DETAIL =   1   500  0.50000000E-02     30.00000     4.00000     0.00000     1.00000  
 EGG_DETAIL =            3           3           3
 SPIN      =   1
 CONSTRAINT_MAG =           0
 RANDOM_SEED=           0
 QIJ_DETAIL =   0  1
 SCF_MIX = CHARGE
 PWSCF_OUTPUT     =  F
 Ecut      =    60.0000000000000     
 Ecut2     =    120.000000000000     
 Ecut2L    =    120.000000000000     
 EcutP    =    60.0000000000000     
 N123      =   120   120   120
 NS123     =    40    40    40
 N123L     =   120   120   120
 STRESS_CORR =   0.100000E+01  0.000000E+00  0.200000E+01  0.000000E+00
 XCFUNCTIONAL = LDA
 HSE_DETAIL    =      1.00000000    1     0.00000000    6 1 1
 RELAX_HSE    =    20   0.50000E-01     2
 VDW       = NONE
 LONDON_S6      =   0.000000000000000E+000
 LONDON_C6(1)      =   -1.00000000000000     
 LONDON_C6(2)      =   -1.00000000000000     
 LONDON_C6(3)      =   -1.00000000000000     
 LONDON_C6(4)      =   -1.00000000000000     
 LONDON_C6(5)      =   -1.00000000000000     
 LONDON_C6(6)      =   -1.00000000000000     
 LONDON_C6(7)      =   -1.00000000000000     
 LONDON_C6(8)      =   -1.00000000000000     
 LONDON_RCUT      =   0.000000000000000E+000
 DFTD3_S6        =   0.000000000000000E+000
 DFTD3_RS6        =   0.000000000000000E+000
 DFTD3_S18        =   0.000000000000000E+000
 DFTD3_RS18        =   0.000000000000000E+000
 DFTD3_ALPHA6        =   0.000000000000000E+000
 DFTD3_VERSION        =            0
 DFTD3_3BODY        =  F
 COULOMB   =    0
 IN.WG     =  F
 OUT.WG    =  F
 IN.RHO    =  F
 OUT.RHOATOM =  F
 OUT.RHO   =  F
 IN.VR     =  F
 OUT.VR    =  F
 OUT.ELF   =  F
 IN.VEXT   =  F
 OUT.VATOM   =  F
 OUT.FORCE =  T
 OUT.STRESS =  F
 IN.KPT    =  F
 IN.SYMM   =  F
 SYMM_PREC =    0.10000E-04
 MP_N123 =      1      1      1      0      0      0      0
 NUM_KPT =            1
 CHARGE_DECOMP = F
 ENERGY_DECOMP = F 
 IN.SOLVENT =  F
 NUM_ELECTRON =   1940.00000000000     
 FIX_FERMI =   F  0.000000E+00  0.000000E+00  0.000000E+00
 IN.NONSCF    =  F
 NUM_BAND  =  1028
 OUT.REAL.RHOWF_SP= 0
 WG_ERROR  =   1.000000000000000E-004
 E_ERROR   =   5.279008887880000E-003
 RHO_ERROR =   5.000000000000000E-005
 RHO_RELATIVE_ERROR      =   0.000000000000000E+000
 FORCE_RELATIVE_ERROR     =   0.000000000000000E+000
 MIN_SCF_ITER     =            1
 SYS_TYPE   =            1
 PULAY_MIX_OPT =     30  1  0       1.00000       0.00000
 PULAY_METRIC_Q0 =       -1.00000
 IN.OCC    =  F          -1
 IN.CC    =  F
 IN.OCC_ADIA    =  F
 SCF_ITER0_1 =    6   4    3    0.0000     0.02500    1
 SCF_ITER0_2 =   94   4    3    1.0000     0.02500    1
 SCF_ITER1_1 =   40   4    3    1.0000     0.02500    1
 NONLOCAL  =  2
 IN.A_FIELD =  F       0.00000       0.00000       0.00000
 RCUT      =    4.00000000000000     
 IN.PSP_RCUT1 =   4.00000000000000     
 IN.PSP_RCUT2 =   4.00000000000000     
 IN.PSP_RCUT3 =   4.00000000000000     
 IN.PSP_RCUT4 =   4.00000000000000     
 IN.PSP_RCUT5 =   4.00000000000000     
 IN.PSP_RCUT6 =   4.00000000000000     
 IN.PSP_RCUT7 =   4.00000000000000     
 IN.PSP_RCUT8 =   4.00000000000000     
 MD_VV_SCALE =    100
 LDAU_PSP1   =           -1  2.721138638331097E-009  2.721138638331097E-009  eV
 LDAU_PSP2   =           -1  2.721138638331097E-009  2.721138638331097E-009  eV
 LDAU_PSP3   =           -1  2.721138638331097E-009  2.721138638331097E-009  eV
 LDAU_PSP4   =           -1  2.721138638331097E-009  2.721138638331097E-009  eV
 LDAU_PSP5   =           -1  2.721138638331097E-009  2.721138638331097E-009  eV
 LDAU_PSP6   =           -1  2.721138638331097E-009  2.721138638331097E-009  eV
 LDAU_PSP7   =           -1  2.721138638331097E-009  2.721138638331097E-009  eV
 LDAU_PSP8   =           -1  2.721138638331097E-009  2.721138638331097E-009  eV
 NUM_BLOCKED_PSI=  F
 WF_STORE2DISK  =            0
 NUM_DOS_GRID =         4000
 NMAP_MAX =        50000
 KERK_AMIN =   0.300000000000000     
 KERK_AMIX =   0.400000000000000     
 KERK_AMIX_MAG =   0.800000000000000     
 KERK_BMIX =   0.500000000000000     
 LDAU_MIX =   0.700000000000000     
 PULAY_WEIGHT_SPIN =    1.00000000000000     
 PULAY_WEIGHT_NS =    1.00000000000000     
 OUT.MLMD    =  F
 NUM_MPI_PER_GPU =     1
 FLAG_CYLINDER =            0
 SET_OUT_FERMI_POS =  F           0
 E_FINITE =  F   0.00000E+00   0.00000E+00   0.00000E+00
 MLINE_EIGEN =      1
 
 ------------------------------------------------
 total number of K-point:           1
   0.00000     0.00000    0.00000     1.00000            
 ------------------------------------------------
 
 
 *********************************************
 *********** end of etot.input report ********
 minimum n1,n2,n3 from Ecut2
     118.970      119.148      119.089
 minimum n1L,n2L,n3L from Ecut2L
     118.970      119.148      119.089
 *********************************************
 
 
Weighted average num_of_PW for all kpoint=                       312673.000
 ************************************
 E_Hxc(eV)         49489.3373865286     
 E_ion(eV)        -219162.189365158     
 E_Coul(eV)        77710.3630888151     
 E_Hxc+E_ion(eV)  -169672.851978630     
 NONSCF     1          AVE_STATE_ERROR= 0.5918E+01
 NONSCF     2          AVE_STATE_ERROR= 0.1620E+01
 NONSCF     3          AVE_STATE_ERROR= 0.4972E+00
 NONSCF     4          AVE_STATE_ERROR= 0.9195E-01
 NONSCF     5          AVE_STATE_ERROR= 0.1554E-01
 NONSCF     6          AVE_STATE_ERROR= 0.3119E-02
 iter=   7   ave_lin=  4.0  iCGmth=   3
 Ef(eV)               = -.1686597E+01
 err of ug            = 0.1231E-02
 dv_ave, drho_tot     = 0.0000E+00 0.1222E+00
 E_tot(eV)            = -.13304944511793E+06    -.1330E+06
 -------------------------------------------
 iter=   8   ave_lin=  4.0  iCGmth=   3
 Ef(eV)               = 0.1257093E+00
 err of ug            = 0.1071E-01
 dv_ave, drho_tot     = 0.1686E-01 0.7062E-01
 E_tot(eV)            = -.13294702330931E+06    0.1024E+03
 -------------------------------------------
 iter=   9   ave_lin=  4.0  iCGmth=   3
 Ef(eV)               = -.1129362E+01
 err of ug            = 0.6513E-02
 dv_ave, drho_tot     = 0.1326E-01 0.3044E-01
 E_tot(eV)            = -.13291619007427E+06    0.3083E+02
 -------------------------------------------
 iter=  10   ave_lin=  4.0  iCGmth=   3
 Ef(eV)               = 0.7804112E+00
 err of ug            = 0.2013E-02
 dv_ave, drho_tot     = 0.6901E-02 0.1039E-01
 E_tot(eV)            = -.13291100446548E+06    0.5186E+01
 -------------------------------------------
 iter=  11   ave_lin=  4.0  iCGmth=   3
 Ef(eV)               = 0.7065875E+00
 err of ug            = 0.5308E-03
 dv_ave, drho_tot     = 0.2989E-02 0.5858E-02
 E_tot(eV)            = -.13291035080404E+06    0.6537E+00
 -------------------------------------------
 iter=  12   ave_lin=  4.0  iCGmth=   3
 Ef(eV)               = 0.5668836E+00
 err of ug            = 0.3062E-03
 dv_ave, drho_tot     = 0.3543E-02 0.3678E-02
 E_tot(eV)            = -.13290981040113E+06    0.5404E+00
 -------------------------------------------
 iter=  13   ave_lin=  4.0  iCGmth=   3
 Ef(eV)               = 0.7862642E+00
 err of ug            = 0.3610E-03
 dv_ave, drho_tot     = 0.4258E-02 0.2875E-02
 E_tot(eV)            = -.13290926784622E+06    0.5426E+00
 -------------------------------------------
 iter=  14   ave_lin=  4.0  iCGmth=   3
 Ef(eV)               = 0.1036213E+01
 err of ug            = 0.3488E-03
 dv_ave, drho_tot     = 0.5831E-02 0.2266E-02
 E_tot(eV)            = -.13290878528499E+06    0.4826E+00
 -------------------------------------------
 iter=  15   ave_lin=  4.0  iCGmth=   3
 Ef(eV)               = 0.1272422E+01
 err of ug            = 0.3603E-03
 dv_ave, drho_tot     = 0.6271E-02 0.1811E-02
 E_tot(eV)            = -.13290847252959E+06    0.3128E+00
 -------------------------------------------
 iter=  16   ave_lin=  4.0  iCGmth=   3
 Ef(eV)               = 0.1457321E+01
 err of ug            = 0.2567E-03
 dv_ave, drho_tot     = 0.4016E-02 0.1386E-02
 E_tot(eV)            = -.13290840056449E+06    0.7197E-01
 -------------------------------------------
 iter=  17   ave_lin=  4.0  iCGmth=   3
 Ef(eV)               = 0.1577204E+01
 err of ug            = 0.2015E-03
 dv_ave, drho_tot     = 0.3570E-02 0.1078E-02
 E_tot(eV)            = -.13290837199135E+06    0.2857E-01
 -------------------------------------------
 iter=  18   ave_lin=  4.0  iCGmth=   3
 Ef(eV)               = 0.1648720E+01
 err of ug            = 0.1325E-03
 dv_ave, drho_tot     = 0.2864E-02 0.8094E-03
 E_tot(eV)            = -.13290835708612E+06    0.1491E-01
 -------------------------------------------
 iter=  19   ave_lin=  4.0  iCGmth=   3
 Ef(eV)               = 0.1747239E+01
 err of ug            = 0.1139E-03
 dv_ave, drho_tot     = 0.2520E-02 0.6188E-03
 E_tot(eV)            = -.13290833931350E+06    0.1777E-01
 -------------------------------------------
 iter=  20   ave_lin=  4.0  iCGmth=   3
 Ef(eV)               = 0.1845276E+01
 err of ug            = 0.1029E-03
 dv_ave, drho_tot     = 0.2265E-02 0.4621E-03
 E_tot(eV)            = -.13290832582995E+06    0.1348E-01
 -------------------------------------------
 iter=  21   ave_lin=  4.0  iCGmth=   3
 Ef(eV)               = 0.1910466E+01
 err of ug            = 0.6404E-04
 dv_ave, drho_tot     = 0.9390E-03 0.3774E-03
 E_tot(eV)            = -.13290831900912E+06    0.6821E-02
 -------------------------------------------
 iter=  22   ave_lin=  4.0  iCGmth=   3
 Ef(eV)               = 0.1958209E+01
 err of ug            = 0.5787E-04
 dv_ave, drho_tot     = 0.9188E-03 0.3034E-03
 E_tot(eV)            = -.13290831359735E+06    0.5412E-02
 -------------------------------------------
 iter=  23   ave_lin=  4.0  iCGmth=   3
 Ef(eV)               = 0.1988686E+01
 err of ug            = 0.5247E-04
 dv_ave, drho_tot     = 0.8274E-03 0.2530E-03
 E_tot(eV)            = -.13290830989530E+06    0.3702E-02
 -------------------------------------------
 E_Fermi(eV)=   1.98868588391141     
 ---------------------------------------------------
 Ef(eV)               = 0.1988686E+01
 dvE, dvE(n)-dvE(n-1) = 0.6845E-06 -.1597E-06
 dv_ave, drho_tot     = 0.8274E-03 0.2530E-03
 err of ug            = 0.5247E-04
 ---------------------------------------------------
 ending_scf_reason = tol Etot_err  5.279008887880000E-003
 Ewald        = -.42759873694702E+05
 Alpha        = 0.15207970391171E+04
 E_extV       = 0.00000000000000E+00    0.0000E+00
 E_NSC        = -.21242910332434E+05    0.6455E+00
 E[-rho*V_Hxc]= -.12105452929130E+06    -.6418E+00
 E_Hxc        = 0.50628206384015E+05    0.6683E+00
 -TS          = -.35910718661797E-12    -.2572E-12
 E_tot(eV)    = -.13290830989530E+06    0.3702E-02
 E_tot(Ryd)   = -.97685806814555E+04    0.1360E-03
 ---------------------------------------------------
 ---------------------------------------------------
 occup for:      kpt=1,spin=1,m=(totN/2-2,totN/2+2)
   1.000    1.000    1.000    0.000    0.000
 eigen(eV) for:  kpt=1,spin=1,m=(totN/2-2,totN/2+2)
  -2.065   -2.056   -1.783    2.716    2.826
 ---------------------------------------------------
 ---------------------------------------------------
 E_Hart,E_xc,E_ion =0.79348714385177E+05  -.28720508001162E+05  -.22141943199176E+06
 E_Hxc+E_ion       =-.17079122560774E+06
 E_kin+E_nonloc    =0.79121992368025E+05
 E_rhoVext,E_IVext     =0.00000000000000E+00  0.00000000000000E+00
 E_psiV,E_dDrho =-.10036510332784E+06  0.00000000000000E+00
 ave(vtot):v0 =-.77304267243426E+01
 ave(V_ion_s(or p,d))=ave(V_Hatree)=0; ave(Vtot)=ave(V_xc)=v0
 ---------------------------------------------------
 *********************************
 Eigen energies are values after setting ave(Vtot)=0
 For Vtot=V_ion+V_Hartree+V_xc, and
 ave(V_ion+V_Hatree)=0, ave(V_xc).ne.0:  E=E+v0
 *********************************
iislda,kpt=   1,    1      0.000000     0.000000     0.000000             kpoint in xyz unit 
 err of each states, A.U
  0.272826E-04     0.205098E-04     0.460163E-03     0.158828E-03     0.581828E-04
  0.156162E-04     0.306485E-04     0.156177E-04     0.162785E-04     0.139123E-04
  0.568587E-04     0.358945E-04     0.152008E-04     0.186935E-04     0.120433E-04
  0.205499E-04     0.149571E-04     0.158548E-04     0.238505E-04     0.146967E-04
  0.237012E-04     0.326013E-04     0.160545E-04     0.135565E-04     0.141629E-04
  0.203529E-04     0.147193E-04     0.454719E-04     0.146428E-04     0.142952E-04
  0.161495E-04     0.158603E-04     0.528006E-04     0.197452E-04     0.126796E-04
  0.510266E-04     0.254854E-04     0.160604E-04     0.184678E-04     0.188672E-04
  0.124911E-04     0.393252E-04     0.279148E-04     0.152078E-04     0.190941E-04
  0.271283E-04     0.151900E-04     0.144196E-04     0.160633E-04     0.184604E-04
  0.150550E-04     0.261325E-04     0.173780E-04     0.337060E-04     0.160796E-04
  0.149922E-04     0.157116E-04     0.883773E-04     0.175614E-04     0.160242E-04
  0.400395E-04     0.174325E-04     0.390963E-04     0.134957E-04     0.433094E-04
  0.238845E-04     0.149574E-04     0.446507E-04     0.240023E-04     0.138368E-04
  0.167275E-04     0.134015E-04     0.130502E-04     0.136991E-04     0.410235E-04
  0.982511E-05     0.164077E-04     0.118252E-04     0.120368E-04     0.129697E-04
  0.135539E-04     0.176228E-04     0.115092E-04     0.139608E-04     0.123953E-04
  0.113809E-04     0.705217E-04     0.119565E-04     0.249705E-04     0.323034E-04
  0.116104E-04     0.354690E-04     0.386364E-04     0.664950E-04     0.171624E-04
  0.306379E-04     0.187713E-04     0.223995E-04     0.294203E-04     0.239447E-04
  0.435421E-04     0.142195E-04     0.930843E-05     0.114184E-04     0.110893E-04
  0.124192E-04     0.673128E-04     0.770150E-04     0.135527E-04     0.794621E-04
  0.117261E-04     0.142803E-04     0.241118E-04     0.172364E-04     0.116306E-04
  0.274397E-04     0.122092E-04     0.135708E-04     0.104136E-04     0.207989E-04
  0.170630E-04     0.137072E-04     0.188342E-04     0.141178E-04     0.252437E-04
  0.331013E-04     0.116093E-04     0.121538E-04     0.172345E-04     0.161370E-04
  0.702256E-04     0.149814E-04     0.135431E-04     0.129780E-04     0.632476E-04
  0.151964E-04     0.812113E-04     0.218086E-04     0.140486E-04     0.169406E-04
  0.176681E-04     0.159546E-04     0.391241E-04     0.140198E-04     0.104774E-03
  0.205641E-04     0.210871E-04     0.176780E-04     0.161567E-04     0.320957E-04
  0.158258E-04     0.241944E-04     0.280032E-04     0.157626E-04     0.124172E-04
  0.112783E-04     0.112478E-04     0.198094E-04     0.386915E-04     0.210534E-04
  0.124557E-04     0.309524E-04     0.154595E-04     0.204041E-04     0.172478E-04
  0.141310E-04     0.106332E-04     0.215131E-04     0.533915E-04     0.515238E-04
  0.506656E-04     0.154990E-04     0.186587E-04     0.107532E-04     0.114904E-04
  0.298195E-04     0.147006E-04     0.142519E-04     0.942574E-05     0.450344E-04
  0.144401E-04     0.157493E-04     0.102627E-04     0.216495E-04     0.158647E-04
  0.660568E-04     0.107139E-04     0.985321E-05     0.144760E-04     0.129414E-04
  0.211355E-04     0.114659E-04     0.123251E-04     0.111694E-04     0.142147E-04
  0.126189E-04     0.134382E-04     0.188097E-04     0.117401E-04     0.115055E-04
  0.134978E-04     0.136255E-04     0.174752E-04     0.222092E-04     0.364221E-04
  0.109266E-04     0.118496E-04     0.159721E-04     0.194384E-04     0.133697E-04
  0.157430E-04     0.153966E-04     0.168865E-04     0.125564E-04     0.160851E-04
  0.108134E-04     0.142944E-04     0.181595E-04     0.175941E-04     0.110685E-04
  0.146523E-04     0.162958E-04     0.119226E-04     0.113555E-04     0.136156E-04
  0.148728E-04     0.204097E-04     0.110066E-04     0.173831E-04     0.148378E-04
  0.150539E-04     0.201259E-04     0.154954E-04     0.123284E-04     0.172142E-04
  0.106837E-04     0.132343E-04     0.170230E-04     0.182131E-04     0.248716E-04
  0.132900E-04     0.191044E-04     0.168997E-04     0.146115E-04     0.138445E-04
  0.154235E-04     0.129557E-04     0.117138E-04     0.155935E-04     0.114519E-04
  0.147316E-04     0.126339E-04     0.188647E-04     0.164637E-04     0.183491E-04
  0.183102E-04     0.127267E-04     0.142953E-04     0.144382E-04     0.188470E-04
  0.202164E-04     0.241039E-04     0.129544E-04     0.217919E-04     0.134161E-04
  0.134070E-04     0.243789E-04     0.134560E-04     0.144356E-04     0.180935E-04
  0.150050E-04     0.120602E-04     0.197054E-04     0.349113E-04     0.196210E-04
  0.177757E-04     0.200683E-04     0.185254E-04     0.222973E-04     0.227753E-04
  0.183597E-04     0.176462E-04     0.174763E-04     0.188596E-04     0.188018E-04
  0.149071E-04     0.146126E-04     0.144873E-04     0.163829E-04     0.191630E-04
  0.105214E-04     0.301225E-04     0.232516E-04     0.312272E-04     0.162297E-04
  0.162562E-04     0.255596E-04     0.174199E-04     0.151544E-04     0.168002E-04
  0.255681E-04     0.205756E-04     0.168913E-04     0.207245E-04     0.188842E-04
  0.178975E-04     0.184325E-04     0.178730E-04     0.277654E-04     0.203065E-04
  0.161929E-04     0.204496E-04     0.303029E-04     0.279729E-04     0.222879E-04
  0.220914E-04     0.223243E-04     0.309882E-04     0.249466E-04     0.252447E-04
  0.235310E-04     0.255880E-04     0.239823E-04     0.291518E-04     0.209679E-04
  0.239734E-04     0.188016E-04     0.205273E-04     0.184792E-04     0.240819E-04
  0.269620E-04     0.183036E-04     0.210792E-04     0.259539E-04     0.177514E-04
  0.247398E-04     0.219855E-04     0.307467E-04     0.206086E-04     0.184203E-04
  0.278230E-04     0.236362E-04     0.264662E-04     0.228013E-04     0.205491E-04
  0.266405E-04     0.239221E-04     0.213153E-04     0.212760E-04     0.188985E-04
  0.187993E-04     0.231052E-04     0.251764E-04     0.229395E-04     0.187830E-04
  0.218747E-04     0.232272E-04     0.284778E-04     0.259722E-04     0.221206E-04
  0.239744E-04     0.234270E-04     0.171870E-04     0.216132E-04     0.184508E-04
  0.269254E-04     0.194332E-04     0.244429E-04     0.240380E-04     0.233058E-04
  0.151836E-04     0.188688E-04     0.242962E-04     0.278374E-04     0.265747E-04
  0.225426E-04     0.212091E-04     0.259170E-04     0.198466E-04     0.191805E-04
  0.205793E-04     0.225389E-04     0.211066E-04     0.262559E-04     0.360247E-04
  0.150375E-04     0.235290E-04     0.278015E-04     0.197728E-04     0.288680E-04
  0.229132E-04     0.259298E-04     0.291699E-04     0.229390E-04     0.229892E-04
  0.279135E-04     0.318826E-04     0.231307E-04     0.230534E-04     0.221467E-04
  0.299818E-04     0.280665E-04     0.232202E-04     0.458734E-04     0.233843E-04
  0.206617E-04     0.246531E-04     0.245302E-04     0.215522E-04     0.217479E-04
  0.259143E-04     0.273407E-04     0.311512E-04     0.329843E-04     0.296406E-04
  0.234920E-04     0.225073E-04     0.256900E-04     0.377343E-04     0.329875E-04
  0.319389E-04     0.211002E-04     0.254446E-04     0.267865E-04     0.253517E-04
  0.324051E-04     0.303549E-04     0.296301E-04     0.209708E-04     0.250752E-04
  0.264427E-04     0.285121E-04     0.318100E-04     0.316303E-04     0.323363E-04
  0.376853E-04     0.336637E-04     0.215314E-04     0.285587E-04     0.227013E-04
  0.374006E-04     0.317696E-04     0.252736E-04     0.258411E-04     0.275982E-04
  0.261882E-04     0.415809E-04     0.211643E-04     0.234327E-04     0.229872E-04
  0.260415E-04     0.208950E-04     0.279135E-04     0.253575E-04     0.412514E-04
  0.301792E-04     0.356204E-04     0.277738E-04     0.238748E-04     0.245667E-04
  0.250156E-04     0.289041E-04     0.270232E-04     0.301239E-04     0.317337E-04
  0.237824E-04     0.224493E-04     0.230068E-04     0.500939E-04     0.322306E-04
  0.216440E-04     0.259098E-04     0.232197E-04     0.305561E-04     0.295643E-04
  0.187167E-04     0.267046E-04     0.294977E-04     0.232547E-04     0.399014E-04
  0.190136E-04     0.295153E-04     0.397672E-04     0.320722E-04     0.162048E-04
  0.406028E-04     0.246226E-04     0.145187E-04     0.245861E-04     0.191720E-04
  0.197136E-04     0.183921E-04     0.217280E-04     0.182147E-04     0.197502E-04
  0.255997E-04     0.200964E-04     0.226095E-04     0.226620E-04     0.233573E-04
  0.188875E-04     0.208939E-04     0.236628E-04     0.220696E-04     0.185995E-04
  0.170740E-04     0.263108E-04     0.188163E-04     0.265970E-04     0.237757E-04
  0.221698E-04     0.207605E-04     0.215275E-04     0.226777E-04     0.207836E-04
  0.213903E-04     0.214270E-04     0.209427E-04     0.250747E-04     0.195968E-04
  0.187473E-04     0.226719E-04     0.228266E-04     0.243395E-04     0.256994E-04
  0.293714E-04     0.353301E-04     0.196663E-04     0.172532E-04     0.265966E-04
  0.169018E-04     0.225810E-04     0.424431E-04     0.199273E-04     0.318013E-04
  0.250583E-04     0.236475E-04     0.145288E-04     0.277975E-04     0.176688E-04
  0.260758E-04     0.213773E-04     0.258007E-04     0.201800E-04     0.339515E-04
  0.303508E-04     0.157150E-04     0.116421E-04     0.164634E-04     0.222540E-04
  0.236837E-04     0.162727E-04     0.155031E-04     0.232712E-04     0.178995E-04
  0.162577E-04     0.177712E-04     0.203295E-04     0.242979E-04     0.219425E-04
  0.167475E-04     0.249103E-04     0.231153E-04     0.204864E-04     0.250369E-04
  0.271461E-04     0.279427E-04     0.175480E-04     0.189217E-04     0.198918E-04
  0.217919E-04     0.200633E-04     0.197136E-04     0.233677E-04     0.207592E-04
  0.243321E-04     0.222216E-04     0.214367E-04     0.157472E-04     0.180994E-04
  0.191512E-04     0.182817E-04     0.214548E-04     0.196309E-04     0.185173E-04
  0.225768E-04     0.230740E-04     0.202234E-04     0.192654E-04     0.228308E-04
  0.207357E-04     0.236211E-04     0.230847E-04     0.215177E-04     0.208228E-04
  0.222927E-04     0.210741E-04     0.254403E-04     0.232424E-04     0.230272E-04
  0.201072E-04     0.238017E-04     0.208245E-04     0.229075E-04     0.253485E-04
  0.263535E-04     0.203978E-04     0.201327E-04     0.234964E-04     0.203669E-04
  0.249421E-04     0.209089E-04     0.213085E-04     0.228750E-04     0.217302E-04
  0.217463E-04     0.247965E-04     0.227473E-04     0.212271E-04     0.203710E-04
  0.230649E-04     0.197032E-04     0.222842E-04     0.209611E-04     0.223305E-04
  0.196917E-04     0.252051E-04     0.208897E-04     0.222329E-04     0.238127E-04
  0.299825E-04     0.245268E-04     0.230050E-04     0.266939E-04     0.295184E-04
  0.189633E-04     0.186867E-04     0.194809E-04     0.191925E-04     0.213200E-04
  0.208552E-04     0.214104E-04     0.190958E-04     0.174830E-04     0.232848E-04
  0.198857E-04     0.195824E-04     0.222270E-04     0.194387E-04     0.298326E-04
  0.312321E-04     0.253280E-04     0.203360E-04     0.248135E-04     0.226507E-04
  0.214661E-04     0.244935E-04     0.244799E-04     0.235618E-04     0.237849E-04
  0.234654E-04     0.247849E-04     0.271811E-04     0.253831E-04     0.244571E-04
  0.253690E-04     0.216757E-04     0.296728E-04     0.197931E-04     0.260056E-04
  0.230965E-04     0.221612E-04     0.239666E-04     0.221341E-04     0.323304E-04
  0.246022E-04     0.253185E-04     0.213118E-04     0.263055E-04     0.250205E-04
  0.196317E-04     0.266511E-04     0.231352E-04     0.223202E-04     0.261033E-04
  0.289701E-04     0.244409E-04     0.267274E-04     0.285356E-04     0.215984E-04
  0.274157E-04     0.279497E-04     0.250571E-04     0.255016E-04     0.241904E-04
  0.263437E-04     0.244498E-04     0.266675E-04     0.246406E-04     0.252562E-04
  0.293905E-04     0.278482E-04     0.246253E-04     0.253811E-04     0.260188E-04
  0.296398E-04     0.207191E-04     0.289740E-04     0.263693E-04     0.247295E-04
  0.266220E-04     0.278414E-04     0.272282E-04     0.270085E-04     0.262870E-04
  0.301179E-04     0.270834E-04     0.270633E-04     0.279723E-04     0.386204E-04
  0.239668E-04     0.375266E-04     0.291076E-04     0.294543E-04     0.318712E-04
  0.241180E-04     0.276305E-04     0.280137E-04     0.254946E-04     0.273919E-04
  0.298776E-04     0.250938E-04     0.253005E-04     0.253783E-04     0.256594E-04
  0.272469E-04     0.259685E-04     0.263445E-04     0.280592E-04     0.269719E-04
  0.249494E-04     0.270344E-04     0.257826E-04     0.292955E-04     0.231627E-04
  0.275178E-04     0.217572E-04     0.260749E-04     0.263509E-04     0.278525E-04
  0.256948E-04     0.338295E-04     0.258720E-04     0.274043E-04     0.251555E-04
  0.292164E-04     0.275115E-04     0.233314E-04     0.268662E-04     0.270492E-04
  0.294928E-04     0.298903E-04     0.276481E-04     0.239818E-04     0.230117E-04
  0.292432E-04     0.295261E-04     0.237697E-04     0.354193E-04     0.303532E-04
  0.327255E-04     0.346494E-04     0.311717E-04     0.298351E-04     0.308221E-04
  0.333785E-04     0.382434E-04     0.267076E-04     0.384360E-04     0.329636E-04
  0.318560E-04     0.354798E-04     0.295454E-04     0.299420E-04     0.324199E-04
  0.279625E-04     0.312799E-04     0.328060E-04     0.363771E-04     0.286409E-04
  0.331317E-04     0.304209E-04     0.330206E-04     0.317610E-04     0.300445E-04
  0.280724E-04     0.305349E-04     0.292234E-04     0.317740E-04     0.348856E-04
  0.287445E-04     0.295185E-04     0.298954E-04     0.294697E-04     0.275645E-04
  0.310003E-04     0.293862E-04     0.277744E-04     0.277930E-04     0.300165E-04
  0.341485E-04     0.344450E-04     0.316029E-04     0.291920E-04     0.285470E-04
  0.335230E-04     0.262658E-04     0.298704E-04     0.291655E-04     0.282702E-04
  0.306049E-04     0.359678E-04     0.316201E-04     0.301534E-04     0.287311E-04
  0.297145E-04     0.311254E-04     0.318058E-04     0.379905E-04     0.397244E-04
  0.280702E-04     0.323564E-04     0.319884E-04     0.373693E-04     0.310635E-04
  0.308140E-04     0.290408E-04     0.272089E-04     0.417454E-04     0.366083E-04
  0.290179E-04     0.264811E-04     0.260771E-04     0.422921E-04     0.328919E-04
  0.285862E-04     0.245966E-04     0.260185E-04     0.305108E-04     0.301425E-04
  0.368565E-04     0.338663E-04     0.381406E-04     0.248595E-04     0.439087E-04
  0.407896E-04     0.314430E-04     0.347943E-04     0.456699E-04     0.371460E-04
  0.515067E-04     0.284306E-04     0.414632E-04     0.292681E-04     0.534082E-04
  0.352129E-04     0.296218E-04     0.335327E-04     0.246813E-04     0.276447E-04
  0.558109E-04     0.537092E-04     0.467995E-04     0.458655E-04     0.283277E-04
  0.397135E-04     0.396359E-04     0.386521E-04     0.341971E-04     0.515267E-04
  0.526703E-04     0.372149E-04     0.374453E-04     0.430557E-04     0.420678E-04
  0.358016E-04     0.380670E-04     0.354274E-04     0.367530E-04     0.449209E-04
  0.354402E-04     0.339321E-04     0.374813E-04     0.712319E-04     0.441122E-04
  0.366881E-04     0.281438E-04     0.375170E-04     0.383517E-04     0.408179E-04
  0.379840E-04     0.398408E-04     0.413652E-04     0.433977E-04     0.427241E-04
  0.427780E-04     0.320143E-04     0.391188E-04     0.418605E-04     0.347793E-04
  0.332400E-04     0.325836E-04     0.445524E-04     0.402027E-04     0.378037E-04
  0.367604E-04     0.367403E-04     0.483876E-04     0.308102E-04     0.476783E-04
  0.457285E-04     0.278958E-04     0.351586E-04     0.262081E-04     0.286901E-04
  0.686324E-04     0.464113E-04     0.554889E-04     0.245297E-04     0.312419E-04
  0.268417E-04     0.394836E-04     0.237414E-04     0.180153E-04     0.381230E-04
  0.470673E-04     0.414033E-04     0.305576E-04     0.272822E-04     0.262427E-04
  0.524666E-04     0.289731E-04     0.882263E-04     0.481912E-04     0.331798E-04
  0.425311E-04     0.352793E-04     0.352601E-04     0.427114E-04     0.427905E-04
  0.345654E-04     0.226298E-04     0.431122E-04     0.357225E-04     0.244706E-04
  0.305991E-04     0.240237E-04     0.336040E-04     0.211280E-04     0.378882E-04
  0.402570E-04     0.428317E-04     0.277852E-04     0.358527E-04     0.525740E-04
  0.401918E-04     0.473353E-04     0.365094E-04     0.298984E-04     0.265736E-04
  0.122345E-03     0.117142E-03     0.834905E-04     0.195792E-03     0.119085E-03
  0.128075E-03     0.174201E-03     0.217947E-03     0.169167E-03     0.273615E-03
  0.223912E-03     0.576389E-03     0.490966E-03     0.736388E-03     0.810252E-03
  0.678624E-03     0.848569E-03     0.815489E-03     0.112880E-02     0.984391E-03
  0.700447E-03     0.104247E-02     0.106318E-02     0.103262E-02     0.209409E-02
  0.106672E-02     0.108711E-02     0.251746E-02     0.222242E-02     0.241412E-02
  0.230024E-02     0.252990E-02     0.371936E-02     0.226809E-02     0.278840E-02
  0.326321E-02     0.488928E-02     0.380440E-02     0.498263E-02     0.315294E-02
  0.261009E-02     0.424138E-02     0.652476E-02     0.384902E-02     0.527875E-02
  0.513552E-02     0.524690E-02     0.715571E-02     0.838925E-02     0.607600E-02
  0.836327E-02     0.516778E-02     0.979144E-02     0.115906E-01     0.104751E-01
  0.773458E-02     0.106081E-01     0.123928E-01
 eigen energies, in eV 
    -44.388282       -44.306940       -44.205851       -44.195596       -43.900967
    -28.237160       -28.210149       -28.149788       -28.076004       -27.973540
    -27.942256       -27.924607       -27.887937       -27.856308       -27.845882
    -27.840991       -27.821284       -27.784693       -27.725153       -27.723018
    -27.710759       -27.663187       -27.646368       -27.604982       -27.596543
    -27.592408       -27.581986       -27.562173       -27.547574       -27.540636
    -27.496372       -27.443914       -27.361801       -27.360812       -27.328829
    -27.318988       -27.299999       -27.294104       -27.284519       -27.268888
    -27.235656       -27.229768       -27.226822       -27.201976       -27.181358
    -27.142236       -27.138156       -27.121838       -27.099730       -27.037367
    -27.002110       -26.995920       -26.976677       -26.926665       -26.922491
    -26.839058       -26.825966       -26.800546       -26.787032       -26.774528
    -26.761866       -26.756415       -26.689643       -26.639827       -26.602365
    -26.595012       -26.585429       -26.559929       -26.554218       -26.509815
    -26.390658       -26.354214       -26.348509       -26.326136       -26.307125
    -26.298187       -26.286455       -26.228729       -26.228292       -26.192815
    -26.174634       -26.160098       -26.159623       -26.086165       -26.028899
    -26.020502       -25.987254       -25.979129       -25.937461       -25.878988
    -25.872367       -25.870001       -25.851360       -25.848912       -25.821107
    -25.806152       -25.792711       -25.785989       -25.766768       -25.762912
    -25.705427       -25.679971       -25.675826       -25.666766       -25.646615
    -25.640619       -25.638383       -25.612469       -25.607070       -25.586383
    -25.584554       -25.545284       -25.545083       -25.509799       -25.489999
    -25.471670       -25.442946       -25.427642       -25.422480       -25.403265
    -25.389821       -25.331361       -25.309371       -25.296941       -25.291262
    -25.280834       -25.265430       -25.265294       -25.219060       -25.198297
    -25.170061       -25.131307       -25.027001       -25.002701       -24.954868
    -24.003542       -23.835864       -23.682545       -23.565301       -23.550677
    -23.544250       -23.509151       -23.494178       -23.454945       -23.433355
    -23.422704       -23.416283       -23.364990       -23.336286       -23.322159
    -23.314334       -23.303642       -23.251643       -23.223661       -23.221456
    -23.161504       -23.044113       -23.042448       -23.042276       -23.022156
    -23.005562       -22.948692       -22.939073       -22.894301       -22.880412
    -22.847759       -22.821660       -22.733131       -22.707611       -22.694617
    -21.797360       -21.480881       -21.429761       -21.368791       -21.333793
    -21.299565       -21.229621       -21.223382       -21.173768       -21.148598
    -21.137939       -21.108567       -21.076597       -21.074815       -21.072167
    -21.037702       -20.928250       -20.803971       -20.789631       -20.546206
    -18.503591       -18.457878       -18.386046       -18.227736       -18.137400
    -16.207449       -16.186463       -16.181129       -16.128112       -16.074206
    -16.072713       -16.040627       -16.015244       -15.995416       -15.942256
    -15.790219       -15.753731       -15.686247       -15.513849       -15.492902
    -14.985402       -14.923545       -14.887373       -14.880331       -14.870106
    -14.844659       -14.784868       -14.742341       -14.727234       -14.637455
    -14.625752       -14.578142       -14.562718       -14.542949       -14.539384
    -14.533897       -14.524015       -14.489668       -14.483481       -14.452714
    -14.426028       -14.372570       -14.364740       -14.049407       -14.022582
    -13.764137       -13.655670       -13.586755       -13.514743       -13.502738
    -13.488334       -13.477107       -13.456591       -13.418532       -13.388865
    -13.387472       -13.376936       -13.367765       -13.331061       -13.304318
    -13.303142       -13.297001       -13.281841       -13.274202       -13.255392
    -13.248610       -13.231955       -13.163288       -13.155429       -13.146527
    -13.088788       -13.058751       -13.048920       -13.017336       -12.786253
    -12.171543       -12.116673       -12.011759       -12.010267       -11.990634
    -11.973836       -11.931077       -11.927583       -11.896900       -11.879934
    -11.850622       -11.824318       -11.777643       -11.649020       -11.644668
    -11.631066       -11.543563       -11.540592       -11.527134       -11.461923
    -11.425932       -11.387086       -11.375056       -11.366801       -11.290637
    -11.274081       -11.215708       -11.186987       -11.181180       -11.087947
    -11.072782       -11.042389       -11.041562       -10.999185       -10.995283
    -10.885665       -10.849006       -10.807357       -10.734932       -10.662902
    -10.652962       -10.621733       -10.560968       -10.539194       -10.521182
    -10.489636       -10.467508       -10.448774       -10.429559       -10.427691
    -10.400405       -10.385747       -10.360376       -10.349339       -10.332448
    -10.329230       -10.303752       -10.287610       -10.269731       -10.261701
    -10.257987       -10.252079       -10.244655       -10.236450       -10.228057
    -10.212042       -10.191452       -10.186573       -10.183021       -10.166949
    -10.144755       -10.121286       -10.098093       -10.094926       -10.077116
    -10.075012       -10.052331       -10.041417       -10.021207       -10.014896
    -10.002287        -9.990770        -9.988324        -9.960976        -9.951520
     -9.943429        -9.918714        -9.906934        -9.904809        -9.886043
     -9.869619        -9.856833        -9.851992        -9.842364        -9.817193
     -9.809130        -9.791552        -9.785344        -9.779105        -9.773861
     -9.744232        -9.726707        -9.684687        -9.672017        -9.667212
     -9.654367        -9.649022        -9.636388        -9.615862        -9.605142
     -9.592110        -9.567691        -9.564546        -9.558820        -9.548045
     -9.544621        -9.531635        -9.497380        -9.481490        -9.469101
     -9.466420        -9.451068        -9.444144        -9.435178        -9.428466
     -9.420239        -9.368184        -9.358455        -9.354339        -9.346361
     -9.334277        -9.327018        -9.302230        -9.292317        -9.281666
     -9.279039        -9.263407        -9.259006        -9.204261        -9.188412
     -9.157435        -9.143100        -9.135943        -9.130409        -9.127003
     -9.108842        -9.098993        -9.080258        -9.053358        -9.044717
     -9.019550        -9.011700        -9.002489        -8.991053        -8.982512
     -8.960987        -8.954965        -8.942304        -8.939315        -8.934202
     -8.927338        -8.923723        -8.904263        -8.900228        -8.893560
     -8.886573        -8.876333        -8.866178        -8.849108        -8.844024
     -8.838439        -8.834063        -8.785197        -8.767874        -8.753791
     -8.739530        -8.725700        -8.712851        -8.707515        -8.701646
     -8.695660        -8.675271        -8.652846        -8.641830        -8.628015
     -8.600624        -8.591925        -8.573594        -8.557711        -8.538693
     -8.525523        -8.510049        -8.499790        -8.485309        -8.466411
     -8.464256        -8.449048        -8.407527        -8.392786        -8.374658
     -8.352137        -8.333914        -8.329831        -8.323343        -8.306205
     -8.286583        -8.255191        -8.249515        -8.245860        -8.228869
     -8.206754        -8.140697        -8.138762        -8.119736        -8.117610
     -8.105258        -8.085914        -8.060992        -8.047015        -8.032568
     -7.994670        -7.972164        -7.948081        -7.942606        -7.870301
     -7.862191        -7.841605        -7.820188        -7.797732        -7.791973
     -7.778923        -7.765935        -7.729529        -7.709935        -7.708972
     -7.698398        -7.670026        -7.656686        -7.595324        -7.587548
     -7.575267        -7.528935        -7.507800        -7.480665        -7.474624
     -7.448404        -7.408822        -7.387204        -7.373078        -7.327262
     -7.324438        -7.299349        -7.266862        -7.258475        -7.248166
     -7.232807        -7.197721        -7.179628        -7.177207        -7.165340
     -7.152496        -7.133423        -7.120782        -7.107709        -7.025435
     -7.005712        -7.002218        -6.987194        -6.975153        -6.961947
     -6.954007        -6.929021        -6.904683        -6.882656        -6.855450
     -6.832102        -6.831029        -6.822367        -6.772245        -6.765237
     -6.760551        -6.749813        -6.745916        -6.721478        -6.699206
     -6.684885        -6.665658        -6.653579        -6.640762        -6.621293
     -6.593583        -6.587010        -6.571962        -6.566716        -6.556872
     -6.535371        -6.518954        -6.511617        -6.495332        -6.485965
     -6.473655        -6.470893        -6.447877        -6.433181        -6.421470
     -6.416124        -6.401778        -6.381599        -6.358437        -6.351735
     -6.344143        -6.339108        -6.333531        -6.320547        -6.309446
     -6.295252        -6.288046        -6.278222        -6.251984        -6.243925
     -6.231159        -6.227659        -6.215129        -6.211465        -6.204835
     -6.184692        -6.168727        -6.168011        -6.167114        -6.145759
     -6.142254        -6.125676        -6.124059        -6.121676        -6.110885
     -6.109677        -6.095263        -6.093897        -6.088403        -6.081655
     -6.067551        -6.061982        -6.057871        -6.051210        -6.046275
     -6.034962        -6.033621        -6.019098        -6.011652        -6.001308
     -5.994110        -5.986753        -5.965973        -5.964344        -5.959797
     -5.949095        -5.934048        -5.925916        -5.918949        -5.906555
     -5.902011        -5.891693        -5.879737        -5.876816        -5.866173
     -5.859182        -5.855099        -5.849021        -5.833540        -5.829180
     -5.819561        -5.796271        -5.793127        -5.785173        -5.778961
     -5.774662        -5.760209        -5.752040        -5.745571        -5.739009
     -5.728472        -5.724077        -5.721304        -5.717776        -5.699082
     -5.695181        -5.694153        -5.683773        -5.676410        -5.664977
     -5.662958        -5.657851        -5.639594        -5.635219        -5.629499
     -5.618330        -5.616851        -5.612962        -5.602277        -5.601370
     -5.594510        -5.588102        -5.581428        -5.574090        -5.563400
     -5.561178        -5.553545        -5.544047        -5.540799        -5.518407
     -5.511182        -5.504657        -5.498812        -5.489396        -5.486590
     -5.484405        -5.476210        -5.462422        -5.456955        -5.452216
     -5.446837        -5.439765        -5.436830        -5.426053        -5.421671
     -5.415381        -5.407777        -5.404894        -5.395455        -5.384641
     -5.384245        -5.373371        -5.363712        -5.361392        -5.357894
     -5.352026        -5.343352        -5.335914        -5.327081        -5.324766
     -5.319651        -5.315573        -5.310425        -5.309289        -5.307693
     -5.298836        -5.290414        -5.285535        -5.274169        -5.270146
     -5.265118        -5.260599        -5.251903        -5.243304        -5.233241
     -5.228153        -5.222030        -5.218454        -5.210581        -5.196754
     -5.189316        -5.182122        -5.176739        -5.172543        -5.164221
     -5.160378        -5.156323        -5.147890        -5.147129        -5.138753
     -5.134361        -5.132639        -5.126168        -5.118439        -5.116960
     -5.112302        -5.109954        -5.101092        -5.098143        -5.089553
     -5.085921        -5.076735        -5.073659        -5.067125        -5.056651
     -5.053406        -5.046542        -5.039074        -5.032564        -5.026576
     -5.015543        -5.006594        -5.001978        -4.993185        -4.991625
     -4.981716        -4.978680        -4.969297        -4.959198        -4.958336
     -4.954173        -4.945186        -4.944397        -4.939740        -4.929362
     -4.925715        -4.920465        -4.917327        -4.916364        -4.903490
     -4.895802        -4.882779        -4.875751        -4.870343        -4.865300
     -4.858149        -4.855409        -4.846598        -4.837376        -4.832907
     -4.825448        -4.821526        -4.805645        -4.796631        -4.795746
     -4.790255        -4.776020        -4.774703        -4.766202        -4.749938
     -4.745300        -4.742038        -4.734404        -4.731834        -4.727474
     -4.718918        -4.718034        -4.708074        -4.698868        -4.690099
     -4.687891        -4.684375        -4.680138        -4.672606        -4.668757
     -4.659942        -4.653186        -4.647836        -4.645555        -4.634987
     -4.634268        -4.620583        -4.614454        -4.607495        -4.603894
     -4.597952        -4.589563        -4.569014        -4.562631        -4.548320
     -4.538306        -4.529359        -4.507490        -4.500484        -4.490606
     -4.484314        -4.480412        -4.470504        -4.467014        -4.450587
     -4.430676        -4.419923        -4.402310        -4.397289        -4.378017
     -4.361069        -4.341303        -4.328134        -4.303339        -4.291865
     -4.281182        -4.258027        -4.239112        -4.220198        -4.209983
     -4.191517        -4.177199        -4.174262        -4.138045        -4.117870
     -4.102511        -4.077630        -4.058641        -4.017581        -3.995880
     -3.977527        -3.954064        -3.942097        -3.922897        -3.884020
     -3.872736        -3.864977        -3.830418        -3.827606        -3.818865
     -3.804953        -3.790308        -3.777121        -3.773720        -3.759766
     -3.738784        -3.720480        -3.713931        -3.709875        -3.700649
     -3.693014        -3.678377        -3.668382        -3.662115        -3.650255
     -3.638280        -3.633974        -3.628130        -3.587965        -3.583293
     -3.580998        -3.567343        -3.552690        -3.546603        -3.542861
     -3.531231        -3.519903        -3.508821        -3.489013        -3.471633
     -3.444402        -3.434277        -3.425811        -3.415749        -3.410726
     -3.401838        -3.393066        -3.389627        -3.381172        -3.367945
     -3.363209        -3.344867        -3.326370        -3.321650        -3.314765
     -3.305522        -3.294469        -3.291321        -3.285565        -3.263064
     -3.260023        -3.255753        -3.224753        -3.206347        -3.188217
     -3.169792        -3.168463        -3.160323        -3.106230        -3.098617
     -3.060873        -3.036658        -3.017946        -2.964468        -2.956230
     -2.932236        -2.925722        -2.888935        -2.818848        -2.744296
     -2.696753        -2.690788        -2.668122        -2.647982        -2.638406
     -2.626499        -2.614906        -2.610035        -2.606798        -2.597028
     -2.573611        -2.570600        -2.505249        -2.460746        -2.454950
     -2.388400        -2.373636        -2.329902        -2.273909        -2.268735
     -2.245475        -2.230115        -2.193018        -2.177500        -2.169225
     -2.165336        -2.150423        -2.065061        -2.055944        -1.783051
      2.715712         2.826194         2.871458         2.882286         2.957142
      2.967389         3.036112         3.073735         3.179502         3.221070
      3.227600         3.280208         3.305941         3.369487         3.404600
      3.417598         3.448272         3.486266         3.519395         3.528905
      3.570152         3.593808         3.643894         3.659994         3.686796
      3.707995         3.729811         3.779004         3.791637         3.797326
      3.824002         3.840744         3.849980         3.859887         3.895049
      3.923795         3.935624         3.961764         3.990236         4.000030
      4.005659         4.039517         4.048202         4.065859         4.082316
      4.099258         4.123438         4.156889         4.174540         4.202549
      4.212365         4.234395         4.264218         4.283866         4.348307
      4.368237         4.380969         4.470830
 *********************************
 total computation time (sec)=   1996.74598884583     
