 AEM_Eatom=  1.195795989708377E-002
 AEM_Egroup=  1.837851799911209E-003
 AEM_Etot=  7.879406304553209E-004
 AEM_F=  0.502502396329123     
