 AEM_Eatom=  5.052317108720468E-002
 AEM_Egroup=  2.078844528465283E-003
 AEM_Etot=  3.832834233635824E-003
 AEM_F=  0.503590847071664     
