 AEM_Eatom=  1.523357402287938E-002
 AEM_Egroup=  2.556290827398363E-003
 AEM_Etot=  8.127569242733521E-004
 AEM_F=  0.502374211502177     
