 AEM_Eatom=  1.330393219688489E-002
 AEM_Egroup=  1.932964682485522E-003
 AEM_Etot=  1.765786918998436E-003
 AEM_F=  0.516901837809682     
