 AEM_Eatom=  9.666345670397990E-002
 AEM_Egroup=  4.503183048793370E-003
 AEM_Etot=  1.634032646879361E-003
 AEM_F=  0.501935618314944     
