 AEM_Eatom=  4.258522257437201E-002
 AEM_Egroup=  3.760231235377288E-003
 AEM_Etot=  1.182167394971701E-003
 AEM_F=  0.653992894678380     
