 AEM_Eatom=  2.226162798823991E-002
 AEM_Egroup=  3.441967950650664E-003
 AEM_Etot=  6.956465527733702E-004
 AEM_F=  0.501144413295893     
