 AEM_Eatom=  5.303528046467245E-003
 AEM_Egroup=  6.539480270313367E-004
 AEM_Etot=  6.276427528263351E-003
 AEM_F=  0.500280022794391     
