 AEM_Eatom=  9.519190838701286E-002
 AEM_Egroup=  1.591815245134746E-002
 AEM_Etot=  1.192525451889063E-002
 AEM_F=  0.604385397001951     
