 AEM_Eatom=  9.852849347856303E-003
 AEM_Egroup=  6.080492052692084E-004
 AEM_Etot=  6.331195565061840E-004
 AEM_F=  0.501133988022296     
