 AEM_Eatom=  0.113440034052010     
 AEM_Egroup=  1.794065074129307E-002
 AEM_Etot=  1.342721656491131E-002
 AEM_F=  0.636032629083223     
