 AEM_Eatom=  4.789780741516867E-003
 AEM_Egroup=  3.122539548479518E-004
 AEM_Etot=  9.720528815939928E-004
 AEM_F=  0.501062020174598     
