-0.0009430910 -0.0324299775
-0.0597370910 -0.0634502827
0.0009489090 -0.0202306432
0.3676999090 0.3630072516
0.0008099090 0.0019240040
-0.0190970910 -0.0242019971
-0.0766600910 -0.1060446107
-0.0099220910 -0.0346781924
0.0008669090 -0.0093478318
-0.0013140910 -0.0120768194
-0.0514800910 -0.0845853796
-0.1359760910 -0.1261835792
-0.0481050910 -0.0635699825
-0.0099520910 -0.0405466710
-0.0047440910 -0.0145686811
-0.0028650910 -0.0354958342
0.2747729090 0.2812195363
-0.0130210910 -0.0083888192
-0.0113120910 -0.0247998033
-0.0820460910 -0.0995329108
0.0126899090 0.0062730864
0.0002099090 -0.0301150736
0.0004619090 -0.0170029049
-0.0066350910 -0.0363856648
0.0013029090 -0.0111197381
-0.0013910910 -0.0067075729
0.0008159090 0.0035761209
-0.0072590910 -0.0216846705
-0.0379840910 -0.0405459084
-0.0643210910 -0.0693770226
-0.0027970910 -0.0101783973
-0.0400630910 -0.0557959354
-0.0065310910 -0.0288771573
-0.0003900910 -0.0286385228
-0.0017090910 -0.0123078720
-0.0216110910 -0.0220622942
-0.0085830910 -0.0333937120
-0.0419040910 -0.0640106335
-0.0315460910 -0.0590210487
-0.0064060910 -0.0198387165
0.0000749090 -0.0172809871
-0.0066610910 -0.0296016399
-0.0053200910 -0.0153804733
0.4313459090 0.3729584178
-0.0074990910 -0.0153316085
-0.0681170910 -0.0487099136
-0.0933600910 -0.1388636137
0.1762999090 0.2150356970
-0.0113590910 -0.0029121851
-0.0018080910 -0.0172291424
-0.0617880910 -0.0675132374
-0.0034630910 -0.0229911894
0.8514159090 0.6224186760
-0.1325270910 -0.1232743358
-0.0391910910 -0.0539559853
-0.0006090910 -0.0153724325
-0.0020350910 -0.0279071028
-0.0035030910 -0.0367593301
-0.0046950910 -0.0115563371
-0.0293940910 -0.0402332651
0.0748069090 0.0215420015
-0.0645000910 -0.0795121860
-0.0007630910 -0.0170985316
0.0900969090 0.2276633255
-0.0027150910 -0.0151949645
-0.0032170910 -0.0199901769
-0.0162440910 -0.0435180088
-0.0102340910 -0.0220162545
-0.0050600910 -0.0110110841
-0.0058870910 -0.0340818903
-0.0068670910 -0.0040071143
-0.0062950910 -0.0350112658
-0.0055710910 0.0009780294
-0.1493660910 -0.0934696111
-0.0014980910 -0.0170370850
-0.0456620910 -0.0624059962
-0.0115250910 -0.0258257602
-0.0215130910 -0.0305641261
-0.0005810910 0.0083787466
-0.0054590910 -0.0272809931
-0.0046420910 -0.0409835851
-0.0161040910 -0.0168904865
-0.0005360910 -0.0117251573
-0.0030850910 -0.0363366159
-0.0042150910 -0.0132769165
-0.0041630910 -0.0048620459
-0.0767280910 -0.0785514814
-0.0107520910 -0.0201945653
-0.0109050910 -0.0142813341
-0.0009010910 -0.0287516995
0.0334859090 0.0771650239
-0.0836250910 -0.0981996412
0.4724709090 0.5421071606
-0.0237910910 -0.0292188917
-0.0678780910 -0.0853407750
-0.0011180910 -0.0135056740
-0.0673140910 -0.0714423031
-0.0846210910 -0.0719514361
-0.0152580910 -0.0167610680
-0.0267240910 -0.0526389599
-0.0791934386 -0.0756293093
-0.0014174386 -0.0083259034
0.0021025614 -0.0131894374
0.0139165614 0.0217746076
-0.0096244386 -0.0108456101
-0.0125884386 -0.0178463946
-0.0323394386 -0.0455693005
-0.0595054386 -0.0631663496
-0.0041524386 -0.0101588781
-0.0507914386 -0.0377072961
-0.0088724386 -0.0157891580
0.0021335614 -0.0131570922
-0.0590574386 -0.0430486502
0.0065215614 0.0019224677
-0.0131444386 -0.0129541571
-0.0073514386 0.0021370403
-0.0094424386 -0.0167451953
-0.0179894386 -0.0260381120
-0.0033674386 -0.0019188850
-0.0454814386 -0.0409654713
-0.0215864386 -0.0124127426
-0.0513634386 -0.0543660240
0.0048825614 -0.0094816580
-0.1431834386 -0.1375877399
-0.0056934386 0.0117149858
0.0002195614 -0.0140167658
-0.0008934386 -0.0102808986
-0.0311404386 -0.0437529896
-0.0018684386 -0.0068475306
-0.0287704386 -0.0373322864
-0.0072504386 -0.0050123709
-0.0028634386 -0.0079014865
0.0021975614 0.0017797076
-0.0226144386 -0.0281131267
-0.0059424386 0.0039941248
-0.0030574386 -0.0034583669
-0.0022324386 -0.0081693169
-0.0059674386 0.0045655356
-0.0020814386 -0.0030898124
-0.0125644386 -0.0161457168
-0.0153534386 -0.0296320444
-0.0244094386 -0.0349362949
-0.0016684386 -0.0084016674
-0.0247434386 -0.0226107450
-0.0105404386 -0.0142042532
-0.0812104386 -0.0726076265
-0.0221194386 -0.0323659690
-0.0017264386 -0.0154572794
-0.0858264386 -0.0959893519
-0.0023814386 0.0011117777
-0.0226264386 -0.0249024567
-0.0073594386 -0.0120452001
0.5534645614 0.5639278553
-0.0101794386 -0.0251144457
-0.0211284386 -0.0248386426
-0.0067674386 -0.0196697301
-0.0078724386 0.0045307481
-0.0660744386 -0.0719417761
-0.0412004386 -0.0423998243
-0.0217304386 -0.0248681484
-0.0045854386 -0.0070123973
-0.0072924386 -0.0047743221
-0.0340734386 -0.0428654652
-0.0036544386 -0.0144624322
-0.0031924386 -0.0130936469
-0.0131984386 -0.0164283915
0.0033755614 -0.0116077226
-0.0399624386 -0.0449859749
-0.0041334386 0.0020488460
-0.0609074386 -0.0579793213
-0.0247254386 -0.0232044712
-0.0412884386 -0.0375710190
-0.0042424386 -0.0113431218
-0.0037014386 -0.0139627072
-0.0064794386 -0.0097892625
-0.0255134386 -0.0410821746
0.0029165614 -0.0040683661
-0.0042174386 -0.0208519948
-0.0062704386 -0.0104403649
-0.0094394386 -0.0074646698
-0.0056314386 -0.0006176453
0.0667105614 0.0727369067
-0.0042894386 -0.0114758004
-0.0136234386 -0.0110954890
-0.0243394386 -0.0302246085
-0.0288394386 -0.0334899581
-0.0325244386 -0.0422675309
0.0042715614 -0.0110143230
-0.0014214386 -0.0033692161
-0.0011184386 0.0007695624
-0.0074634386 -0.0009791020
-0.0852474386 -0.0765539903
-0.0048774386 -0.0068736230
-0.0180064386 -0.0063454568
-0.0506584386 -0.0503264204
-0.0587834386 -0.0602289924
-0.0086414386 -0.0219218059
-0.0273664386 -0.0332366421
-0.0802604386 -0.0932061017
-0.0528964386 -0.0440942759
