-0.0009430910  -0.0537427190
-0.0597370910  -0.0748177190
0.0009489090   -0.0270447190
0.3676999090   0.6454612810 
0.0008099090   -0.0062227190
-0.0190970910  -0.0490057190
-0.0766600910  -0.0942677190
-0.0099220910  -0.0551437190
0.0008669090   -0.0202207190
-0.0013140910  -0.0204217190
-0.0514800910  -0.1001607190
-0.1359760910  -0.0655607190
-0.0481050910  -0.0855117190
-0.0099520910  -0.0654577190
-0.0047440910  -0.0223977190
-0.0028650910  -0.0473697190
0.2747729090   0.4048152810 
-0.0130210910  -0.0265227190
-0.0113120910  -0.0406717190
-0.0820460910  -0.0991257190
0.0126899090   -0.0171067190
0.0002099090   -0.0421707190
0.0004619090   -0.0261257190
-0.0066350910  -0.0454357190
0.0013029090   -0.0161967190
-0.0013910910  -0.0167737190
0.0008159090   -0.0045617190
-0.0072590910  -0.0327457190
-0.0379840910  -0.0614787190
-0.0643210910  -0.0655077190
-0.0027970910  -0.0276137190
-0.0400630910  -0.0905557190
-0.0065310910  -0.0473437190
-0.0003900910  -0.0947557190
-0.0017090910  -0.0205617190
-0.0216110910  -0.0360727190
-0.0085830910  -0.0503187190
-0.0419040910  -0.0743747190
-0.0315460910  -0.0947897190
-0.0064060910  -0.0370657190
0.0000749090   -0.0284977190
-0.0066610910  -0.0612167190
-0.0053200910  -0.0324967190
0.4313459090   0.5760872810 
-0.0074990910  -0.0320987190
-0.0681170910  -0.0298867190
-0.0933600910  -0.0917507190
0.1762999090   0.2656002810 
-0.0113590910  -0.0065977190
-0.0018080910  -0.0279987190
-0.0617880910  -0.0191297190
-0.0034630910  -0.0296387190
0.8514159090   1.0591472810 
-0.1325270910  -0.1678417190
-0.0391910910  -0.0788937190
-0.0006090910  -0.0222497190
-0.0020350910  -0.0610477190
-0.0035030910  -0.0579667190
-0.0046950910  -0.0168907190
-0.0293940910  -0.0767417190
0.0748069090   0.1913782810 
-0.0645000910  -0.1183897190
-0.0007630910  -0.0291737190
0.0900969090   0.3636682810 
-0.0027150910  -0.0276777190
-0.0032170910  -0.0335597190
-0.0162440910  -0.0692537190
-0.0102340910  -0.0350987190
-0.0050600910  -0.0250567190
-0.0058870910  -0.0536867190
-0.0068670910  -0.0138407190
-0.0062950910  -0.0541647190
-0.0055710910  -0.0072837190
-0.1493660910  -0.0869747190
-0.0014980910  -0.0228917190
-0.0456620910  -0.0799327190
-0.0115250910  -0.0484557190
-0.0215130910  -0.0567007190
-0.0005810910  -0.0048337190
-0.0054590910  -0.0364807190
-0.0046420910  -0.0591377190
-0.0161040910  -0.0298837190
-0.0005360910  -0.0196977190
-0.0030850910  -0.0592417190
-0.0042150910  -0.0211387190
-0.0041630910  -0.0216167190
-0.0767280910  -0.1482147190
-0.0107520910  -0.0384797190
-0.0109050910  -0.0288097190
-0.0009010910  -0.0415507190
0.0334859090   0.0475282810 
-0.0836250910  -0.1353127190
0.4724709090   0.9035342810 
-0.0237910910  -0.0458157190
-0.0678780910  -0.0463477190
-0.0011180910  -0.0199867190
-0.0673140910  -0.1054107190
-0.0846210910  -0.0155497190
-0.0152580910  -0.0384987190
-0.0267240910  -0.0747397190
-0.0791934386  -0.1243179936
-0.0014174386  -0.0120979936
0.0021025614   -0.0163079936
0.0139165614   0.0767120064 
-0.0096244386  -0.0109389936
-0.0125884386  -0.0244809936
-0.0323394386  -0.0686899936
-0.0595054386  -0.1277429936
-0.0041524386  -0.0227759936
-0.0507914386  -0.0468559936
-0.0088724386  -0.0285959936
0.0021335614   -0.0260339936
-0.0590574386  0.0034540064 
0.0065215614   -0.0144129936
-0.0131444386  -0.0464289936
-0.0073514386  -0.0006039936
-0.0094424386  -0.0309679936
-0.0179894386  -0.0464149936
-0.0033674386  -0.0063919936
-0.0454814386  -0.0684189936
-0.0215864386  -0.0227719936
-0.0513634386  -0.0234479936
0.0048825614   -0.0225529936
-0.1431834386  -0.1236729936
-0.0056934386  0.0078460064 
0.0002195614   -0.0175779936
-0.0008934386  -0.0206329936
-0.0311404386  -0.0371849936
-0.0018684386  -0.0190559936
-0.0287704386  -0.0492789936
-0.0072504386  -0.0087399936
-0.0028634386  -0.0175829936
0.0021975614   -0.0107739936
-0.0226144386  -0.0609729936
-0.0059424386  0.0030410064 
-0.0030574386  -0.0099449936
-0.0022324386  -0.0110199936
-0.0059674386  -0.0022489936
-0.0020814386  -0.0039449936
-0.0125644386  -0.0376249936
-0.0153534386  -0.0455629936
-0.0244094386  -0.0540769936
-0.0016684386  -0.0281979936
-0.0247434386  -0.0383349936
-0.0105404386  -0.0263419936
-0.0812104386  -0.1185319936
-0.0221194386  -0.0470489936
-0.0017264386  -0.0354079936
-0.0858264386  -0.1377979936
-0.0023814386  -0.0037299936
-0.0226264386  -0.0594909936
-0.0073594386  -0.0340249936
0.5534645614   0.7243730064 
-0.0101794386  -0.0401169936
-0.0211284386  -0.0377379936
-0.0067674386  -0.0198839936
-0.0078724386  -0.0029059936
-0.0660744386  -0.0779889936
-0.0412004386  -0.0278389936
-0.0217304386  -0.0487629936
-0.0045854386  -0.0311459936
-0.0072924386  -0.0120409936
-0.0340734386  -0.0573139936
-0.0036544386  -0.0164349936
-0.0031924386  -0.0246709936
-0.0131984386  -0.0226299936
0.0033755614   -0.0345779936
-0.0399624386  -0.0550859936
-0.0041334386  -0.0001279936
-0.0609074386  -0.0850729936
-0.0247254386  -0.0352979936
-0.0412884386  -0.0654299936
-0.0042424386  -0.0206379936
-0.0037014386  -0.0233379936
-0.0064794386  -0.0186509936
-0.0255134386  -0.0612719936
0.0029165614   -0.0194299936
-0.0042174386  -0.0261649936
-0.0062704386  -0.0153009936
-0.0094394386  -0.0119699936
-0.0056314386  -0.0166889936
0.0667105614   0.1711160064 
-0.0042894386  -0.0089849936
-0.0136234386  -0.0378039936
-0.0243394386  -0.0548819936
-0.0288394386  -0.0489159936
-0.0325244386  -0.0603099936
0.0042715614   -0.0159039936
-0.0014214386  -0.0183279936
-0.0011184386  -0.0072359936
-0.0074634386  -0.0023169936
-0.0852474386  -0.0859979936
-0.0048774386  -0.0084679936
-0.0180064386  -0.0121499936
-0.0506584386  -0.0860719936
-0.0587834386  -0.1111309936
-0.0086414386  -0.0319789936
-0.0273664386  -0.0569879936
-0.0802604386  -0.1297239936
-0.0528964386  -0.0723849936
