-0.0537427190 -0.0324299775
-0.0748177190 -0.0634502827
-0.0270447190 -0.0202306432
0.6454612810 0.3630072516
-0.0062227190 0.0019240040
-0.0490057190 -0.0242019971
-0.0942677190 -0.1060446107
-0.0551437190 -0.0346781924
-0.0202207190 -0.0093478318
-0.0204217190 -0.0120768194
-0.1001607190 -0.0845853796
-0.0655607190 -0.1261835792
-0.0855117190 -0.0635699825
-0.0654577190 -0.0405466710
-0.0223977190 -0.0145686811
-0.0473697190 -0.0354958342
0.4048152810 0.2812195363
-0.0265227190 -0.0083888192
-0.0406717190 -0.0247998033
-0.0991257190 -0.0995329108
-0.0171067190 0.0062730864
-0.0421707190 -0.0301150736
-0.0261257190 -0.0170029049
-0.0454357190 -0.0363856648
-0.0161967190 -0.0111197381
-0.0167737190 -0.0067075729
-0.0045617190 0.0035761209
-0.0327457190 -0.0216846705
-0.0614787190 -0.0405459084
-0.0655077190 -0.0693770226
-0.0276137190 -0.0101783973
-0.0905557190 -0.0557959354
-0.0473437190 -0.0288771573
-0.0947557190 -0.0286385228
-0.0205617190 -0.0123078720
-0.0360727190 -0.0220622942
-0.0503187190 -0.0333937120
-0.0743747190 -0.0640106335
-0.0947897190 -0.0590210487
-0.0370657190 -0.0198387165
-0.0284977190 -0.0172809871
-0.0612167190 -0.0296016399
-0.0324967190 -0.0153804733
0.5760872810 0.3729584178
-0.0320987190 -0.0153316085
-0.0298867190 -0.0487099136
-0.0917507190 -0.1388636137
0.2656002810 0.2150356970
-0.0065977190 -0.0029121851
-0.0279987190 -0.0172291424
-0.0191297190 -0.0675132374
-0.0296387190 -0.0229911894
1.0591472810 0.6224186760
-0.1678417190 -0.1232743358
-0.0788937190 -0.0539559853
-0.0222497190 -0.0153724325
-0.0610477190 -0.0279071028
-0.0579667190 -0.0367593301
-0.0168907190 -0.0115563371
-0.0767417190 -0.0402332651
0.1913782810 0.0215420015
-0.1183897190 -0.0795121860
-0.0291737190 -0.0170985316
0.3636682810 0.2276633255
-0.0276777190 -0.0151949645
-0.0335597190 -0.0199901769
-0.0692537190 -0.0435180088
-0.0350987190 -0.0220162545
-0.0250567190 -0.0110110841
-0.0536867190 -0.0340818903
-0.0138407190 -0.0040071143
-0.0541647190 -0.0350112658
-0.0072837190 0.0009780294
-0.0869747190 -0.0934696111
-0.0228917190 -0.0170370850
-0.0799327190 -0.0624059962
-0.0484557190 -0.0258257602
-0.0567007190 -0.0305641261
-0.0048337190 0.0083787466
-0.0364807190 -0.0272809931
-0.0591377190 -0.0409835851
-0.0298837190 -0.0168904865
-0.0196977190 -0.0117251573
-0.0592417190 -0.0363366159
-0.0211387190 -0.0132769165
-0.0216167190 -0.0048620459
-0.1482147190 -0.0785514814
-0.0384797190 -0.0201945653
-0.0288097190 -0.0142813341
-0.0415507190 -0.0287516995
0.0475282810 0.0771650239
-0.1353127190 -0.0981996412
0.9035342810 0.5421071606
-0.0458157190 -0.0292188917
-0.0463477190 -0.0853407750
-0.0199867190 -0.0135056740
-0.1054107190 -0.0714423031
-0.0155497190 -0.0719514361
-0.0384987190 -0.0167610680
-0.0747397190 -0.0526389599
-0.1243179936 -0.0756293093
-0.0120979936 -0.0083259034
-0.0163079936 -0.0131894374
0.0767120064 0.0217746076
-0.0109389936 -0.0108456101
-0.0244809936 -0.0178463946
-0.0686899936 -0.0455693005
-0.1277429936 -0.0631663496
-0.0227759936 -0.0101588781
-0.0468559936 -0.0377072961
-0.0285959936 -0.0157891580
-0.0260339936 -0.0131570922
0.0034540064 -0.0430486502
-0.0144129936 0.0019224677
-0.0464289936 -0.0129541571
-0.0006039936 0.0021370403
-0.0309679936 -0.0167451953
-0.0464149936 -0.0260381120
-0.0063919936 -0.0019188850
-0.0684189936 -0.0409654713
-0.0227719936 -0.0124127426
-0.0234479936 -0.0543660240
-0.0225529936 -0.0094816580
-0.1236729936 -0.1375877399
0.0078460064 0.0117149858
-0.0175779936 -0.0140167658
-0.0206329936 -0.0102808986
-0.0371849936 -0.0437529896
-0.0190559936 -0.0068475306
-0.0492789936 -0.0373322864
-0.0087399936 -0.0050123709
-0.0175829936 -0.0079014865
-0.0107739936 0.0017797076
-0.0609729936 -0.0281131267
0.0030410064 0.0039941248
-0.0099449936 -0.0034583669
-0.0110199936 -0.0081693169
-0.0022489936 0.0045655356
-0.0039449936 -0.0030898124
-0.0376249936 -0.0161457168
-0.0455629936 -0.0296320444
-0.0540769936 -0.0349362949
-0.0281979936 -0.0084016674
-0.0383349936 -0.0226107450
-0.0263419936 -0.0142042532
-0.1185319936 -0.0726076265
-0.0470489936 -0.0323659690
-0.0354079936 -0.0154572794
-0.1377979936 -0.0959893519
-0.0037299936 0.0011117777
-0.0594909936 -0.0249024567
-0.0340249936 -0.0120452001
0.7243730064 0.5639278553
-0.0401169936 -0.0251144457
-0.0377379936 -0.0248386426
-0.0198839936 -0.0196697301
-0.0029059936 0.0045307481
-0.0779889936 -0.0719417761
-0.0278389936 -0.0423998243
-0.0487629936 -0.0248681484
-0.0311459936 -0.0070123973
-0.0120409936 -0.0047743221
-0.0573139936 -0.0428654652
-0.0164349936 -0.0144624322
-0.0246709936 -0.0130936469
-0.0226299936 -0.0164283915
-0.0345779936 -0.0116077226
-0.0550859936 -0.0449859749
-0.0001279936 0.0020488460
-0.0850729936 -0.0579793213
-0.0352979936 -0.0232044712
-0.0654299936 -0.0375710190
-0.0206379936 -0.0113431218
-0.0233379936 -0.0139627072
-0.0186509936 -0.0097892625
-0.0612719936 -0.0410821746
-0.0194299936 -0.0040683661
-0.0261649936 -0.0208519948
-0.0153009936 -0.0104403649
-0.0119699936 -0.0074646698
-0.0166889936 -0.0006176453
0.1711160064 0.0727369067
-0.0089849936 -0.0114758004
-0.0378039936 -0.0110954890
-0.0548819936 -0.0302246085
-0.0489159936 -0.0334899581
-0.0603099936 -0.0422675309
-0.0159039936 -0.0110143230
-0.0183279936 -0.0033692161
-0.0072359936 0.0007695624
-0.0023169936 -0.0009791020
-0.0859979936 -0.0765539903
-0.0084679936 -0.0068736230
-0.0121499936 -0.0063454568
-0.0860719936 -0.0503264204
-0.1111309936 -0.0602289924
-0.0319789936 -0.0219218059
-0.0569879936 -0.0332366421
-0.1297239936 -0.0932061017
-0.0723849936 -0.0440942759
