           4           1
 PRECISION  = SINGLE     
 JOB       = SCF
 IN.PSP1   = /home/sabs/shenjie/Pseudopotential/Li.nc.pbe.UPF
 IN.PSP2   = /home/sabs/shenjie/Pseudopotential/C.nc.pbe.UPF
 IN.PSP3   = /home/sabs/shenjie/Pseudopotential/O.nc.pbe.UPF
 IN.PSP4   = /home/sabs/shenjie/Pseudopotential/N.nc.pbe.UPF
 IN.PSP5   = /home/sabs/shenjie/Pseudopotential/S.nc.pbe.UPF
 IN.PSP6   = /home/sabs/shenjie/Pseudopotential/F.nc.pbe.UPF
 IN.PSP7   = /home/sabs/shenjie/Pseudopotential/H.nc.pbe.UPF
 IN.PSP8   = /home/sabs/shenjie/Pseudopotential/P.nc.pbe.UPF
 IN.ATOM   = atom.config         
 CONVERGENCE  = EASY
 ACCURACY  = NORM
 VFF_DETAIL =   1   500  0.50000000E-02     30.00000     4.00000     0.00000     1.00000  
 EGG_DETAIL =            3           3           3
 SPIN      =   1
 CONSTRAINT_MAG =           0
 RANDOM_SEED=           0
 QIJ_DETAIL =   0  1
 SCF_MIX = CHARGE
 PWSCF_OUTPUT     =  F
 Ecut      =    60.0000000000000     
 Ecut2     =    120.000000000000     
 Ecut2L    =    120.000000000000     
 EcutP    =    60.0000000000000     
 N123      =   120   120   120
 NS123     =    40    40    40
 N123L     =   120   120   120
 STRESS_CORR =   0.100000E+01  0.000000E+00  0.200000E+01  0.000000E+00
 XCFUNCTIONAL = LDA
 HSE_DETAIL    =      1.00000000    1     0.00000000    6 1 1
 RELAX_HSE    =    20   0.50000E-01     2
 VDW       = NONE
 LONDON_S6      =   0.000000000000000E+000
 LONDON_C6(1)      =   -1.00000000000000     
 LONDON_C6(2)      =   -1.00000000000000     
 LONDON_C6(3)      =   -1.00000000000000     
 LONDON_C6(4)      =   -1.00000000000000     
 LONDON_C6(5)      =   -1.00000000000000     
 LONDON_C6(6)      =   -1.00000000000000     
 LONDON_C6(7)      =   -1.00000000000000     
 LONDON_C6(8)      =   -1.00000000000000     
 LONDON_RCUT      =   0.000000000000000E+000
 DFTD3_S6        =   0.000000000000000E+000
 DFTD3_RS6        =   0.000000000000000E+000
 DFTD3_S18        =   0.000000000000000E+000
 DFTD3_RS18        =   0.000000000000000E+000
 DFTD3_ALPHA6        =   0.000000000000000E+000
 DFTD3_VERSION        =            0
 DFTD3_3BODY        =  F
 COULOMB   =    0
 IN.WG     =  F
 OUT.WG    =  F
 IN.RHO    =  F
 OUT.RHOATOM =  F
 OUT.RHO   =  F
 IN.VR     =  F
 OUT.VR    =  F
 OUT.ELF   =  F
 IN.VEXT   =  F
 OUT.VATOM   =  F
 OUT.FORCE =  T
 OUT.STRESS =  F
 IN.KPT    =  F
 IN.SYMM   =  F
 SYMM_PREC =    0.10000E-04
 MP_N123 =      1      1      1      0      0      0      0
 NUM_KPT =            1
 CHARGE_DECOMP = F
 ENERGY_DECOMP = F 
 IN.SOLVENT =  F
 NUM_ELECTRON =   1940.00000000000     
 FIX_FERMI =   F  0.000000E+00  0.000000E+00  0.000000E+00
 IN.NONSCF    =  F
 NUM_BAND  =  1028
 OUT.REAL.RHOWF_SP= 0
 WG_ERROR  =   1.000000000000000E-004
 E_ERROR   =   5.279008887880000E-003
 RHO_ERROR =   5.000000000000000E-005
 RHO_RELATIVE_ERROR      =   0.000000000000000E+000
 FORCE_RELATIVE_ERROR     =   0.000000000000000E+000
 MIN_SCF_ITER     =            1
 SYS_TYPE   =            1
 PULAY_MIX_OPT =     30  1  0       1.00000       0.00000
 PULAY_METRIC_Q0 =       -1.00000
 IN.OCC    =  F          -1
 IN.CC    =  F
 IN.OCC_ADIA    =  F
 SCF_ITER0_1 =    6   4    3    0.0000     0.02500    1
 SCF_ITER0_2 =   94   4    3    1.0000     0.02500    1
 SCF_ITER1_1 =   40   4    3    1.0000     0.02500    1
 NONLOCAL  =  2
 IN.A_FIELD =  F       0.00000       0.00000       0.00000
 RCUT      =    4.00000000000000     
 IN.PSP_RCUT1 =   4.00000000000000     
 IN.PSP_RCUT2 =   4.00000000000000     
 IN.PSP_RCUT3 =   4.00000000000000     
 IN.PSP_RCUT4 =   4.00000000000000     
 IN.PSP_RCUT5 =   4.00000000000000     
 IN.PSP_RCUT6 =   4.00000000000000     
 IN.PSP_RCUT7 =   4.00000000000000     
 IN.PSP_RCUT8 =   4.00000000000000     
 MD_VV_SCALE =    100
 LDAU_PSP1   =           -1  2.721138638331097E-009  2.721138638331097E-009  eV
 LDAU_PSP2   =           -1  2.721138638331097E-009  2.721138638331097E-009  eV
 LDAU_PSP3   =           -1  2.721138638331097E-009  2.721138638331097E-009  eV
 LDAU_PSP4   =           -1  2.721138638331097E-009  2.721138638331097E-009  eV
 LDAU_PSP5   =           -1  2.721138638331097E-009  2.721138638331097E-009  eV
 LDAU_PSP6   =           -1  2.721138638331097E-009  2.721138638331097E-009  eV
 LDAU_PSP7   =           -1  2.721138638331097E-009  2.721138638331097E-009  eV
 LDAU_PSP8   =           -1  2.721138638331097E-009  2.721138638331097E-009  eV
 NUM_BLOCKED_PSI=  F
 WF_STORE2DISK  =            0
 NUM_DOS_GRID =         4000
 NMAP_MAX =        50000
 KERK_AMIN =   0.300000000000000     
 KERK_AMIX =   0.400000000000000     
 KERK_AMIX_MAG =   0.800000000000000     
 KERK_BMIX =   0.500000000000000     
 LDAU_MIX =   0.700000000000000     
 PULAY_WEIGHT_SPIN =    1.00000000000000     
 PULAY_WEIGHT_NS =    1.00000000000000     
 OUT.MLMD    =  F
 NUM_MPI_PER_GPU =     1
 FLAG_CYLINDER =            0
 SET_OUT_FERMI_POS =  F           0
 E_FINITE =  F   0.00000E+00   0.00000E+00   0.00000E+00
 MLINE_EIGEN =      1
 
 ------------------------------------------------
 total number of K-point:           1
   0.00000     0.00000    0.00000     1.00000            
 ------------------------------------------------
 
 
 *********************************************
 *********** end of etot.input report ********
 minimum n1,n2,n3 from Ecut2
     118.970      119.148      119.089
 minimum n1L,n2L,n3L from Ecut2L
     118.970      119.148      119.089
 *********************************************
 
 
Weighted average num_of_PW for all kpoint=                       312673.000
 ************************************
 E_Hxc(eV)         51418.1592083588     
 E_ion(eV)        -223844.776518343     
 E_Coul(eV)        79737.4216501552     
 E_Hxc+E_ion(eV)  -172426.617309984     
 NONSCF     1          AVE_STATE_ERROR= 0.5919E+01
 NONSCF     2          AVE_STATE_ERROR= 0.1637E+01
 NONSCF     3          AVE_STATE_ERROR= 0.5118E+00
 NONSCF     4          AVE_STATE_ERROR= 0.9534E-01
 NONSCF     5          AVE_STATE_ERROR= 0.1570E-01
 NONSCF     6          AVE_STATE_ERROR= 0.3007E-02
 iter=   7   ave_lin=  4.0  iCGmth=   3
 Ef(eV)               = -.1131407E+01
 err of ug            = 0.1177E-02
 dv_ave, drho_tot     = 0.0000E+00 0.1240E+00
 E_tot(eV)            = -.13305198840492E+06    -.1331E+06
 -------------------------------------------
 iter=   8   ave_lin=  4.0  iCGmth=   3
 Ef(eV)               = -.1294199E+01
 err of ug            = 0.1086E-01
 dv_ave, drho_tot     = 0.1762E-01 0.7150E-01
 E_tot(eV)            = -.13294131956483E+06    0.1107E+03
 -------------------------------------------
 iter=   9   ave_lin=  4.0  iCGmth=   3
 Ef(eV)               = -.8551650E+00
 err of ug            = 0.6832E-02
 dv_ave, drho_tot     = 0.1426E-01 0.3053E-01
 E_tot(eV)            = -.13290643694739E+06    0.3488E+02
 -------------------------------------------
 iter=  10   ave_lin=  4.0  iCGmth=   3
 Ef(eV)               = -.7699664E+00
 err of ug            = 0.2133E-02
 dv_ave, drho_tot     = 0.7003E-02 0.1093E-01
 E_tot(eV)            = -.13290085662335E+06    0.5580E+01
 -------------------------------------------
 iter=  11   ave_lin=  4.0  iCGmth=   3
 Ef(eV)               = -.7312549E+00
 err of ug            = 0.5701E-03
 dv_ave, drho_tot     = 0.3122E-02 0.6135E-02
 E_tot(eV)            = -.13290016671486E+06    0.6899E+00
 -------------------------------------------
 iter=  12   ave_lin=  4.0  iCGmth=   3
 Ef(eV)               = -.7087697E+00
 err of ug            = 0.3138E-03
 dv_ave, drho_tot     = 0.3528E-02 0.3658E-02
 E_tot(eV)            = -.13289966476135E+06    0.5020E+00
 -------------------------------------------
 iter=  13   ave_lin=  4.0  iCGmth=   3
 Ef(eV)               = -.6457950E+00
 err of ug            = 0.3467E-03
 dv_ave, drho_tot     = 0.3854E-02 0.2809E-02
 E_tot(eV)            = -.13289920487805E+06    0.4599E+00
 -------------------------------------------
 iter=  14   ave_lin=  4.0  iCGmth=   3
 Ef(eV)               = -.6081611E+00
 err of ug            = 0.3183E-03
 dv_ave, drho_tot     = 0.5245E-02 0.2223E-02
 E_tot(eV)            = -.13289877824329E+06    0.4266E+00
 -------------------------------------------
 iter=  15   ave_lin=  4.0  iCGmth=   3
 Ef(eV)               = 0.1327656E+01
 err of ug            = 0.3407E-03
 dv_ave, drho_tot     = 0.6473E-02 0.1781E-02
 E_tot(eV)            = -.13289845151287E+06    0.3267E+00
 -------------------------------------------
 iter=  16   ave_lin=  4.0  iCGmth=   3
 Ef(eV)               = 0.1280078E+01
 err of ug            = 0.2570E-03
 dv_ave, drho_tot     = 0.4359E-02 0.1370E-02
 E_tot(eV)            = -.13289836239577E+06    0.8912E-01
 -------------------------------------------
 iter=  17   ave_lin=  4.0  iCGmth=   3
 Ef(eV)               = 0.1269376E+01
 err of ug            = 0.1924E-03
 dv_ave, drho_tot     = 0.3681E-02 0.1075E-02
 E_tot(eV)            = -.13289833028024E+06    0.3212E-01
 -------------------------------------------
 iter=  18   ave_lin=  4.0  iCGmth=   3
 Ef(eV)               = 0.1392683E+01
 err of ug            = 0.1289E-03
 dv_ave, drho_tot     = 0.2988E-02 0.7983E-03
 E_tot(eV)            = -.13289831347156E+06    0.1681E-01
 -------------------------------------------
 iter=  19   ave_lin=  4.0  iCGmth=   3
 Ef(eV)               = 0.1538643E+01
 err of ug            = 0.1079E-03
 dv_ave, drho_tot     = 0.2439E-02 0.6078E-03
 E_tot(eV)            = -.13289829570764E+06    0.1776E-01
 -------------------------------------------
 iter=  20   ave_lin=  4.0  iCGmth=   3
 Ef(eV)               = 0.1612366E+01
 err of ug            = 0.9585E-04
 dv_ave, drho_tot     = 0.2381E-02 0.4552E-03
 E_tot(eV)            = -.13289828357062E+06    0.1214E-01
 -------------------------------------------
 iter=  21   ave_lin=  4.0  iCGmth=   3
 Ef(eV)               = 0.1669301E+01
 err of ug            = 0.6506E-04
 dv_ave, drho_tot     = 0.1131E-02 0.3736E-03
 E_tot(eV)            = -.13289827633570E+06    0.7235E-02
 -------------------------------------------
 iter=  22   ave_lin=  4.0  iCGmth=   3
 Ef(eV)               = 0.1716948E+01
 err of ug            = 0.6033E-04
 dv_ave, drho_tot     = 0.1011E-02 0.3019E-03
 E_tot(eV)            = -.13289827018318E+06    0.6153E-02
 -------------------------------------------
 iter=  23   ave_lin=  4.0  iCGmth=   3
 Ef(eV)               = -.3545880E+00
 err of ug            = 0.5250E-04
 dv_ave, drho_tot     = 0.8411E-03 0.2494E-03
 E_tot(eV)            = -.13289826650532E+06    0.3678E-02
 -------------------------------------------
 E_Fermi(eV)= -0.354587989471359     
 ---------------------------------------------------
 Ef(eV)               = -.3545880E+00
 dvE, dvE(n)-dvE(n-1) = 0.7075E-06 -.3150E-06
 dv_ave, drho_tot     = 0.8411E-03 0.2494E-03
 err of ug            = 0.5250E-04
 ---------------------------------------------------
 ending_scf_reason = tol Etot_err  5.279008887880000E-003
 Ewald        = -.40216676547764E+05
 Alpha        = 0.15207970391171E+04
 E_extV       = 0.00000000000000E+00    0.0000E+00
 E_NSC        = -.21594952526404E+05    0.6459E+00
 E[-rho*V_Hxc]= -.12531843248484E+06    -.6422E+00
 E_Hxc        = 0.52710998014574E+05    0.6600E+00
 -TS          = -.35505862133968E-26    0.7692E-09
 E_tot(eV)    = -.13289826650532E+06    0.3678E-02
 E_tot(Ryd)   = -.97678425059012E+04    0.1352E-03
 ---------------------------------------------------
 ---------------------------------------------------
 occup for:      kpt=1,spin=1,m=(totN/2-2,totN/2+2)
   1.000    1.000    1.000    0.000    0.000
 eigen(eV) for:  kpt=1,spin=1,m=(totN/2-2,totN/2+2)
  -1.928   -1.919   -1.621    2.257    2.451
 ---------------------------------------------------
 ---------------------------------------------------
 E_Hart,E_xc,E_ion =0.81575968303786E+05  -.28864970289212E+05  -.22652810528247E+06
 E_Hxc+E_ion       =-.17381710726789E+06
 E_kin+E_nonloc    =0.79614720271222E+05
 E_rhoVext,E_IVext     =0.00000000000000E+00  0.00000000000000E+00
 E_psiV,E_dDrho =-.10120971223205E+06  0.00000000000000E+00
 ave(vtot):v0 =-.76687327757198E+01
 ave(V_ion_s(or p,d))=ave(V_Hatree)=0; ave(Vtot)=ave(V_xc)=v0
 ---------------------------------------------------
 *********************************
 Eigen energies are values after setting ave(Vtot)=0
 For Vtot=V_ion+V_Hartree+V_xc, and
 ave(V_ion+V_Hatree)=0, ave(V_xc).ne.0:  E=E+v0
 *********************************
iislda,kpt=   1,    1      0.000000     0.000000     0.000000             kpoint in xyz unit 
 err of each states, A.U
  0.501447E-04     0.255845E-04     0.607030E-03     0.168924E-04     0.185298E-04
  0.336903E-04     0.224976E-04     0.417866E-04     0.236003E-04     0.285927E-04
  0.187758E-04     0.191247E-04     0.401610E-04     0.361129E-04     0.221261E-04
  0.179890E-04     0.197468E-04     0.649036E-04     0.162808E-04     0.156847E-04
  0.618843E-04     0.313048E-04     0.278967E-04     0.212540E-04     0.126677E-04
  0.411306E-04     0.481150E-04     0.176359E-04     0.196920E-04     0.333886E-04
  0.191134E-04     0.163585E-03     0.299273E-04     0.349601E-04     0.174147E-04
  0.381682E-04     0.160130E-04     0.437918E-04     0.293507E-04     0.157268E-04
  0.319226E-04     0.129613E-04     0.162106E-04     0.234814E-04     0.649837E-04
  0.168236E-04     0.385010E-04     0.157302E-04     0.146196E-04     0.237403E-04
  0.170118E-04     0.170714E-04     0.159827E-04     0.699604E-04     0.144061E-04
  0.237610E-04     0.166109E-04     0.127674E-04     0.161687E-03     0.128726E-03
  0.222027E-04     0.150716E-04     0.516157E-04     0.136505E-04     0.170287E-04
  0.295700E-04     0.133492E-04     0.167474E-04     0.188750E-04     0.132675E-04
  0.146732E-04     0.334979E-04     0.211131E-04     0.509726E-04     0.116199E-04
  0.326983E-04     0.166858E-04     0.189207E-04     0.311009E-04     0.149153E-04
  0.123935E-04     0.209337E-04     0.933700E-04     0.125975E-04     0.261635E-04
  0.133105E-04     0.239312E-04     0.217797E-04     0.115318E-04     0.131846E-04
  0.942569E-05     0.359446E-04     0.154479E-04     0.161732E-04     0.172462E-04
  0.114223E-04     0.156636E-04     0.141081E-04     0.117384E-04     0.142190E-04
  0.112072E-04     0.108575E-03     0.387230E-04     0.113218E-04     0.513841E-04
  0.255963E-04     0.152226E-04     0.136891E-04     0.117817E-04     0.154668E-04
  0.207574E-04     0.146753E-04     0.176711E-04     0.289531E-04     0.134939E-04
  0.291481E-04     0.253100E-04     0.150552E-04     0.148139E-04     0.149263E-04
  0.111800E-04     0.112851E-04     0.520860E-04     0.132675E-04     0.163934E-04
  0.122944E-04     0.132433E-04     0.113279E-04     0.588775E-04     0.141404E-04
  0.161763E-04     0.139940E-04     0.152574E-04     0.151455E-04     0.953411E-05
  0.160257E-04     0.167314E-04     0.153443E-04     0.152223E-04     0.229034E-04
  0.743753E-04     0.494827E-04     0.141442E-04     0.604416E-04     0.159114E-04
  0.122557E-04     0.180290E-04     0.141112E-04     0.126989E-04     0.153599E-04
  0.180920E-04     0.282484E-04     0.133572E-04     0.129030E-04     0.358818E-04
  0.227754E-04     0.340869E-04     0.222577E-04     0.190576E-04     0.131089E-04
  0.182359E-04     0.106243E-04     0.248563E-04     0.198171E-04     0.171015E-04
  0.203923E-04     0.129565E-04     0.341170E-04     0.205436E-04     0.198444E-04
  0.407597E-04     0.213644E-04     0.169167E-04     0.140834E-04     0.269671E-04
  0.163652E-04     0.137491E-04     0.318123E-04     0.104992E-04     0.345151E-04
  0.123681E-04     0.247352E-04     0.121948E-04     0.164666E-04     0.102360E-04
  0.106808E-04     0.199251E-04     0.223704E-04     0.131791E-04     0.924142E-05
  0.154649E-04     0.143134E-04     0.166890E-04     0.179431E-04     0.108915E-04
  0.209452E-04     0.126153E-04     0.117273E-04     0.118379E-04     0.207756E-04
  0.188037E-04     0.177518E-04     0.114230E-04     0.177832E-04     0.157156E-04
  0.286262E-04     0.116449E-04     0.143941E-04     0.289504E-04     0.163849E-04
  0.127387E-04     0.136750E-04     0.181383E-04     0.126619E-04     0.368656E-04
  0.123794E-04     0.179268E-04     0.200581E-04     0.224115E-04     0.120480E-04
  0.162676E-04     0.152723E-04     0.208310E-04     0.152675E-04     0.204704E-04
  0.193040E-04     0.127856E-04     0.136905E-04     0.969733E-05     0.123507E-04
  0.175459E-04     0.195986E-04     0.135619E-04     0.108929E-04     0.155600E-04
  0.126056E-04     0.148447E-04     0.125775E-04     0.112493E-04     0.186773E-04
  0.186983E-04     0.189602E-04     0.211764E-04     0.108772E-04     0.139513E-04
  0.210896E-04     0.165537E-04     0.202200E-04     0.190253E-04     0.133999E-04
  0.152382E-04     0.160742E-04     0.223027E-04     0.174661E-04     0.136077E-04
  0.242712E-04     0.152161E-04     0.149365E-04     0.165920E-04     0.145163E-04
  0.195819E-04     0.241529E-04     0.129368E-04     0.144943E-04     0.165368E-04
  0.147283E-04     0.197159E-04     0.252739E-04     0.169325E-04     0.166566E-04
  0.200278E-04     0.143318E-04     0.203530E-04     0.162874E-04     0.223935E-04
  0.175998E-04     0.149654E-04     0.178345E-04     0.173580E-04     0.199548E-04
  0.354349E-04     0.214312E-04     0.220275E-04     0.216392E-04     0.241113E-04
  0.118964E-04     0.204919E-04     0.234388E-04     0.143524E-04     0.191151E-04
  0.189915E-04     0.167434E-04     0.176876E-04     0.277066E-04     0.349422E-04
  0.174632E-04     0.140314E-04     0.216270E-04     0.180592E-04     0.309086E-04
  0.209079E-04     0.201624E-04     0.226197E-04     0.202168E-04     0.275064E-04
  0.175655E-04     0.154203E-04     0.131286E-04     0.163268E-04     0.152060E-04
  0.222597E-04     0.164384E-04     0.148114E-04     0.197918E-04     0.239230E-04
  0.276968E-04     0.242666E-04     0.213333E-04     0.320155E-04     0.207673E-04
  0.287439E-04     0.267523E-04     0.421570E-04     0.237706E-04     0.237175E-04
  0.224140E-04     0.227980E-04     0.228183E-04     0.242634E-04     0.226935E-04
  0.247432E-04     0.226003E-04     0.205105E-04     0.282513E-04     0.295966E-04
  0.149930E-04     0.170197E-04     0.275172E-04     0.188012E-04     0.226510E-04
  0.269755E-04     0.173925E-04     0.240428E-04     0.218748E-04     0.199356E-04
  0.185984E-04     0.180517E-04     0.210342E-04     0.161298E-04     0.168630E-04
  0.241343E-04     0.267753E-04     0.209923E-04     0.250588E-04     0.207763E-04
  0.248423E-04     0.213999E-04     0.249564E-04     0.262085E-04     0.249389E-04
  0.320249E-04     0.251843E-04     0.142406E-04     0.208855E-04     0.202830E-04
  0.174646E-04     0.158628E-04     0.267488E-04     0.171169E-04     0.263240E-04
  0.229863E-04     0.235703E-04     0.227254E-04     0.135593E-04     0.254933E-04
  0.262646E-04     0.247531E-04     0.235986E-04     0.235749E-04     0.238510E-04
  0.190928E-04     0.373831E-04     0.170595E-04     0.324394E-04     0.295129E-04
  0.226741E-04     0.177590E-04     0.207425E-04     0.200387E-04     0.339024E-04
  0.234351E-04     0.247270E-04     0.151737E-04     0.186140E-04     0.321611E-04
  0.239406E-04     0.241274E-04     0.227641E-04     0.289748E-04     0.322386E-04
  0.260325E-04     0.278696E-04     0.238422E-04     0.274157E-04     0.365181E-04
  0.232753E-04     0.222294E-04     0.262997E-04     0.249664E-04     0.197148E-04
  0.288153E-04     0.231786E-04     0.244132E-04     0.211962E-04     0.224336E-04
  0.192697E-04     0.205226E-04     0.189780E-04     0.237232E-04     0.222569E-04
  0.255681E-04     0.220593E-04     0.224169E-04     0.267251E-04     0.215442E-04
  0.271267E-04     0.290766E-04     0.282854E-04     0.319148E-04     0.289553E-04
  0.267577E-04     0.339888E-04     0.327908E-04     0.276342E-04     0.219014E-04
  0.300063E-04     0.248864E-04     0.267862E-04     0.372191E-04     0.305232E-04
  0.267028E-04     0.265173E-04     0.271954E-04     0.373085E-04     0.295112E-04
  0.339168E-04     0.233272E-04     0.562942E-04     0.319921E-04     0.211827E-04
  0.245658E-04     0.430408E-04     0.225661E-04     0.262453E-04     0.352112E-04
  0.316009E-04     0.291613E-04     0.313257E-04     0.270270E-04     0.193408E-04
  0.188964E-04     0.130840E-04     0.359929E-04     0.214295E-04     0.269937E-04
  0.195214E-04     0.398026E-04     0.358681E-04     0.188800E-04     0.262309E-04
  0.203906E-04     0.177379E-04     0.226801E-04     0.206035E-04     0.334315E-04
  0.347913E-04     0.200886E-04     0.249982E-04     0.212741E-04     0.289870E-04
  0.212874E-04     0.114331E-04     0.134741E-04     0.298542E-04     0.268037E-04
  0.192357E-04     0.207717E-04     0.220487E-04     0.186566E-04     0.344750E-04
  0.219266E-04     0.195896E-04     0.275768E-04     0.209674E-04     0.188088E-04
  0.234777E-04     0.153518E-04     0.239662E-04     0.173789E-04     0.195066E-04
  0.175727E-04     0.134129E-04     0.192761E-04     0.136465E-04     0.269507E-04
  0.161306E-04     0.164515E-04     0.158911E-04     0.169227E-04     0.145817E-04
  0.131904E-04     0.194648E-04     0.166159E-04     0.192476E-04     0.177558E-04
  0.249501E-04     0.300405E-04     0.215411E-04     0.188388E-04     0.218669E-04
  0.174167E-04     0.243202E-04     0.190110E-04     0.206906E-04     0.198286E-04
  0.230389E-04     0.201807E-04     0.240581E-04     0.248952E-04     0.166931E-04
  0.256164E-04     0.269511E-04     0.231502E-04     0.206384E-04     0.125909E-04
  0.259136E-04     0.276362E-04     0.271875E-04     0.283738E-04     0.127690E-04
  0.180387E-04     0.228347E-04     0.176899E-04     0.230205E-04     0.203800E-04
  0.156930E-04     0.220848E-04     0.230882E-04     0.207358E-04     0.246570E-04
  0.242535E-04     0.226592E-04     0.281077E-04     0.289963E-04     0.194152E-04
  0.289262E-04     0.238391E-04     0.283367E-04     0.275499E-04     0.254053E-04
  0.357452E-04     0.240209E-04     0.201041E-04     0.132933E-04     0.246441E-04
  0.217353E-04     0.209785E-04     0.220238E-04     0.219120E-04     0.207230E-04
  0.230212E-04     0.206141E-04     0.195412E-04     0.208881E-04     0.193238E-04
  0.264191E-04     0.148834E-04     0.222755E-04     0.219194E-04     0.211872E-04
  0.248844E-04     0.230824E-04     0.203438E-04     0.212477E-04     0.223660E-04
  0.242491E-04     0.172193E-04     0.229604E-04     0.219011E-04     0.194421E-04
  0.256477E-04     0.245847E-04     0.276987E-04     0.199986E-04     0.234902E-04
  0.280918E-04     0.212276E-04     0.198698E-04     0.219738E-04     0.189610E-04
  0.211765E-04     0.249927E-04     0.182775E-04     0.198333E-04     0.219668E-04
  0.243420E-04     0.219568E-04     0.264068E-04     0.218024E-04     0.211478E-04
  0.211845E-04     0.168389E-04     0.177999E-04     0.191876E-04     0.202057E-04
  0.158273E-04     0.214227E-04     0.238506E-04     0.190649E-04     0.174252E-04
  0.223065E-04     0.185186E-04     0.230751E-04     0.270016E-04     0.223157E-04
  0.312787E-04     0.215826E-04     0.213709E-04     0.208466E-04     0.272737E-04
  0.183155E-04     0.214954E-04     0.215114E-04     0.177625E-04     0.204423E-04
  0.214671E-04     0.222185E-04     0.229389E-04     0.236789E-04     0.209109E-04
  0.218412E-04     0.217807E-04     0.216052E-04     0.235522E-04     0.295798E-04
  0.251255E-04     0.161647E-04     0.295925E-04     0.227854E-04     0.219286E-04
  0.234259E-04     0.255319E-04     0.243534E-04     0.235456E-04     0.260329E-04
  0.241898E-04     0.276204E-04     0.319588E-04     0.233641E-04     0.273550E-04
  0.300022E-04     0.221730E-04     0.223456E-04     0.300409E-04     0.203212E-04
  0.253188E-04     0.237663E-04     0.256345E-04     0.254995E-04     0.239685E-04
  0.243964E-04     0.271843E-04     0.255598E-04     0.251137E-04     0.218434E-04
  0.280264E-04     0.217289E-04     0.329785E-04     0.247747E-04     0.236109E-04
  0.235022E-04     0.259170E-04     0.238959E-04     0.271694E-04     0.226863E-04
  0.245458E-04     0.319394E-04     0.289930E-04     0.299197E-04     0.278506E-04
  0.259105E-04     0.274930E-04     0.244489E-04     0.276250E-04     0.235662E-04
  0.254410E-04     0.234188E-04     0.223781E-04     0.237322E-04     0.212811E-04
  0.276293E-04     0.235043E-04     0.264207E-04     0.264714E-04     0.259021E-04
  0.229506E-04     0.292814E-04     0.289674E-04     0.273690E-04     0.263186E-04
  0.300889E-04     0.287510E-04     0.299020E-04     0.251689E-04     0.319192E-04
  0.317598E-04     0.281698E-04     0.267924E-04     0.303354E-04     0.244919E-04
  0.257009E-04     0.233284E-04     0.286289E-04     0.330512E-04     0.260648E-04
  0.258708E-04     0.357069E-04     0.208791E-04     0.265930E-04     0.317836E-04
  0.312688E-04     0.214746E-04     0.324991E-04     0.288138E-04     0.272886E-04
  0.275467E-04     0.246459E-04     0.293430E-04     0.288089E-04     0.290203E-04
  0.240616E-04     0.346485E-04     0.294912E-04     0.292786E-04     0.306737E-04
  0.286330E-04     0.288530E-04     0.310866E-04     0.304369E-04     0.296244E-04
  0.281860E-04     0.294934E-04     0.310002E-04     0.255964E-04     0.261431E-04
  0.259292E-04     0.298577E-04     0.301670E-04     0.398828E-04     0.301631E-04
  0.273856E-04     0.297353E-04     0.323450E-04     0.297786E-04     0.354770E-04
  0.318395E-04     0.329488E-04     0.297098E-04     0.309313E-04     0.295174E-04
  0.329378E-04     0.384679E-04     0.320067E-04     0.234394E-04     0.340669E-04
  0.340281E-04     0.308398E-04     0.237704E-04     0.312022E-04     0.338569E-04
  0.297530E-04     0.261452E-04     0.269327E-04     0.280067E-04     0.263007E-04
  0.274819E-04     0.278556E-04     0.279037E-04     0.431207E-04     0.375839E-04
  0.459932E-04     0.412634E-04     0.333628E-04     0.260853E-04     0.267411E-04
  0.325206E-04     0.317484E-04     0.353469E-04     0.340260E-04     0.371780E-04
  0.362845E-04     0.270725E-04     0.283659E-04     0.350189E-04     0.271281E-04
  0.319458E-04     0.306282E-04     0.317109E-04     0.232001E-04     0.241777E-04
  0.290476E-04     0.289287E-04     0.281750E-04     0.310450E-04     0.244327E-04
  0.260241E-04     0.289733E-04     0.262225E-04     0.222962E-04     0.160957E-04
  0.256792E-04     0.274998E-04     0.286038E-04     0.257234E-04     0.260009E-04
  0.299563E-04     0.240990E-04     0.272270E-04     0.209355E-04     0.314656E-04
  0.261431E-04     0.308343E-04     0.342181E-04     0.375471E-04     0.350991E-04
  0.308574E-04     0.329427E-04     0.347109E-04     0.282330E-04     0.343097E-04
  0.294619E-04     0.422868E-04     0.284647E-04     0.258371E-04     0.257330E-04
  0.243075E-04     0.421540E-04     0.364921E-04     0.496140E-04     0.360790E-04
  0.350532E-04     0.402157E-04     0.374051E-04     0.340856E-04     0.364058E-04
  0.363946E-04     0.485442E-04     0.308282E-04     0.257349E-04     0.461113E-04
  0.244045E-04     0.238564E-04     0.555086E-04     0.339691E-04     0.326892E-04
  0.287783E-04     0.287386E-04     0.325635E-04     0.304532E-04     0.272673E-04
  0.393584E-04     0.206560E-04     0.439177E-04     0.403339E-04     0.265095E-04
  0.242840E-04     0.695015E-04     0.280450E-04     0.263625E-04     0.262031E-04
  0.755234E-04     0.280626E-04     0.511390E-04     0.368746E-04     0.466721E-04
  0.414759E-04     0.483506E-04     0.357493E-04     0.298846E-04     0.344194E-04
  0.211731E-04     0.321174E-04     0.325503E-04     0.396902E-04     0.415015E-04
  0.410398E-04     0.246056E-04     0.332296E-04     0.392929E-04     0.472838E-04
  0.464863E-04     0.237466E-04     0.260797E-04     0.278336E-04     0.420305E-04
  0.237632E-04     0.250353E-04     0.249046E-04     0.281983E-04     0.191291E-04
  0.816121E-04     0.304032E-04     0.445046E-04     0.460567E-04     0.318171E-04
  0.287350E-04     0.460717E-04     0.555361E-04     0.188484E-04     0.493330E-04
  0.302799E-04     0.305987E-04     0.331764E-04     0.344139E-04     0.383233E-04
  0.235341E-04     0.346483E-04     0.289450E-04     0.278956E-04     0.228536E-04
  0.355323E-04     0.373743E-04     0.468371E-04     0.316239E-04     0.302115E-04
  0.368840E-04     0.460303E-04     0.369974E-04     0.370303E-04     0.395180E-04
  0.511453E-04     0.463431E-04     0.288359E-04     0.211735E-04     0.362929E-04
  0.426543E-04     0.419501E-04     0.300371E-04     0.250111E-04     0.258082E-04
  0.277677E-04     0.235754E-04     0.253901E-04     0.317302E-04     0.348322E-04
  0.224180E-04     0.493635E-04     0.456089E-04     0.449218E-04     0.337735E-04
  0.510973E-04     0.377760E-04     0.201325E-04     0.323870E-04     0.213996E-04
  0.283506E-04     0.433727E-04     0.355346E-04     0.359317E-04     0.238377E-04
  0.911146E-04     0.503585E-04     0.125129E-03     0.172778E-03     0.950489E-04
  0.958404E-04     0.872963E-04     0.259221E-03     0.158829E-03     0.248715E-03
  0.213972E-03     0.345520E-03     0.248729E-03     0.583935E-03     0.468959E-03
  0.416222E-03     0.558261E-03     0.465808E-03     0.726160E-03     0.780233E-03
  0.854615E-03     0.113185E-02     0.129108E-02     0.121890E-02     0.107545E-02
  0.130907E-02     0.105064E-02     0.149965E-02     0.135189E-02     0.148162E-02
  0.124274E-02     0.255393E-02     0.162440E-02     0.178898E-02     0.159390E-02
  0.173204E-02     0.265032E-02     0.188820E-02     0.245318E-02     0.296793E-02
  0.170063E-02     0.271147E-02     0.273501E-02     0.341269E-02     0.536144E-02
  0.564928E-02     0.418339E-02     0.330580E-02     0.508131E-02     0.437577E-02
  0.645552E-02     0.555366E-02     0.634683E-02     0.886769E-02     0.718033E-02
  0.898459E-02     0.864627E-02     0.134389E-01
 eigen energies, in eV 
    -44.553263       -44.450349       -44.366698       -44.250663       -44.191038
    -29.229132       -29.110492       -28.979685       -28.967876       -28.953655
    -28.750842       -28.678055       -28.636686       -28.625740       -28.610602
    -28.593436       -28.558019       -28.540419       -28.529606       -28.526460
    -28.513088       -28.484331       -28.463779       -28.440213       -28.394498
    -28.360766       -28.326012       -28.268349       -28.219942       -28.202198
    -28.188518       -28.108272       -28.075049       -28.066717       -28.065281
    -28.041492       -28.037078       -28.034768       -28.015874       -27.952701
    -27.950892       -27.932677       -27.863256       -27.845056       -27.807356
    -27.721726       -27.672870       -27.655280       -27.576674       -27.575852
    -27.550790       -27.514699       -27.482891       -27.481755       -27.478434
    -27.453471       -27.396995       -27.383787       -27.383524       -27.363562
    -27.293961       -27.292066       -27.284585       -27.271661       -27.269536
    -27.220785       -27.203243       -27.200462       -27.193550       -27.077888
    -27.076494       -27.060936       -26.973150       -26.872232       -26.820876
    -26.800002       -26.771590       -26.760748       -26.722124       -26.679006
    -26.644848       -26.633615       -26.628965       -26.612531       -26.554987
    -26.543996       -26.539821       -26.531102       -26.526351       -26.451035
    -26.448202       -26.441727       -26.401513       -26.359109       -26.312000
    -26.289207       -26.278151       -26.267756       -26.254884       -26.252851
    -26.244197       -26.231804       -26.210781       -26.202482       -26.192166
    -26.135896       -26.133846       -26.102411       -26.094593       -26.082481
    -26.057432       -26.048883       -26.022254       -26.013881       -26.004274
    -26.002540       -25.895646       -25.867062       -25.865153       -25.857461
    -25.833297       -25.829745       -25.805113       -25.769577       -25.681325
    -25.633524       -25.601800       -25.545138       -25.541818       -25.537308
    -25.500942       -25.480054       -25.413431       -25.410694       -25.211828
    -24.471706       -24.312697       -24.257010       -23.924650       -23.823694
    -23.785982       -23.737437       -23.636141       -23.632875       -23.622363
    -23.557241       -23.419385       -23.405159       -23.363401       -23.260543
    -23.147114       -23.114345       -23.018230       -23.003256       -22.927321
    -22.901129       -22.899182       -22.825119       -22.789881       -22.788002
    -22.670845       -22.612860       -22.375419       -22.337483       -22.197077
    -22.175929       -22.107959       -22.094684       -22.020011       -21.992222
    -21.921689       -21.863337       -21.698831       -21.538948       -21.538073
    -21.426164       -21.326269       -21.321853       -21.271770       -21.191930
    -21.156769       -21.151934       -21.139173       -21.091859       -21.037304
    -20.997044       -20.766052       -20.698868       -20.405138       -20.230400
    -18.919598       -18.509129       -18.365767       -18.213466       -18.176464
    -16.146663       -16.060385       -15.982894       -15.926134       -15.913251
    -15.768755       -15.730805       -15.649376       -15.621056       -15.494378
    -15.467199       -15.430013       -15.408955       -15.405258       -15.347263
    -15.328328       -15.266705       -15.239966       -15.217965       -15.097162
    -15.070894       -15.002201       -14.983621       -14.916255       -14.778135
    -14.741897       -14.739443       -14.693375       -14.641829       -14.618109
    -14.605240       -14.565230       -14.418573       -14.415692       -14.383960
    -14.369220       -14.330255       -14.326607       -14.287256       -14.243204
    -13.908701       -13.854120       -13.774221       -13.709174       -13.689205
    -13.673502       -13.667841       -13.660099       -13.630182       -13.547738
    -13.524420       -13.518619       -13.426148       -13.422194       -13.410832
    -13.405495       -13.375472       -13.346235       -13.327782       -13.307369
    -13.210768       -13.165466       -13.154449       -13.123747       -13.104142
    -13.090313       -13.052564       -12.968483       -12.930067       -12.837505
    -12.555570       -12.334898       -12.312712       -12.253670       -12.190089
    -12.175753       -12.108438       -12.066872       -12.024065       -12.004680
    -11.999296       -11.968309       -11.942178       -11.939599       -11.872961
    -11.849036       -11.826854       -11.776349       -11.760860       -11.742213
    -11.718522       -11.704408       -11.700159       -11.624834       -11.543828
    -11.514066       -11.492108       -11.471988       -11.461205       -11.445461
    -11.407587       -11.400572       -11.392712       -11.376060       -11.345802
    -11.341267       -11.312782       -11.301812       -11.288601       -11.257768
    -11.136005       -11.118469       -11.052968       -11.032432       -10.957542
    -10.912931       -10.864818       -10.824158       -10.790078       -10.750660
    -10.731560       -10.676561       -10.651463       -10.648629       -10.640564
    -10.607738       -10.593412       -10.573536       -10.549381       -10.537884
    -10.528138       -10.499500       -10.497807       -10.494976       -10.482763
    -10.474967       -10.472630       -10.458178       -10.454201       -10.435257
    -10.427870       -10.408631       -10.395453       -10.375698       -10.365937
    -10.358452       -10.346831       -10.337405       -10.323223       -10.312469
    -10.304663       -10.288972       -10.279696       -10.263346       -10.254433
    -10.245446       -10.225411       -10.212180       -10.206755       -10.198678
    -10.191801       -10.188737       -10.166708       -10.158054       -10.149371
    -10.133339       -10.111443       -10.093926       -10.084587       -10.058372
    -10.053375       -10.049421       -10.038423       -10.030447       -10.016028
    -10.005417       -10.000593        -9.984788        -9.963698        -9.960047
     -9.939140        -9.921028        -9.919620        -9.918648        -9.915049
     -9.896599        -9.891313        -9.878741        -9.871664        -9.812913
     -9.796845        -9.779971        -9.761761        -9.739413        -9.715614
     -9.709152        -9.697179        -9.661987        -9.658821        -9.648431
     -9.640309        -9.631468        -9.618751        -9.590868        -9.583060
     -9.577456        -9.571607        -9.547093        -9.535805        -9.527437
     -9.490707        -9.488028        -9.476821        -9.464313        -9.443321
     -9.437536        -9.431404        -9.415624        -9.400751        -9.397504
     -9.368303        -9.364864        -9.357192        -9.345294        -9.317618
     -9.314168        -9.307185        -9.231081        -9.227894        -9.208770
     -9.190976        -9.185343        -9.180905        -9.158903        -9.151458
     -9.131459        -9.123522        -9.122831        -9.106660        -9.092944
     -9.086900        -9.063256        -9.051884        -9.041371        -9.035892
     -9.013395        -9.010495        -9.002997        -8.976528        -8.950920
     -8.949901        -8.944464        -8.937897        -8.929889        -8.920481
     -8.902626        -8.872386        -8.855340        -8.853740        -8.828095
     -8.815656        -8.807334        -8.792095        -8.765698        -8.753140
     -8.737850        -8.698033        -8.660304        -8.614013        -8.603809
     -8.597583        -8.566735        -8.558581        -8.523104        -8.495893
     -8.482017        -8.463559        -8.425311        -8.421494        -8.412872
     -8.408365        -8.400232        -8.392443        -8.341926        -8.317556
     -8.282066        -8.271671        -8.253201        -8.249236        -8.215138
     -8.205437        -8.186842        -8.178863        -8.155787        -8.151181
     -8.140125        -8.090100        -7.993342        -7.981841        -7.979808
     -7.922815        -7.891053        -7.865792        -7.847678        -7.841041
     -7.830007        -7.817996        -7.794237        -7.781763        -7.721756
     -7.713425        -7.698580        -7.677295        -7.671892        -7.649241
     -7.626934        -7.612774        -7.594718        -7.558897        -7.547995
     -7.539165        -7.515483        -7.509436        -7.442660        -7.412003
     -7.395555        -7.389337        -7.379508        -7.375523        -7.350372
     -7.328718        -7.294692        -7.290837        -7.259816        -7.254281
     -7.247329        -7.241201        -7.213242        -7.205817        -7.190333
     -7.133153        -7.114142        -7.111453        -7.105207        -7.096356
     -7.059073        -7.038380        -7.025446        -7.015086        -7.010180
     -6.987943        -6.976650        -6.967272        -6.944021        -6.938464
     -6.922681        -6.908564        -6.891468        -6.889201        -6.875385
     -6.873505        -6.864033        -6.856689        -6.846301        -6.839460
     -6.823290        -6.815190        -6.771097        -6.765647        -6.758414
     -6.743161        -6.719156        -6.710598        -6.706611        -6.698667
     -6.685769        -6.675273        -6.655902        -6.648359        -6.639074
     -6.635464        -6.613213        -6.600944        -6.596560        -6.591100
     -6.559238        -6.545193        -6.533694        -6.517055        -6.509640
     -6.497550        -6.484943        -6.482448        -6.473913        -6.472116
     -6.461326        -6.441605        -6.439128        -6.415578        -6.394188
     -6.390601        -6.366093        -6.359885        -6.353255        -6.345203
     -6.340414        -6.331488        -6.320092        -6.303908        -6.296961
     -6.287244        -6.270938        -6.256049        -6.236143        -6.225779
     -6.211723        -6.210720        -6.199118        -6.185097        -6.175262
     -6.162928        -6.154564        -6.124591        -6.122219        -6.106176
     -6.090441        -6.075368        -6.069568        -6.064243        -6.060997
     -6.054671        -6.044808        -6.037922        -6.036319        -6.025095
     -6.011719        -6.008150        -6.000451        -5.995983        -5.992613
     -5.984512        -5.973127        -5.970147        -5.960349        -5.955162
     -5.949957        -5.939436        -5.935641        -5.920717        -5.916814
     -5.915405        -5.902211        -5.898184        -5.880510        -5.873488
     -5.863986        -5.860934        -5.852110        -5.849603        -5.831573
     -5.825408        -5.813668        -5.806859        -5.803638        -5.794137
     -5.785971        -5.773345        -5.761861        -5.759612        -5.756838
     -5.748373        -5.739918        -5.736984        -5.732037        -5.728779
     -5.711354        -5.707852        -5.702769        -5.695468        -5.691752
     -5.677396        -5.672626        -5.657555        -5.653913        -5.648348
     -5.641367        -5.631359        -5.623031        -5.616900        -5.609752
     -5.605404        -5.600791        -5.598012        -5.590340        -5.587929
     -5.571462        -5.566411        -5.560281        -5.548081        -5.530355
     -5.522939        -5.518537        -5.517780        -5.515419        -5.511025
     -5.506235        -5.499895        -5.497392        -5.477728        -5.472542
     -5.467218        -5.463957        -5.454082        -5.451925        -5.445578
     -5.439299        -5.435980        -5.429971        -5.423516        -5.412590
     -5.403275        -5.399521        -5.397249        -5.385807        -5.366263
     -5.359599        -5.347440        -5.342945        -5.333091        -5.328775
     -5.323987        -5.319129        -5.311388        -5.308576        -5.298121
     -5.296738        -5.290762        -5.274506        -5.267210        -5.256608
     -5.249529        -5.236481        -5.231805        -5.219300        -5.216426
     -5.210754        -5.204680        -5.197980        -5.192303        -5.186579
     -5.185842        -5.173075        -5.159646        -5.156477        -5.154060
     -5.148344        -5.144080        -5.140075        -5.132593        -5.125918
     -5.122876        -5.117725        -5.107434        -5.104615        -5.099605
     -5.093549        -5.090125        -5.083747        -5.074614        -5.071583
     -5.065662        -5.060799        -5.050839        -5.046575        -5.040250
     -5.034982        -5.023687        -5.017555        -5.013160        -4.999668
     -4.994237        -4.985664        -4.982833        -4.976228        -4.969309
     -4.964642        -4.957963        -4.957188        -4.953904        -4.946955
     -4.940841        -4.938743        -4.928467        -4.908062        -4.897455
     -4.896351        -4.882933        -4.874805        -4.858616        -4.843125
     -4.840663        -4.833929        -4.833412        -4.831871        -4.822654
     -4.821424        -4.815985        -4.811721        -4.808439        -4.803623
     -4.796705        -4.790613        -4.774279        -4.738053        -4.729059
     -4.720365        -4.711529        -4.694163        -4.683539        -4.676365
     -4.664563        -4.636763        -4.613974        -4.604441        -4.589873
     -4.572564        -4.566590        -4.553836        -4.540881        -4.537132
     -4.527251        -4.521217        -4.514449        -4.496544        -4.466288
     -4.465005        -4.430270        -4.426472        -4.414544        -4.406604
     -4.388133        -4.359513        -4.345910        -4.331046        -4.311015
     -4.295194        -4.288861        -4.279599        -4.256738        -4.244675
     -4.200738        -4.182510        -4.176004        -4.169474        -4.148869
     -4.138196        -4.128793        -4.098600        -4.091038        -4.079527
     -4.073235        -4.071067        -4.043930        -4.032088        -4.023611
     -4.001705        -3.980492        -3.956437        -3.945117        -3.924133
     -3.917859        -3.878638        -3.869361        -3.839535        -3.825510
     -3.809364        -3.792549        -3.782146        -3.745810        -3.699844
     -3.696618        -3.675063        -3.665413        -3.652610        -3.627958
     -3.610539        -3.584157        -3.575581        -3.506350        -3.470920
     -3.448544        -3.445378        -3.425952        -3.413029        -3.395556
     -3.376728        -3.369631        -3.359916        -3.351685        -3.347145
     -3.293172        -3.279876        -3.252620        -3.241470        -3.229688
     -3.220681        -3.208298        -3.182570        -3.171113        -3.166393
     -3.143044        -3.119370        -3.113206        -3.077300        -3.060127
     -3.049202        -3.034909        -3.017142        -3.015164        -3.012848
     -3.002326        -2.975445        -2.951170        -2.917825        -2.893824
     -2.889536        -2.883836        -2.864506        -2.836777        -2.830693
     -2.828841        -2.820044        -2.811114        -2.788235        -2.771394
     -2.755882        -2.743556        -2.715544        -2.706305        -2.696704
     -2.661784        -2.652942        -2.646949        -2.635779        -2.633076
     -2.621482        -2.613547        -2.609619        -2.584454        -2.571851
     -2.537664        -2.529977        -2.483351        -2.466308        -2.420649
     -2.408690        -2.370966        -2.369576        -2.362124        -2.323006
     -2.287385        -2.272286        -2.264377        -2.253879        -2.228666
     -2.215065        -2.186637        -2.115453        -2.060614        -2.028702
     -1.979683        -1.946827        -1.927646        -1.919173        -1.620880
      2.257356         2.451456         2.527317         2.652217         2.850878
      2.992592         3.065505         3.242368         3.298711         3.365438
      3.389092         3.474450         3.504652         3.552568         3.598517
      3.626315         3.682860         3.755209         3.789379         3.850785
      3.863203         3.915945         3.983517         4.028359         4.040511
      4.055792         4.077070         4.116667         4.128346         4.173609
      4.184572         4.211694         4.215395         4.249339         4.278620
      4.286485         4.308185         4.336140         4.351594         4.372962
      4.396971         4.410813         4.439694         4.454843         4.469519
      4.512070         4.531683         4.553318         4.595372         4.622943
      4.626155         4.688734         4.692881         4.715655         4.746679
      4.765568         4.797897         4.813423
 *********************************
 total computation time (sec)=   1996.42042398453     
