 AEM_Eatom=  3.677346122420908E-002
 AEM_Egroup=  3.739727964948865E-003
 AEM_Etot=  2.371131358714117E-003
 AEM_F=  0.656930444551003     
