 AEM_Eatom=  0.170967893107272     
 AEM_Egroup=  2.173361918711485E-002
 AEM_Etot=  1.521971348447099E-002
 AEM_F=  0.738246279249806     
