           4           1
 PRECISION  = SINGLE     
 JOB       = SCF
 IN.PSP1   = /home/sabs/shenjie/Pseudopotential/Li.nc.pbe.UPF
 IN.PSP2   = /home/sabs/shenjie/Pseudopotential/C.nc.pbe.UPF
 IN.PSP3   = /home/sabs/shenjie/Pseudopotential/O.nc.pbe.UPF
 IN.PSP4   = /home/sabs/shenjie/Pseudopotential/N.nc.pbe.UPF
 IN.PSP5   = /home/sabs/shenjie/Pseudopotential/S.nc.pbe.UPF
 IN.PSP6   = /home/sabs/shenjie/Pseudopotential/F.nc.pbe.UPF
 IN.PSP7   = /home/sabs/shenjie/Pseudopotential/H.nc.pbe.UPF
 IN.PSP8   = /home/sabs/shenjie/Pseudopotential/P.nc.pbe.UPF
 IN.ATOM   = atom.config         
 CONVERGENCE  = EASY
 ACCURACY  = NORM
 VFF_DETAIL =   1   500  0.50000000E-02     30.00000     4.00000     0.00000     1.00000  
 EGG_DETAIL =            3           3           3
 SPIN      =   1
 CONSTRAINT_MAG =           0
 RANDOM_SEED=           0
 QIJ_DETAIL =   0  1
 SCF_MIX = CHARGE
 PWSCF_OUTPUT     =  F
 Ecut      =    60.0000000000000     
 Ecut2     =    120.000000000000     
 Ecut2L    =    120.000000000000     
 EcutP    =    60.0000000000000     
 N123      =   120   120   120
 NS123     =    40    40    40
 N123L     =   120   120   120
 STRESS_CORR =   0.100000E+01  0.000000E+00  0.200000E+01  0.000000E+00
 XCFUNCTIONAL = LDA
 HSE_DETAIL    =      1.00000000    1     0.00000000    6 1 1
 RELAX_HSE    =    20   0.50000E-01     2
 VDW       = NONE
 LONDON_S6      =   0.000000000000000E+000
 LONDON_C6(1)      =   -1.00000000000000     
 LONDON_C6(2)      =   -1.00000000000000     
 LONDON_C6(3)      =   -1.00000000000000     
 LONDON_C6(4)      =   -1.00000000000000     
 LONDON_C6(5)      =   -1.00000000000000     
 LONDON_C6(6)      =   -1.00000000000000     
 LONDON_C6(7)      =   -1.00000000000000     
 LONDON_C6(8)      =   -1.00000000000000     
 LONDON_RCUT      =   0.000000000000000E+000
 DFTD3_S6        =   0.000000000000000E+000
 DFTD3_RS6        =   0.000000000000000E+000
 DFTD3_S18        =   0.000000000000000E+000
 DFTD3_RS18        =   0.000000000000000E+000
 DFTD3_ALPHA6        =   0.000000000000000E+000
 DFTD3_VERSION        =            0
 DFTD3_3BODY        =  F
 COULOMB   =    0
 IN.WG     =  F
 OUT.WG    =  F
 IN.RHO    =  F
 OUT.RHOATOM =  F
 OUT.RHO   =  F
 IN.VR     =  F
 OUT.VR    =  F
 OUT.ELF   =  F
 IN.VEXT   =  F
 OUT.VATOM   =  F
 OUT.FORCE =  T
 OUT.STRESS =  F
 IN.KPT    =  F
 IN.SYMM   =  F
 SYMM_PREC =    0.10000E-04
 MP_N123 =      1      1      1      0      0      0      0
 NUM_KPT =            1
 CHARGE_DECOMP = F
 ENERGY_DECOMP = F 
 IN.SOLVENT =  F
 NUM_ELECTRON =   1940.00000000000     
 FIX_FERMI =   F  0.000000E+00  0.000000E+00  0.000000E+00
 IN.NONSCF    =  F
 NUM_BAND  =  1028
 OUT.REAL.RHOWF_SP= 0
 WG_ERROR  =   1.000000000000000E-004
 E_ERROR   =   5.279008887880000E-003
 RHO_ERROR =   5.000000000000000E-005
 RHO_RELATIVE_ERROR      =   0.000000000000000E+000
 FORCE_RELATIVE_ERROR     =   0.000000000000000E+000
 MIN_SCF_ITER     =            1
 SYS_TYPE   =            1
 PULAY_MIX_OPT =     30  1  0       1.00000       0.00000
 PULAY_METRIC_Q0 =       -1.00000
 IN.OCC    =  F          -1
 IN.CC    =  F
 IN.OCC_ADIA    =  F
 SCF_ITER0_1 =    6   4    3    0.0000     0.02500    1
 SCF_ITER0_2 =   94   4    3    1.0000     0.02500    1
 SCF_ITER1_1 =   40   4    3    1.0000     0.02500    1
 NONLOCAL  =  2
 IN.A_FIELD =  F       0.00000       0.00000       0.00000
 RCUT      =    4.00000000000000     
 IN.PSP_RCUT1 =   4.00000000000000     
 IN.PSP_RCUT2 =   4.00000000000000     
 IN.PSP_RCUT3 =   4.00000000000000     
 IN.PSP_RCUT4 =   4.00000000000000     
 IN.PSP_RCUT5 =   4.00000000000000     
 IN.PSP_RCUT6 =   4.00000000000000     
 IN.PSP_RCUT7 =   4.00000000000000     
 IN.PSP_RCUT8 =   4.00000000000000     
 MD_VV_SCALE =    100
 LDAU_PSP1   =           -1  2.721138638331097E-009  2.721138638331097E-009  eV
 LDAU_PSP2   =           -1  2.721138638331097E-009  2.721138638331097E-009  eV
 LDAU_PSP3   =           -1  2.721138638331097E-009  2.721138638331097E-009  eV
 LDAU_PSP4   =           -1  2.721138638331097E-009  2.721138638331097E-009  eV
 LDAU_PSP5   =           -1  2.721138638331097E-009  2.721138638331097E-009  eV
 LDAU_PSP6   =           -1  2.721138638331097E-009  2.721138638331097E-009  eV
 LDAU_PSP7   =           -1  2.721138638331097E-009  2.721138638331097E-009  eV
 LDAU_PSP8   =           -1  2.721138638331097E-009  2.721138638331097E-009  eV
 NUM_BLOCKED_PSI=  F
 WF_STORE2DISK  =            0
 NUM_DOS_GRID =         4000
 NMAP_MAX =        50000
 KERK_AMIN =   0.300000000000000     
 KERK_AMIX =   0.400000000000000     
 KERK_AMIX_MAG =   0.800000000000000     
 KERK_BMIX =   0.500000000000000     
 LDAU_MIX =   0.700000000000000     
 PULAY_WEIGHT_SPIN =    1.00000000000000     
 PULAY_WEIGHT_NS =    1.00000000000000     
 OUT.MLMD    =  F
 NUM_MPI_PER_GPU =     1
 FLAG_CYLINDER =            0
 SET_OUT_FERMI_POS =  F           0
 E_FINITE =  F   0.00000E+00   0.00000E+00   0.00000E+00
 MLINE_EIGEN =      1
 
 ------------------------------------------------
 total number of K-point:           1
   0.00000     0.00000    0.00000     1.00000            
 ------------------------------------------------
 
 
 *********************************************
 *********** end of etot.input report ********
 minimum n1,n2,n3 from Ecut2
     118.970      119.148      119.089
 minimum n1L,n2L,n3L from Ecut2L
     118.970      119.148      119.089
 *********************************************
 
 
Weighted average num_of_PW for all kpoint=                       312673.000
 ************************************
 E_Hxc(eV)         49503.7544780501     
 E_ion(eV)        -219266.533792353     
 E_Coul(eV)        77732.5310466730     
 E_Hxc+E_ion(eV)  -169762.779314303     
 NONSCF     1          AVE_STATE_ERROR= 0.5918E+01
 NONSCF     2          AVE_STATE_ERROR= 0.1622E+01
 NONSCF     3          AVE_STATE_ERROR= 0.4981E+00
 NONSCF     4          AVE_STATE_ERROR= 0.9191E-01
 NONSCF     5          AVE_STATE_ERROR= 0.1558E-01
 NONSCF     6          AVE_STATE_ERROR= 0.3142E-02
 iter=   7   ave_lin=  4.0  iCGmth=   3
 Ef(eV)               = -.1627395E+01
 err of ug            = 0.1241E-02
 dv_ave, drho_tot     = 0.0000E+00 0.1233E+00
 E_tot(eV)            = -.13305171462610E+06    -.1331E+06
 -------------------------------------------
 iter=   8   ave_lin=  4.0  iCGmth=   3
 Ef(eV)               = 0.6860793E-01
 err of ug            = 0.1087E-01
 dv_ave, drho_tot     = 0.1712E-01 0.7118E-01
 E_tot(eV)            = -.13294566565479E+06    0.1060E+03
 -------------------------------------------
 iter=   9   ave_lin=  4.0  iCGmth=   3
 Ef(eV)               = -.1150331E+01
 err of ug            = 0.6663E-02
 dv_ave, drho_tot     = 0.1358E-01 0.3053E-01
 E_tot(eV)            = -.13291335994994E+06    0.3231E+02
 -------------------------------------------
 iter=  10   ave_lin=  4.0  iCGmth=   3
 Ef(eV)               = 0.6773615E+00
 err of ug            = 0.2031E-02
 dv_ave, drho_tot     = 0.6943E-02 0.1057E-01
 E_tot(eV)            = -.13290806219128E+06    0.5298E+01
 -------------------------------------------
 iter=  11   ave_lin=  4.0  iCGmth=   3
 Ef(eV)               = 0.6466153E+00
 err of ug            = 0.5453E-03
 dv_ave, drho_tot     = 0.3045E-02 0.5923E-02
 E_tot(eV)            = -.13290739368257E+06    0.6685E+00
 -------------------------------------------
 iter=  12   ave_lin=  4.0  iCGmth=   3
 Ef(eV)               = 0.5540014E+00
 err of ug            = 0.3071E-03
 dv_ave, drho_tot     = 0.3536E-02 0.3675E-02
 E_tot(eV)            = -.13290686497079E+06    0.5287E+00
 -------------------------------------------
 iter=  13   ave_lin=  4.0  iCGmth=   3
 Ef(eV)               = 0.4128886E+00
 err of ug            = 0.3598E-03
 dv_ave, drho_tot     = 0.4234E-02 0.2853E-02
 E_tot(eV)            = -.13290633640188E+06    0.5286E+00
 -------------------------------------------
 iter=  14   ave_lin=  4.0  iCGmth=   3
 Ef(eV)               = 0.6687255E+00
 err of ug            = 0.3398E-03
 dv_ave, drho_tot     = 0.5715E-02 0.2240E-02
 E_tot(eV)            = -.13290587287214E+06    0.4635E+00
 -------------------------------------------
 iter=  15   ave_lin=  4.0  iCGmth=   3
 Ef(eV)               = 0.1053560E+01
 err of ug            = 0.3538E-03
 dv_ave, drho_tot     = 0.6308E-02 0.1792E-02
 E_tot(eV)            = -.13290556175480E+06    0.3111E+00
 -------------------------------------------
 iter=  16   ave_lin=  4.0  iCGmth=   3
 Ef(eV)               = 0.1276445E+01
 err of ug            = 0.2559E-03
 dv_ave, drho_tot     = 0.4021E-02 0.1382E-02
 E_tot(eV)            = -.13290548838251E+06    0.7337E-01
 -------------------------------------------
 iter=  17   ave_lin=  4.0  iCGmth=   3
 Ef(eV)               = 0.1385255E+01
 err of ug            = 0.2024E-03
 dv_ave, drho_tot     = 0.3607E-02 0.1083E-02
 E_tot(eV)            = -.13290545973305E+06    0.2865E-01
 -------------------------------------------
 iter=  18   ave_lin=  4.0  iCGmth=   3
 Ef(eV)               = 0.1469102E+01
 err of ug            = 0.1322E-03
 dv_ave, drho_tot     = 0.2855E-02 0.8171E-03
 E_tot(eV)            = -.13290544480216E+06    0.1493E-01
 -------------------------------------------
 iter=  19   ave_lin=  4.0  iCGmth=   3
 Ef(eV)               = 0.1586358E+01
 err of ug            = 0.1154E-03
 dv_ave, drho_tot     = 0.2579E-02 0.6238E-03
 E_tot(eV)            = -.13290542685801E+06    0.1794E-01
 -------------------------------------------
 iter=  20   ave_lin=  4.0  iCGmth=   3
 Ef(eV)               = 0.1681427E+01
 err of ug            = 0.1042E-03
 dv_ave, drho_tot     = 0.2273E-02 0.4621E-03
 E_tot(eV)            = -.13290541329609E+06    0.1356E-01
 -------------------------------------------
 iter=  21   ave_lin=  4.0  iCGmth=   3
 Ef(eV)               = 0.1764873E+01
 err of ug            = 0.6410E-04
 dv_ave, drho_tot     = 0.9451E-03 0.3744E-03
 E_tot(eV)            = -.13290540690409E+06    0.6392E-02
 -------------------------------------------
 iter=  22   ave_lin=  4.0  iCGmth=   3
 Ef(eV)               = 0.1860227E+01
 err of ug            = 0.5201E-04
 dv_ave, drho_tot     = 0.8188E-03 0.3048E-03
 E_tot(eV)            = -.13290540217034E+06    0.4734E-02
 -------------------------------------------
 E_Fermi(eV)=   1.86022697954883     
 ---------------------------------------------------
 Ef(eV)               = 0.1860227E+01
 dvE, dvE(n)-dvE(n-1) = 0.6704E-06 -.2227E-06
 dv_ave, drho_tot     = 0.8188E-03 0.3048E-03
 err of ug            = 0.5201E-04
 ---------------------------------------------------
 ending_scf_reason = tol Etot_err  5.279008887880000E-003
 Ewald        = -.42674364807372E+05
 Alpha        = 0.15207970391171E+04
 E_extV       = 0.00000000000000E+00    0.0000E+00
 E_NSC        = -.21273214203187E+05    0.7551E+00
 E[-rho*V_Hxc]= -.12114699461358E+06    -.7504E+00
 E_Hxc        = 0.50668374414683E+05    0.7915E+00
 -TS          = -.20931864670156E-13    -.2013E-13
 E_tot(eV)    = -.13290540217034E+06    0.4734E-02
 E_tot(Ryd)   = -.97683669676107E+04    0.1740E-03
 ---------------------------------------------------
 ---------------------------------------------------
 occup for:      kpt=1,spin=1,m=(totN/2-2,totN/2+2)
   1.000    1.000    1.000    0.000    0.000
 eigen(eV) for:  kpt=1,spin=1,m=(totN/2-2,totN/2+2)
  -2.114   -2.104   -1.860    2.673    2.685
 ---------------------------------------------------
 ---------------------------------------------------
 E_Hart,E_xc,E_ion =0.79406666809153E+05  -.28738292394470E+05  -.22160485477946E+06
 E_Hxc+E_ion       =-.17093648036478E+06
 E_kin+E_nonloc    =0.79184645962700E+05
 E_rhoVext,E_IVext     =0.00000000000000E+00  0.00000000000000E+00
 E_psiV,E_dDrho =-.10045794090337E+06  0.00000000000000E+00
 ave(vtot):v0 =-.77191381243055E+01
 ave(V_ion_s(or p,d))=ave(V_Hatree)=0; ave(Vtot)=ave(V_xc)=v0
 ---------------------------------------------------
 *********************************
 Eigen energies are values after setting ave(Vtot)=0
 For Vtot=V_ion+V_Hartree+V_xc, and
 ave(V_ion+V_Hatree)=0, ave(V_xc).ne.0:  E=E+v0
 *********************************
iislda,kpt=   1,    1      0.000000     0.000000     0.000000             kpoint in xyz unit 
 err of each states, A.U
  0.759022E-04     0.256079E-04     0.781038E-04     0.169401E-03     0.105915E-03
  0.209554E-04     0.418970E-04     0.207269E-04     0.134676E-04     0.187194E-04
  0.192161E-04     0.729828E-04     0.152141E-04     0.281583E-04     0.135193E-04
  0.162478E-04     0.384086E-04     0.265751E-04     0.278704E-04     0.286338E-04
  0.220562E-04     0.331228E-04     0.164386E-04     0.167863E-04     0.141499E-04
  0.223112E-04     0.351939E-04     0.441150E-04     0.135770E-04     0.145376E-04
  0.298715E-04     0.267066E-04     0.497073E-04     0.251678E-04     0.136393E-04
  0.470961E-04     0.237951E-04     0.151872E-04     0.148367E-04     0.230239E-04
  0.345945E-04     0.162040E-04     0.758124E-04     0.128801E-04     0.142153E-04
  0.216249E-04     0.560365E-04     0.379440E-04     0.227562E-04     0.129281E-04
  0.187791E-04     0.229844E-03     0.171781E-04     0.334438E-04     0.478877E-04
  0.247789E-04     0.144153E-04     0.131018E-04     0.126330E-04     0.179853E-04
  0.125769E-04     0.201208E-04     0.291284E-04     0.154720E-04     0.156368E-04
  0.120155E-04     0.117612E-04     0.182512E-04     0.296578E-04     0.344834E-04
  0.117419E-04     0.209461E-04     0.117122E-04     0.173231E-04     0.123680E-04
  0.316920E-04     0.291114E-04     0.288946E-04     0.242757E-04     0.132731E-04
  0.124527E-04     0.132727E-04     0.931375E-04     0.156631E-04     0.127045E-04
  0.150118E-04     0.100815E-03     0.121334E-04     0.154859E-04     0.141419E-04
  0.292567E-04     0.401252E-04     0.120360E-04     0.296688E-04     0.158665E-04
  0.173334E-04     0.135310E-04     0.115902E-04     0.141732E-04     0.176350E-04
  0.120176E-04     0.137142E-04     0.215692E-04     0.634109E-04     0.135951E-04
  0.220517E-04     0.146194E-04     0.104452E-04     0.109656E-04     0.102899E-04
  0.177035E-04     0.170829E-04     0.310597E-04     0.122622E-04     0.227552E-04
  0.264581E-04     0.502295E-04     0.300125E-04     0.141678E-04     0.215335E-04
  0.133101E-04     0.197571E-04     0.175231E-04     0.133639E-04     0.124695E-04
  0.214964E-04     0.158577E-04     0.193612E-04     0.146360E-04     0.987639E-05
  0.376588E-04     0.172441E-04     0.132877E-04     0.147313E-04     0.151473E-04
  0.631523E-04     0.125969E-04     0.130391E-04     0.125277E-04     0.161283E-04
  0.116127E-04     0.143225E-04     0.145866E-04     0.192875E-04     0.135849E-04
  0.394525E-04     0.212268E-04     0.191527E-04     0.693095E-04     0.201227E-04
  0.120902E-04     0.379603E-04     0.282039E-04     0.127031E-04     0.117763E-04
  0.186887E-03     0.131414E-04     0.566860E-04     0.143852E-04     0.126336E-04
  0.347195E-04     0.139429E-04     0.364810E-04     0.138329E-04     0.257408E-04
  0.163509E-04     0.215191E-04     0.156532E-04     0.118101E-04     0.357744E-04
  0.382567E-04     0.145304E-04     0.101648E-04     0.106524E-04     0.143143E-04
  0.174816E-04     0.127549E-04     0.110522E-04     0.115165E-04     0.313820E-04
  0.361628E-04     0.101362E-04     0.187674E-04     0.946789E-05     0.164347E-04
  0.959690E-05     0.120334E-04     0.115702E-04     0.116111E-04     0.221514E-04
  0.137721E-04     0.299221E-04     0.192320E-04     0.108031E-04     0.144904E-04
  0.136154E-04     0.144941E-04     0.134256E-04     0.140570E-04     0.130508E-04
  0.157064E-04     0.260274E-04     0.154568E-04     0.160356E-04     0.163623E-04
  0.157888E-04     0.129907E-04     0.154762E-04     0.156473E-04     0.149498E-04
  0.197085E-04     0.155635E-04     0.111376E-04     0.157579E-04     0.158662E-04
  0.195749E-04     0.128413E-04     0.145693E-04     0.145391E-04     0.124269E-04
  0.107494E-04     0.147889E-04     0.183593E-04     0.122768E-04     0.166169E-04
  0.173535E-04     0.176710E-04     0.141143E-04     0.132874E-04     0.258303E-04
  0.143149E-04     0.151143E-04     0.152747E-04     0.126206E-04     0.147063E-04
  0.144154E-04     0.123646E-04     0.159860E-04     0.166256E-04     0.140660E-04
  0.205999E-04     0.142801E-04     0.176360E-04     0.176440E-04     0.122972E-04
  0.158930E-04     0.946901E-05     0.102305E-04     0.159970E-04     0.127099E-04
  0.135048E-04     0.120816E-04     0.146997E-04     0.166631E-04     0.142556E-04
  0.153647E-04     0.133749E-04     0.188349E-04     0.178641E-04     0.130224E-04
  0.156550E-04     0.132148E-04     0.185753E-04     0.174053E-04     0.181047E-04
  0.130119E-04     0.231004E-04     0.206952E-04     0.160569E-04     0.160066E-04
  0.167981E-04     0.166920E-04     0.164813E-04     0.160396E-04     0.194192E-04
  0.178725E-04     0.188194E-04     0.163609E-04     0.241849E-04     0.147395E-04
  0.191213E-04     0.182727E-04     0.140952E-04     0.126135E-04     0.186847E-04
  0.161667E-04     0.174716E-04     0.158859E-04     0.163416E-04     0.194475E-04
  0.128476E-04     0.250894E-04     0.235591E-04     0.193725E-04     0.155624E-04
  0.206855E-04     0.164001E-04     0.180049E-04     0.134751E-04     0.148079E-04
  0.130750E-04     0.120864E-04     0.133905E-04     0.202129E-04     0.236404E-04
  0.173942E-04     0.155039E-04     0.153945E-04     0.130999E-04     0.290287E-04
  0.183011E-04     0.137979E-04     0.229173E-04     0.343912E-04     0.255575E-04
  0.221908E-04     0.200990E-04     0.230110E-04     0.219993E-04     0.242853E-04
  0.257596E-04     0.235050E-04     0.232992E-04     0.232284E-04     0.198501E-04
  0.241319E-04     0.252159E-04     0.267173E-04     0.274520E-04     0.185510E-04
  0.145638E-04     0.223231E-04     0.188081E-04     0.211825E-04     0.215444E-04
  0.225181E-04     0.243404E-04     0.240247E-04     0.178399E-04     0.244931E-04
  0.213764E-04     0.244464E-04     0.258647E-04     0.224243E-04     0.321215E-04
  0.240753E-04     0.188858E-04     0.182208E-04     0.247825E-04     0.199831E-04
  0.246469E-04     0.233735E-04     0.212888E-04     0.268552E-04     0.254036E-04
  0.229758E-04     0.245392E-04     0.168887E-04     0.274980E-04     0.217575E-04
  0.230342E-04     0.189748E-04     0.177144E-04     0.168250E-04     0.203276E-04
  0.179035E-04     0.242332E-04     0.259752E-04     0.307562E-04     0.309390E-04
  0.255825E-04     0.242722E-04     0.198297E-04     0.233624E-04     0.256330E-04
  0.249258E-04     0.149533E-04     0.224947E-04     0.244982E-04     0.305850E-04
  0.231068E-04     0.243482E-04     0.366436E-04     0.207219E-04     0.232728E-04
  0.241220E-04     0.254236E-04     0.236328E-04     0.205657E-04     0.172258E-04
  0.224509E-04     0.275552E-04     0.225705E-04     0.261151E-04     0.269053E-04
  0.317089E-04     0.276684E-04     0.198641E-04     0.289659E-04     0.284321E-04
  0.236076E-04     0.284660E-04     0.204897E-04     0.251371E-04     0.376014E-04
  0.343344E-04     0.430710E-04     0.224160E-04     0.280960E-04     0.246478E-04
  0.222281E-04     0.248698E-04     0.302711E-04     0.217251E-04     0.228468E-04
  0.222356E-04     0.266901E-04     0.272129E-04     0.292536E-04     0.293782E-04
  0.249059E-04     0.281243E-04     0.316397E-04     0.246664E-04     0.292778E-04
  0.280006E-04     0.260294E-04     0.259826E-04     0.289271E-04     0.239331E-04
  0.368603E-04     0.216161E-04     0.299309E-04     0.247092E-04     0.284598E-04
  0.365746E-04     0.283555E-04     0.381394E-04     0.374791E-04     0.343566E-04
  0.309466E-04     0.349554E-04     0.216104E-04     0.216343E-04     0.247038E-04
  0.292170E-04     0.250831E-04     0.264384E-04     0.267360E-04     0.255972E-04
  0.273067E-04     0.205728E-04     0.293567E-04     0.279656E-04     0.260997E-04
  0.323907E-04     0.411914E-04     0.263626E-04     0.381247E-04     0.268323E-04
  0.253570E-04     0.178381E-04     0.209782E-04     0.246599E-04     0.267422E-04
  0.272875E-04     0.329913E-04     0.501683E-04     0.328119E-04     0.320851E-04
  0.269431E-04     0.267303E-04     0.216448E-04     0.235540E-04     0.292885E-04
  0.224584E-04     0.162828E-04     0.258181E-04     0.293850E-04     0.351374E-04
  0.219504E-04     0.379267E-04     0.237201E-04     0.269395E-04     0.331740E-04
  0.256025E-04     0.159590E-04     0.192749E-04     0.305586E-04     0.438249E-04
  0.288706E-04     0.195388E-04     0.202122E-04     0.175928E-04     0.186747E-04
  0.232973E-04     0.236430E-04     0.219730E-04     0.257911E-04     0.156444E-04
  0.221333E-04     0.235670E-04     0.216735E-04     0.238441E-04     0.216384E-04
  0.288316E-04     0.177482E-04     0.186962E-04     0.205979E-04     0.199225E-04
  0.224735E-04     0.299497E-04     0.282741E-04     0.260810E-04     0.171699E-04
  0.183697E-04     0.221638E-04     0.246149E-04     0.205645E-04     0.242893E-04
  0.220299E-04     0.247693E-04     0.256483E-04     0.191901E-04     0.284324E-04
  0.181541E-04     0.207582E-04     0.202128E-04     0.203084E-04     0.196755E-04
  0.226604E-04     0.262348E-04     0.246367E-04     0.185405E-04     0.193880E-04
  0.247927E-04     0.220199E-04     0.362027E-04     0.186209E-04     0.300698E-04
  0.149341E-04     0.180682E-04     0.282458E-04     0.274595E-04     0.304501E-04
  0.164252E-04     0.199670E-04     0.180360E-04     0.195808E-04     0.194089E-04
  0.156730E-04     0.187262E-04     0.227954E-04     0.155274E-04     0.186649E-04
  0.230190E-04     0.208941E-04     0.213147E-04     0.246471E-04     0.212184E-04
  0.245960E-04     0.194155E-04     0.247375E-04     0.224866E-04     0.237482E-04
  0.257272E-04     0.201427E-04     0.215928E-04     0.167256E-04     0.198525E-04
  0.203043E-04     0.237836E-04     0.239009E-04     0.220736E-04     0.232391E-04
  0.221745E-04     0.238491E-04     0.229041E-04     0.218175E-04     0.285815E-04
  0.204716E-04     0.228489E-04     0.208168E-04     0.223697E-04     0.190214E-04
  0.241717E-04     0.217950E-04     0.290876E-04     0.265459E-04     0.245399E-04
  0.253023E-04     0.171366E-04     0.197310E-04     0.206876E-04     0.261632E-04
  0.216988E-04     0.230638E-04     0.226833E-04     0.233017E-04     0.240049E-04
  0.261120E-04     0.220555E-04     0.317768E-04     0.232722E-04     0.257789E-04
  0.211454E-04     0.247483E-04     0.226239E-04     0.207614E-04     0.221308E-04
  0.262783E-04     0.177348E-04     0.214163E-04     0.206762E-04     0.178744E-04
  0.211367E-04     0.252786E-04     0.216606E-04     0.212657E-04     0.295677E-04
  0.213785E-04     0.287175E-04     0.218638E-04     0.183996E-04     0.221734E-04
  0.220503E-04     0.235423E-04     0.227094E-04     0.283673E-04     0.208197E-04
  0.219128E-04     0.291426E-04     0.253586E-04     0.233376E-04     0.189892E-04
  0.220071E-04     0.203034E-04     0.211821E-04     0.244989E-04     0.203929E-04
  0.211136E-04     0.252176E-04     0.199650E-04     0.197176E-04     0.201471E-04
  0.222718E-04     0.264008E-04     0.281682E-04     0.228717E-04     0.223502E-04
  0.242266E-04     0.314044E-04     0.224074E-04     0.216349E-04     0.227130E-04
  0.251450E-04     0.229412E-04     0.241679E-04     0.233490E-04     0.227868E-04
  0.251460E-04     0.261619E-04     0.262213E-04     0.243928E-04     0.207854E-04
  0.255976E-04     0.251440E-04     0.244995E-04     0.287238E-04     0.258353E-04
  0.234124E-04     0.221678E-04     0.220182E-04     0.234208E-04     0.200691E-04
  0.271693E-04     0.289987E-04     0.315151E-04     0.271589E-04     0.268071E-04
  0.251224E-04     0.328057E-04     0.297917E-04     0.249641E-04     0.258604E-04
  0.284054E-04     0.267585E-04     0.288439E-04     0.270640E-04     0.256715E-04
  0.266080E-04     0.246701E-04     0.294114E-04     0.264274E-04     0.300518E-04
  0.289773E-04     0.293555E-04     0.300960E-04     0.256948E-04     0.259396E-04
  0.272717E-04     0.276082E-04     0.270005E-04     0.262466E-04     0.280051E-04
  0.258294E-04     0.253418E-04     0.287542E-04     0.268145E-04     0.250094E-04
  0.266695E-04     0.240170E-04     0.252352E-04     0.228062E-04     0.240095E-04
  0.234413E-04     0.234559E-04     0.265861E-04     0.248220E-04     0.255155E-04
  0.250678E-04     0.261695E-04     0.268052E-04     0.331334E-04     0.251662E-04
  0.249927E-04     0.304388E-04     0.279332E-04     0.250622E-04     0.268911E-04
  0.265836E-04     0.272772E-04     0.266750E-04     0.264940E-04     0.264910E-04
  0.236629E-04     0.274024E-04     0.296424E-04     0.298820E-04     0.250639E-04
  0.259738E-04     0.292547E-04     0.275486E-04     0.279694E-04     0.236952E-04
  0.239503E-04     0.253190E-04     0.263123E-04     0.283116E-04     0.273653E-04
  0.256031E-04     0.237214E-04     0.290178E-04     0.221677E-04     0.315323E-04
  0.286764E-04     0.245583E-04     0.289006E-04     0.242629E-04     0.322032E-04
  0.296618E-04     0.320019E-04     0.271310E-04     0.340023E-04     0.256829E-04
  0.266869E-04     0.314627E-04     0.310331E-04     0.282245E-04     0.259844E-04
  0.257581E-04     0.240637E-04     0.272550E-04     0.278487E-04     0.269864E-04
  0.303345E-04     0.308257E-04     0.314195E-04     0.305143E-04     0.294398E-04
  0.309579E-04     0.273376E-04     0.330945E-04     0.289965E-04     0.276445E-04
  0.313945E-04     0.298854E-04     0.266721E-04     0.299428E-04     0.302303E-04
  0.301187E-04     0.341840E-04     0.273797E-04     0.301102E-04     0.258442E-04
  0.278718E-04     0.289941E-04     0.295242E-04     0.300877E-04     0.283858E-04
  0.316193E-04     0.276914E-04     0.336473E-04     0.361296E-04     0.313019E-04
  0.302038E-04     0.341593E-04     0.293444E-04     0.308720E-04     0.283814E-04
  0.305764E-04     0.283549E-04     0.290790E-04     0.337051E-04     0.305799E-04
  0.307940E-04     0.277974E-04     0.302841E-04     0.306307E-04     0.276901E-04
  0.297935E-04     0.305268E-04     0.372326E-04     0.318278E-04     0.302702E-04
  0.320390E-04     0.331675E-04     0.360773E-04     0.335962E-04     0.301020E-04
  0.350324E-04     0.326349E-04     0.339625E-04     0.297924E-04     0.386163E-04
  0.350112E-04     0.347525E-04     0.420632E-04     0.352082E-04     0.328884E-04
  0.372485E-04     0.385973E-04     0.352658E-04     0.327418E-04     0.403398E-04
  0.316496E-04     0.300970E-04     0.251245E-04     0.301954E-04     0.249597E-04
  0.299959E-04     0.385736E-04     0.304236E-04     0.344211E-04     0.399743E-04
  0.261592E-04     0.358521E-04     0.397321E-04     0.342641E-04     0.451271E-04
  0.370876E-04     0.303851E-04     0.573363E-04     0.297592E-04     0.269087E-04
  0.368529E-04     0.272635E-04     0.465776E-04     0.404992E-04     0.433004E-04
  0.510286E-04     0.339764E-04     0.350683E-04     0.409857E-04     0.350894E-04
  0.449748E-04     0.496996E-04     0.427457E-04     0.438693E-04     0.340087E-04
  0.314363E-04     0.304187E-04     0.362077E-04     0.390763E-04     0.379487E-04
  0.344368E-04     0.430296E-04     0.474919E-04     0.488422E-04     0.255526E-04
  0.733524E-04     0.391934E-04     0.376034E-04     0.330972E-04     0.321839E-04
  0.348364E-04     0.234857E-04     0.336300E-04     0.374118E-04     0.338637E-04
  0.307727E-04     0.387150E-04     0.305562E-04     0.389051E-04     0.324536E-04
  0.316185E-04     0.432808E-04     0.352518E-04     0.330191E-04     0.348117E-04
  0.436588E-04     0.443336E-04     0.441674E-04     0.415621E-04     0.284226E-04
  0.311138E-04     0.431645E-04     0.373632E-04     0.352034E-04     0.451875E-04
  0.430485E-04     0.350782E-04     0.550833E-04     0.223227E-04     0.308308E-04
  0.533508E-04     0.462426E-04     0.706769E-04     0.437888E-04     0.295241E-04
  0.196837E-04     0.323257E-04     0.255795E-04     0.334942E-04     0.331712E-04
  0.491231E-04     0.283810E-04     0.556363E-04     0.221775E-04     0.270553E-04
  0.236119E-04     0.258814E-04     0.281718E-04     0.269832E-04     0.485573E-04
  0.544483E-04     0.253198E-04     0.308180E-04     0.324961E-04     0.332506E-04
  0.869599E-04     0.390090E-04     0.266655E-04     0.227767E-04     0.244369E-04
  0.231271E-04     0.592239E-04     0.444251E-04     0.284060E-04     0.261251E-04
  0.245127E-04     0.458976E-04     0.220371E-04     0.426161E-04     0.378338E-04
  0.360804E-04     0.445081E-04     0.240158E-04     0.329840E-04     0.198327E-04
  0.119225E-03     0.157046E-03     0.110990E-03     0.123912E-03     0.137634E-03
  0.113033E-03     0.123007E-03     0.119185E-03     0.127145E-03     0.285622E-03
  0.181869E-03     0.198617E-03     0.496301E-03     0.722787E-03     0.677445E-03
  0.851455E-03     0.127294E-02     0.790343E-03     0.108465E-02     0.133265E-02
  0.107308E-02     0.933698E-03     0.842569E-03     0.119622E-02     0.700038E-03
  0.174858E-02     0.177709E-02     0.106360E-02     0.248251E-02     0.305799E-02
  0.168582E-02     0.222336E-02     0.384070E-02     0.390454E-02     0.299231E-02
  0.317766E-02     0.357462E-02     0.591158E-02     0.398796E-02     0.452955E-02
  0.414102E-02     0.460987E-02     0.467018E-02     0.627673E-02     0.666072E-02
  0.526482E-02     0.528476E-02     0.686750E-02     0.568702E-02     0.817116E-02
  0.785861E-02     0.690753E-02     0.921340E-02     0.912082E-02     0.768603E-02
  0.965283E-02     0.118074E-01     0.987521E-02
 eigen energies, in eV 
    -44.467254       -44.270737       -44.196175       -44.146670       -43.942806
    -28.304026       -28.237374       -28.209458       -28.137490       -28.126858
    -28.093085       -28.032201       -28.016920       -27.990737       -27.945561
    -27.896563       -27.864391       -27.857559       -27.850891       -27.758036
    -27.755176       -27.738678       -27.734464       -27.723020       -27.702806
    -27.678130       -27.673330       -27.642988       -27.637982       -27.601717
    -27.574343       -27.519738       -27.482718       -27.402632       -27.393376
    -27.385843       -27.358970       -27.310203       -27.280775       -27.274445
    -27.273479       -27.259892       -27.237782       -27.222200       -27.217152
    -27.197031       -27.174885       -27.134968       -27.053898       -27.049364
    -27.026941       -26.999581       -26.945542       -26.923607       -26.841788
    -26.807436       -26.780766       -26.777829       -26.758437       -26.753894
    -26.745138       -26.713857       -26.692646       -26.655409       -26.569399
    -26.536386       -26.529855       -26.516383       -26.413649       -26.365275
    -26.358880       -26.319844       -26.314283       -26.305346       -26.299177
    -26.269976       -26.249270       -26.241345       -26.239403       -26.214854
    -26.204826       -26.188857       -26.178725       -26.115156       -26.064761
    -25.944407       -25.923639       -25.922839       -25.911713       -25.911197
    -25.859704       -25.820661       -25.820195       -25.809535       -25.796440
    -25.796055       -25.778358       -25.767631       -25.726339       -25.688301
    -25.675235       -25.663540       -25.656617       -25.649323       -25.647840
    -25.631735       -25.624028       -25.576813       -25.564996       -25.547751
    -25.545575       -25.541560       -25.523249       -25.456532       -25.410951
    -25.397666       -25.377397       -25.374784       -25.366207       -25.338176
    -25.286463       -25.251695       -25.240459       -25.231819       -25.227410
    -25.217107       -25.198139       -25.159252       -25.157542       -25.133274
    -25.095673       -25.029799       -25.001412       -24.986810       -24.664118
    -24.071133       -23.969534       -23.760456       -23.718805       -23.718704
    -23.607189       -23.595221       -23.508481       -23.502750       -23.474573
    -23.399241       -23.391019       -23.374070       -23.338631       -23.287485
    -23.245347       -23.227159       -23.211748       -23.210378       -23.205305
    -23.095068       -23.069445       -23.058845       -23.057559       -23.038313
    -23.013852       -22.994872       -22.921216       -22.919786       -22.910815
    -22.909207       -22.860770       -22.816916       -22.732905       -22.455184
    -21.846151       -21.504037       -21.488416       -21.436974       -21.429987
    -21.318349       -21.299727       -21.289420       -21.276180       -21.246688
    -21.187581       -21.159353       -21.138322       -21.138074       -20.994217
    -20.965801       -20.880724       -20.878860       -20.831079       -20.646323
    -18.651445       -18.512863       -18.444576       -18.275803       -18.249183
    -16.162551       -16.157998       -16.109657       -16.056745       -16.044632
    -16.032444       -16.011322       -16.003242       -15.977798       -15.897257
    -15.866745       -15.775286       -15.531860       -15.509081       -15.398147
    -15.039142       -15.012282       -14.938891       -14.899806       -14.869136
    -14.853516       -14.826087       -14.802588       -14.773599       -14.730585
    -14.602550       -14.584716       -14.555100       -14.550817       -14.519121
    -14.516502       -14.495390       -14.493247       -14.446578       -14.417686
    -14.397018       -14.379324       -14.346502       -13.992720       -13.935713
    -13.919508       -13.913450       -13.686600       -13.606117       -13.553326
    -13.519205       -13.483729       -13.467869       -13.439256       -13.405336
    -13.394988       -13.384743       -13.348410       -13.319528       -13.309173
    -13.307323       -13.292679       -13.273518       -13.257376       -13.246484
    -13.233787       -13.223556       -13.182890       -13.154110       -13.127186
    -12.997447       -12.980901       -12.969346       -12.908639       -12.842981
    -12.199159       -12.141071       -12.137634       -12.051629       -12.002410
    -11.999556       -11.992773       -11.977338       -11.976994       -11.862232
    -11.835760       -11.817810       -11.814178       -11.763122       -11.658337
    -11.648245       -11.582753       -11.578074       -11.565577       -11.483366
    -11.461896       -11.451409       -11.393578       -11.378436       -11.275682
    -11.267109       -11.231478       -11.203024       -11.181783       -11.172915
    -11.165983       -11.152088       -11.120918       -11.041676       -10.969620
    -10.950381       -10.942914       -10.857094       -10.855602       -10.819832
    -10.717585       -10.686487       -10.678075       -10.590103       -10.543590
    -10.541084       -10.475515       -10.458047       -10.438967       -10.431739
    -10.423330       -10.419711       -10.394831       -10.389574       -10.354776
    -10.318891       -10.315765       -10.313322       -10.309870       -10.301207
    -10.296693       -10.269187       -10.257036       -10.252078       -10.236561
    -10.223744       -10.197191       -10.184180       -10.166285       -10.150842
    -10.146670       -10.136890       -10.092410       -10.086120       -10.080356
    -10.075737       -10.072513       -10.061883       -10.050816       -10.036522
    -10.021497       -10.001023        -9.998220        -9.984113        -9.977859
     -9.969370        -9.962347        -9.953475        -9.908968        -9.897815
     -9.893126        -9.878328        -9.867924        -9.859022        -9.836881
     -9.831150        -9.816111        -9.800817        -9.786280        -9.776096
     -9.774281        -9.751864        -9.728949        -9.687990        -9.676384
     -9.664850        -9.658335        -9.652923        -9.643692        -9.631620
     -9.618549        -9.601489        -9.591325        -9.586218        -9.581591
     -9.569202        -9.544484        -9.541195        -9.528642        -9.518942
     -9.498818        -9.484764        -9.482872        -9.464350        -9.458516
     -9.437058        -9.432996        -9.428055        -9.405005        -9.395005
     -9.384621        -9.365648        -9.349742        -9.332890        -9.306667
     -9.288060        -9.277188        -9.272372        -9.266755        -9.253678
     -9.252086        -9.231673        -9.219637        -9.172856        -9.154998
     -9.149242        -9.130628        -9.112278        -9.105007        -9.094524
     -9.086825        -9.076946        -9.064303        -9.048062        -9.046402
     -9.021322        -9.017475        -9.008229        -8.993617        -8.983548
     -8.950977        -8.946817        -8.921740        -8.918701        -8.912333
     -8.909675        -8.892096        -8.888232        -8.885480        -8.861502
     -8.838059        -8.828889        -8.817071        -8.805247        -8.802289
     -8.775515        -8.749837        -8.734782        -8.730089        -8.725406
     -8.703079        -8.690734        -8.678546        -8.669238        -8.638953
     -8.612722        -8.599399        -8.597709        -8.585072        -8.578642
     -8.546112        -8.535312        -8.526993        -8.505237        -8.483412
     -8.473736        -8.459424        -8.438961        -8.418819        -8.406268
     -8.397657        -8.393172        -8.380409        -8.362384        -8.348963
     -8.336958        -8.324179        -8.305236        -8.263327        -8.259411
     -8.252672        -8.177321        -8.156296        -8.130244        -8.114298
     -8.104006        -8.074091        -8.046971        -8.029158        -8.026680
     -8.020394        -7.993459        -7.983546        -7.976342        -7.927196
     -7.921804        -7.911860        -7.882932        -7.809742        -7.793854
     -7.788838        -7.780716        -7.778615        -7.768909        -7.741925
     -7.694096        -7.673482        -7.643554        -7.638338        -7.615790
     -7.592331        -7.568960        -7.525368        -7.518803        -7.489640
     -7.476012        -7.447901        -7.432879        -7.421178        -7.364556
     -7.343419        -7.326802        -7.311493        -7.300638        -7.296382
     -7.289708        -7.255162        -7.241992        -7.237366        -7.223460
     -7.203848        -7.184326        -7.151878        -7.135816        -7.124626
     -7.081552        -7.062402        -7.027302        -7.012781        -6.993310
     -6.962995        -6.954025        -6.934726        -6.897085        -6.864627
     -6.841163        -6.836769        -6.804908        -6.799780        -6.795827
     -6.775194        -6.769011        -6.751884        -6.734797        -6.725266
     -6.718214        -6.691857        -6.655160        -6.651494        -6.634090
     -6.602903        -6.600665        -6.595457        -6.555111        -6.547575
     -6.544116        -6.524613        -6.513478        -6.507676        -6.501918
     -6.491449        -6.466512        -6.463445        -6.453095        -6.437946
     -6.422302        -6.417466        -6.410605        -6.392481        -6.386649
     -6.382434        -6.378178        -6.361558        -6.346790        -6.335454
     -6.324476        -6.297406        -6.287265        -6.274956        -6.265174
     -6.258001        -6.255443        -6.241239        -6.220569        -6.208157
     -6.194698        -6.170982        -6.164258        -6.162861        -6.159580
     -6.151746        -6.141402        -6.140638        -6.130930        -6.120354
     -6.115113        -6.105987        -6.101165        -6.089537        -6.077387
     -6.074612        -6.066060        -6.057130        -6.051795        -6.041776
     -6.037927        -6.037070        -6.024177        -6.012997        -6.007630
     -5.998486        -5.991308        -5.975228        -5.967055        -5.964417
     -5.948885        -5.947430        -5.934769        -5.923482        -5.911515
     -5.898833        -5.889255        -5.883450        -5.868650        -5.866204
     -5.853187        -5.851910        -5.835332        -5.819426        -5.812857
     -5.807387        -5.802201        -5.795964        -5.789683        -5.781052
     -5.771879        -5.766006        -5.760174        -5.754653        -5.745386
     -5.740299        -5.725761        -5.714576        -5.713050        -5.705909
     -5.694502        -5.688017        -5.681138        -5.667071        -5.659199
     -5.652906        -5.648802        -5.640843        -5.637110        -5.636123
     -5.631407        -5.624835        -5.623922        -5.617946        -5.613718
     -5.604935        -5.600524        -5.589406        -5.587186        -5.578441
     -5.572001        -5.560917        -5.551895        -5.541855        -5.540186
     -5.531804        -5.519657        -5.510464        -5.505104        -5.504721
     -5.497937        -5.482786        -5.477359        -5.472435        -5.462621
     -5.455515        -5.451980        -5.445247        -5.436168        -5.431376
     -5.418741        -5.416784        -5.413137        -5.402812        -5.394503
     -5.382531        -5.377756        -5.370215        -5.367260        -5.361712
     -5.353314        -5.347049        -5.344062        -5.342062        -5.336796
     -5.326774        -5.314631        -5.311936        -5.297909        -5.292819
     -5.290181        -5.286591        -5.278416        -5.276378        -5.272005
     -5.262708        -5.258691        -5.251007        -5.249211        -5.247606
     -5.235773        -5.222198        -5.217569        -5.213872        -5.201560
     -5.198007        -5.184416        -5.183055        -5.180698        -5.168126
     -5.165343        -5.160446        -5.155944        -5.148648        -5.138544
     -5.132030        -5.129472        -5.127353        -5.117670        -5.108503
     -5.102160        -5.096939        -5.092555        -5.085440        -5.078711
     -5.073703        -5.068291        -5.056343        -5.050014        -5.039713
     -5.035338        -5.027273        -5.022079        -5.018040        -5.014986
     -5.006467        -4.995526        -4.987850        -4.980207        -4.976580
     -4.962590        -4.961872        -4.960475        -4.957185        -4.948856
     -4.940337        -4.939082        -4.932538        -4.924715        -4.923064
     -4.913944        -4.911651        -4.905443        -4.903577        -4.900742
     -4.888836        -4.885392        -4.882167        -4.873713        -4.863699
     -4.858440        -4.854807        -4.850773        -4.842816        -4.841625
     -4.822780        -4.820483        -4.807839        -4.798932        -4.792203
     -4.782412        -4.781570        -4.779342        -4.764430        -4.762157
     -4.757684        -4.747952        -4.734201        -4.729838        -4.720420
     -4.709508        -4.705592        -4.698402        -4.693358        -4.686738
     -4.685122        -4.679339        -4.676730        -4.663112        -4.657709
     -4.649873        -4.643473        -4.640851        -4.633970        -4.626686
     -4.617977        -4.615751        -4.610790        -4.596340        -4.590027
     -4.577999        -4.574136        -4.556340        -4.550222        -4.544136
     -4.529146        -4.520151        -4.507911        -4.499613        -4.488580
     -4.483762        -4.483430        -4.465179        -4.460145        -4.443223
     -4.441417        -4.428539        -4.421926        -4.415410        -4.411808
     -4.397605        -4.392229        -4.387885        -4.369640        -4.345687
     -4.322236        -4.313670        -4.296962        -4.266406        -4.254012
     -4.226536        -4.198566        -4.175776        -4.167316        -4.157258
     -4.110731        -4.091956        -4.080064        -4.062849        -4.048314
     -4.027920        -4.005260        -3.991104        -3.985420        -3.971991
     -3.951153        -3.935188        -3.928376        -3.918644        -3.917231
     -3.897043        -3.864571        -3.844559        -3.836135        -3.818454
     -3.794700        -3.790689        -3.769615        -3.753346        -3.739616
     -3.725151        -3.699942        -3.691309        -3.680497        -3.671882
     -3.651507        -3.646526        -3.635704        -3.630239        -3.620721
     -3.615119        -3.610316        -3.595237        -3.583171        -3.573112
     -3.567612        -3.528093        -3.507326        -3.502436        -3.481527
     -3.470174        -3.465126        -3.454575        -3.435980        -3.432056
     -3.409348        -3.393385        -3.385021        -3.379898        -3.370658
     -3.364687        -3.357024        -3.349840        -3.324000        -3.310676
     -3.303800        -3.288598        -3.286829        -3.282891        -3.279038
     -3.254755        -3.225773        -3.217360        -3.215573        -3.203073
     -3.192220        -3.184028        -3.137241        -3.131778        -3.104211
     -3.088771        -3.051416        -3.023749        -3.016087        -2.971356
     -2.951155        -2.943207        -2.846578        -2.832369        -2.812254
     -2.756068        -2.701846        -2.699834        -2.685832        -2.682667
     -2.673705        -2.663404        -2.630030        -2.616063        -2.609616
     -2.563560        -2.549210        -2.520982        -2.461232        -2.450910
     -2.428080        -2.394819        -2.378495        -2.363392        -2.358936
     -2.321514        -2.264924        -2.232055        -2.204205        -2.162010
     -2.144092        -2.120300        -2.113808        -2.104070        -1.860410
      2.672822         2.684699         2.834061         2.893758         2.912708
      2.929084         2.945615         2.965090         3.073872         3.146722
      3.177882         3.217681         3.263971         3.311246         3.355561
      3.392295         3.418335         3.443556         3.459012         3.527265
      3.531198         3.566142         3.581175         3.631363         3.645809
      3.669485         3.713066         3.731531         3.770256         3.776609
      3.795773         3.821598         3.845896         3.865914         3.891681
      3.900790         3.936924         3.978642         3.999315         4.006269
      4.019443         4.030623         4.062841         4.078311         4.096032
      4.109353         4.146125         4.155363         4.200311         4.209743
      4.238407         4.265064         4.276868         4.301506         4.353843
      4.381164         4.400928         4.445725
 *********************************
 total computation time (sec)=   1911.76933002472     
