 AEM_Eatom=  1.283832288805325E-002
 AEM_Egroup=  1.668502067307847E-003
 AEM_Etot=  2.268299795839892E-003
 AEM_F=  0.503366123714491     
