 AEM_Eatom=  3.797964898842029E-003
 AEM_Egroup=  7.745047397669370E-004
 AEM_Etot=  5.766776202430619E-003
 AEM_F=  0.500925609348909     
