 AEM_Eatom=  1.030941447506663E-002
 AEM_Egroup=  1.260052381541649E-003
 AEM_Etot=  8.723851601834799E-004
 AEM_F=  0.501042071620187     
