 AEM_Eatom=  4.562436799291687E-003
 AEM_Egroup=  5.848241148580698E-004
 AEM_Etot=  8.467679116395481E-004
 AEM_F=  0.501399246672779     
