 AEM_Eatom=  0.182152265989076     
 AEM_Egroup=  1.171998658753852E-002
 AEM_Etot=  1.046983270228492E-002
 AEM_F=   1.23647317204358     
