 AEM_Eatom=  5.964387046865013E-003
 AEM_Egroup=  3.906717550182068E-004
 AEM_Etot=  6.957656538419038E-004
 AEM_F=  0.502455445207531     
