 AEM_Eatom=  6.647269791092331E-003
 AEM_Egroup=  9.525953619164757E-004
 AEM_Etot=  6.719060450132380E-004
 AEM_F=  0.500948664515592     
