 AEM_Eatom=  0.227245899622113     
 AEM_Egroup=  3.311876102817215E-002
 AEM_Etot=  2.562167554567806E-003
 AEM_F=  0.767331446799987     
