 AEM_Eatom=  1.549833547329308E-003
 AEM_Egroup=  1.603753861051877E-004
 AEM_Etot=  8.074898027106072E-004
 AEM_F=  0.500796420486565     
