 AEM_Eatom=  2.460170432239122E-003
 AEM_Egroup=  2.408090068418907E-004
 AEM_Etot=  1.322127479810205E-003
 AEM_F=  0.500217274026585     
