 AEM_Eatom=  9.266970233056812E-002
 AEM_Egroup=  5.839927754493913E-003
 AEM_Etot=  2.419130966593482E-003
 AEM_F=  0.527575163265917     
