 AEM_Eatom=  2.885458315926500E-002
 AEM_Egroup=  4.157522332458995E-003
 AEM_Etot=  2.014859674237833E-002
 AEM_F=  0.527737065262480     
