 AEM_Eatom=  0.119018315247965     
 AEM_Egroup=  2.400447341491304E-002
 AEM_Etot=  1.201947554288064E-002
 AEM_F=  0.671025667149334     
