 AEM_Eatom=  4.233653288300070E-002
 AEM_Egroup=  5.401524674354823E-003
 AEM_Etot=  1.275666397337735E-002
 AEM_F=  0.630876971071661     
