 AEM_Eatom=  6.932360892175541E-004
 AEM_Egroup=  1.304398392986158E-004
 AEM_Etot=  8.430290393180058E-004
 AEM_F=  0.500046282013783     
