 AEM_Eatom=  3.145911537920911E-002
 AEM_Egroup=  1.223430967355481E-003
 AEM_Etot=  4.261591195835919E-003
 AEM_F=  0.503030442641467     
