 AEM_Eatom=  6.371582298676841E-004
 AEM_Egroup=  1.159223414519863E-004
 AEM_Etot=  1.225579823077780E-003
 AEM_F=  0.500014063799582     
