 AEM_Eatom=  4.305898731981566E-003
 AEM_Egroup=  5.443583778078934E-004
 AEM_Etot=  9.065533186455183E-004
 AEM_F=  0.501044089292568     
