 AEM_Eatom=  1.777429827719360E-002
 AEM_Egroup=  1.438010322469911E-003
 AEM_Etot=  7.259703528137448E-004
 AEM_F=  0.501466506051265     
