 AEM_Eatom=  6.662281940210823E-003
 AEM_Egroup=  4.786283147498015E-004
 AEM_Etot=  8.892933697984313E-004
 AEM_F=  0.500600401015597     
