 AEM_Eatom=  7.238485516943348E-002
 AEM_Egroup=  6.386778777569090E-003
 AEM_Etot=  3.779061713210530E-003
 AEM_F=  0.615525811286457     
