 AEM_Eatom=  3.244626129563688E-002
 AEM_Egroup=  5.479226858273099E-003
 AEM_Etot=  2.223213920608502E-003
 AEM_F=  0.502582385596263     
