           4           1
 PRECISION  = SINGLE     
 JOB       = SCF
 IN.PSP1   = /home/sabs/shenjie/Pseudopotential/Li.nc.pbe.UPF
 IN.PSP2   = /home/sabs/shenjie/Pseudopotential/C.nc.pbe.UPF
 IN.PSP3   = /home/sabs/shenjie/Pseudopotential/O.nc.pbe.UPF
 IN.PSP4   = /home/sabs/shenjie/Pseudopotential/N.nc.pbe.UPF
 IN.PSP5   = /home/sabs/shenjie/Pseudopotential/S.nc.pbe.UPF
 IN.PSP6   = /home/sabs/shenjie/Pseudopotential/F.nc.pbe.UPF
 IN.PSP7   = /home/sabs/shenjie/Pseudopotential/H.nc.pbe.UPF
 IN.PSP8   = /home/sabs/shenjie/Pseudopotential/P.nc.pbe.UPF
 IN.ATOM   = atom.config         
 CONVERGENCE  = EASY
 ACCURACY  = NORM
 VFF_DETAIL =   1   500  0.50000000E-02     30.00000     4.00000     0.00000     1.00000  
 EGG_DETAIL =            3           3           3
 SPIN      =   1
 CONSTRAINT_MAG =           0
 RANDOM_SEED=           0
 QIJ_DETAIL =   0  1
 SCF_MIX = CHARGE
 PWSCF_OUTPUT     =  F
 Ecut      =    60.0000000000000     
 Ecut2     =    120.000000000000     
 Ecut2L    =    120.000000000000     
 EcutP    =    60.0000000000000     
 N123      =   120   120   120
 NS123     =    40    40    40
 N123L     =   120   120   120
 STRESS_CORR =   0.100000E+01  0.000000E+00  0.200000E+01  0.000000E+00
 XCFUNCTIONAL = LDA
 HSE_DETAIL    =      1.00000000    1     0.00000000    6 1 1
 RELAX_HSE    =    20   0.50000E-01     2
 VDW       = NONE
 LONDON_S6      =   0.000000000000000E+000
 LONDON_C6(1)      =   -1.00000000000000     
 LONDON_C6(2)      =   -1.00000000000000     
 LONDON_C6(3)      =   -1.00000000000000     
 LONDON_C6(4)      =   -1.00000000000000     
 LONDON_C6(5)      =   -1.00000000000000     
 LONDON_C6(6)      =   -1.00000000000000     
 LONDON_C6(7)      =   -1.00000000000000     
 LONDON_C6(8)      =   -1.00000000000000     
 LONDON_RCUT      =   0.000000000000000E+000
 DFTD3_S6        =   0.000000000000000E+000
 DFTD3_RS6        =   0.000000000000000E+000
 DFTD3_S18        =   0.000000000000000E+000
 DFTD3_RS18        =   0.000000000000000E+000
 DFTD3_ALPHA6        =   0.000000000000000E+000
 DFTD3_VERSION        =            0
 DFTD3_3BODY        =  F
 COULOMB   =    0
 IN.WG     =  F
 OUT.WG    =  F
 IN.RHO    =  F
 OUT.RHOATOM =  F
 OUT.RHO   =  F
 IN.VR     =  F
 OUT.VR    =  F
 OUT.ELF   =  F
 IN.VEXT   =  F
 OUT.VATOM   =  F
 OUT.FORCE =  T
 OUT.STRESS =  F
 IN.KPT    =  F
 IN.SYMM   =  F
 SYMM_PREC =    0.10000E-04
 MP_N123 =      1      1      1      0      0      0      0
 NUM_KPT =            1
 CHARGE_DECOMP = F
 ENERGY_DECOMP = F 
 IN.SOLVENT =  F
 NUM_ELECTRON =   1940.00000000000     
 FIX_FERMI =   F  0.000000E+00  0.000000E+00  0.000000E+00
 IN.NONSCF    =  F
 NUM_BAND  =  1028
 OUT.REAL.RHOWF_SP= 0
 WG_ERROR  =   1.000000000000000E-004
 E_ERROR   =   5.279008887880000E-003
 RHO_ERROR =   5.000000000000000E-005
 RHO_RELATIVE_ERROR      =   0.000000000000000E+000
 FORCE_RELATIVE_ERROR     =   0.000000000000000E+000
 MIN_SCF_ITER     =            1
 SYS_TYPE   =            1
 PULAY_MIX_OPT =     30  1  0       1.00000       0.00000
 PULAY_METRIC_Q0 =       -1.00000
 IN.OCC    =  F          -1
 IN.CC    =  F
 IN.OCC_ADIA    =  F
 SCF_ITER0_1 =    6   4    3    0.0000     0.02500    1
 SCF_ITER0_2 =   94   4    3    1.0000     0.02500    1
 SCF_ITER1_1 =   40   4    3    1.0000     0.02500    1
 NONLOCAL  =  2
 IN.A_FIELD =  F       0.00000       0.00000       0.00000
 RCUT      =    4.00000000000000     
 IN.PSP_RCUT1 =   4.00000000000000     
 IN.PSP_RCUT2 =   4.00000000000000     
 IN.PSP_RCUT3 =   4.00000000000000     
 IN.PSP_RCUT4 =   4.00000000000000     
 IN.PSP_RCUT5 =   4.00000000000000     
 IN.PSP_RCUT6 =   4.00000000000000     
 IN.PSP_RCUT7 =   4.00000000000000     
 IN.PSP_RCUT8 =   4.00000000000000     
 MD_VV_SCALE =    100
 LDAU_PSP1   =           -1  2.721138638331097E-009  2.721138638331097E-009  eV
 LDAU_PSP2   =           -1  2.721138638331097E-009  2.721138638331097E-009  eV
 LDAU_PSP3   =           -1  2.721138638331097E-009  2.721138638331097E-009  eV
 LDAU_PSP4   =           -1  2.721138638331097E-009  2.721138638331097E-009  eV
 LDAU_PSP5   =           -1  2.721138638331097E-009  2.721138638331097E-009  eV
 LDAU_PSP6   =           -1  2.721138638331097E-009  2.721138638331097E-009  eV
 LDAU_PSP7   =           -1  2.721138638331097E-009  2.721138638331097E-009  eV
 LDAU_PSP8   =           -1  2.721138638331097E-009  2.721138638331097E-009  eV
 NUM_BLOCKED_PSI=  F
 WF_STORE2DISK  =            0
 NUM_DOS_GRID =         4000
 NMAP_MAX =        50000
 KERK_AMIN =   0.300000000000000     
 KERK_AMIX =   0.400000000000000     
 KERK_AMIX_MAG =   0.800000000000000     
 KERK_BMIX =   0.500000000000000     
 LDAU_MIX =   0.700000000000000     
 PULAY_WEIGHT_SPIN =    1.00000000000000     
 PULAY_WEIGHT_NS =    1.00000000000000     
 OUT.MLMD    =  F
 NUM_MPI_PER_GPU =     1
 FLAG_CYLINDER =            0
 SET_OUT_FERMI_POS =  F           0
 E_FINITE =  F   0.00000E+00   0.00000E+00   0.00000E+00
 MLINE_EIGEN =      1
 
 ------------------------------------------------
 total number of K-point:           1
   0.00000     0.00000    0.00000     1.00000            
 ------------------------------------------------
 
 
 *********************************************
 *********** end of etot.input report ********
 minimum n1,n2,n3 from Ecut2
     118.970      119.148      119.089
 minimum n1L,n2L,n3L from Ecut2L
     118.970      119.148      119.089
 *********************************************
 
 
Weighted average num_of_PW for all kpoint=                       312673.000
 ************************************
 E_Hxc(eV)         49816.6633210934     
 E_ion(eV)        -220009.526555778     
 E_Coul(eV)        78059.0093328598     
 E_Hxc+E_ion(eV)  -170192.863234684     
 NONSCF     1          AVE_STATE_ERROR= 0.5919E+01
 NONSCF     2          AVE_STATE_ERROR= 0.1624E+01
 NONSCF     3          AVE_STATE_ERROR= 0.5004E+00
 NONSCF     4          AVE_STATE_ERROR= 0.9253E-01
 NONSCF     5          AVE_STATE_ERROR= 0.1562E-01
 NONSCF     6          AVE_STATE_ERROR= 0.3103E-02
 iter=   7   ave_lin=  4.0  iCGmth=   3
 Ef(eV)               = -.1312204E+01
 err of ug            = 0.1221E-02
 dv_ave, drho_tot     = 0.0000E+00 0.1234E+00
 E_tot(eV)            = -.13305211996748E+06    -.1331E+06
 -------------------------------------------
 iter=   8   ave_lin=  4.0  iCGmth=   3
 Ef(eV)               = 0.2173383E+00
 err of ug            = 0.1096E-01
 dv_ave, drho_tot     = 0.1727E-01 0.7111E-01
 E_tot(eV)            = -.13294452032163E+06    0.1076E+03
 -------------------------------------------
 iter=   9   ave_lin=  4.0  iCGmth=   3
 Ef(eV)               = -.1107010E+01
 err of ug            = 0.6717E-02
 dv_ave, drho_tot     = 0.1369E-01 0.3057E-01
 E_tot(eV)            = -.13291179818350E+06    0.3272E+02
 -------------------------------------------
 iter=  10   ave_lin=  4.0  iCGmth=   3
 Ef(eV)               = 0.7147473E+00
 err of ug            = 0.2032E-02
 dv_ave, drho_tot     = 0.6969E-02 0.1062E-01
 E_tot(eV)            = -.13290642003026E+06    0.5378E+01
 -------------------------------------------
 iter=  11   ave_lin=  4.0  iCGmth=   3
 Ef(eV)               = 0.7044848E+00
 err of ug            = 0.5465E-03
 dv_ave, drho_tot     = 0.3007E-02 0.5958E-02
 E_tot(eV)            = -.13290576420661E+06    0.6558E+00
 -------------------------------------------
 iter=  12   ave_lin=  4.0  iCGmth=   3
 Ef(eV)               = 0.5937668E+00
 err of ug            = 0.3044E-03
 dv_ave, drho_tot     = 0.3498E-02 0.3599E-02
 E_tot(eV)            = -.13290525902683E+06    0.5052E+00
 -------------------------------------------
 iter=  13   ave_lin=  4.0  iCGmth=   3
 Ef(eV)               = 0.4425658E+00
 err of ug            = 0.3468E-03
 dv_ave, drho_tot     = 0.4013E-02 0.2774E-02
 E_tot(eV)            = -.13290477639490E+06    0.4826E+00
 -------------------------------------------
 iter=  14   ave_lin=  4.0  iCGmth=   3
 Ef(eV)               = 0.5523876E+00
 err of ug            = 0.3260E-03
 dv_ave, drho_tot     = 0.5402E-02 0.2164E-02
 E_tot(eV)            = -.13290435022753E+06    0.4262E+00
 -------------------------------------------
 iter=  15   ave_lin=  4.0  iCGmth=   3
 Ef(eV)               = 0.7926794E+00
 err of ug            = 0.3349E-03
 dv_ave, drho_tot     = 0.6108E-02 0.1734E-02
 E_tot(eV)            = -.13290406176629E+06    0.2885E+00
 -------------------------------------------
 iter=  16   ave_lin=  4.0  iCGmth=   3
 Ef(eV)               = 0.1000520E+01
 err of ug            = 0.2460E-03
 dv_ave, drho_tot     = 0.3922E-02 0.1346E-02
 E_tot(eV)            = -.13290398688272E+06    0.7488E-01
 -------------------------------------------
 iter=  17   ave_lin=  4.0  iCGmth=   3
 Ef(eV)               = 0.1185632E+01
 err of ug            = 0.1979E-03
 dv_ave, drho_tot     = 0.3544E-02 0.1063E-02
 E_tot(eV)            = -.13290395616669E+06    0.3072E-01
 -------------------------------------------
 iter=  18   ave_lin=  4.0  iCGmth=   3
 Ef(eV)               = 0.1257306E+01
 err of ug            = 0.1315E-03
 dv_ave, drho_tot     = 0.2800E-02 0.8018E-03
 E_tot(eV)            = -.13290394014595E+06    0.1602E-01
 -------------------------------------------
 iter=  19   ave_lin=  4.0  iCGmth=   3
 Ef(eV)               = 0.1300377E+01
 err of ug            = 0.1140E-03
 dv_ave, drho_tot     = 0.2521E-02 0.6138E-03
 E_tot(eV)            = -.13290392243555E+06    0.1771E-01
 -------------------------------------------
 iter=  20   ave_lin=  4.0  iCGmth=   3
 Ef(eV)               = 0.1314516E+01
 err of ug            = 0.1012E-03
 dv_ave, drho_tot     = 0.2268E-02 0.4474E-03
 E_tot(eV)            = -.13290391005652E+06    0.1238E-01
 -------------------------------------------
 iter=  21   ave_lin=  4.0  iCGmth=   3
 Ef(eV)               = 0.1302034E+01
 err of ug            = 0.6635E-04
 dv_ave, drho_tot     = 0.9865E-03 0.3608E-03
 E_tot(eV)            = -.13290390384452E+06    0.6212E-02
 -------------------------------------------
 iter=  22   ave_lin=  4.0  iCGmth=   3
 Ef(eV)               = 0.1266513E+01
 err of ug            = 0.5826E-04
 dv_ave, drho_tot     = 0.9270E-03 0.2882E-03
 E_tot(eV)            = -.13290389909474E+06    0.4750E-02
 -------------------------------------------
 E_Fermi(eV)=   1.26651255744327     
 ---------------------------------------------------
 Ef(eV)               = 0.1266513E+01
 dvE, dvE(n)-dvE(n-1) = 0.8593E-06 -.1138E-06
 dv_ave, drho_tot     = 0.9270E-03 0.2882E-03
 err of ug            = 0.5826E-04
 ---------------------------------------------------
 ending_scf_reason = tol Etot_err  5.279008887880000E-003
 Ewald        = -.42270845184190E+05
 Alpha        = 0.15207970391171E+04
 E_extV       = 0.00000000000000E+00    0.0000E+00
 E_NSC        = -.21319153400268E+05    0.8430E+00
 E[-rho*V_Hxc]= -.12184480363400E+06    -.8382E+00
 E_Hxc        = 0.51010106084599E+05    0.8880E+00
 -TS          = -.26021043575627E-18    0.3056E-17
 E_tot(eV)    = -.13290389909474E+06    0.4750E-02
 E_tot(Ryd)   = -.97682564935911E+04    0.1746E-03
 ---------------------------------------------------
 ---------------------------------------------------
 occup for:      kpt=1,spin=1,m=(totN/2-2,totN/2+2)
   1.000    1.000    1.000    0.000    0.000
 eigen(eV) for:  kpt=1,spin=1,m=(totN/2-2,totN/2+2)
  -2.127   -2.116   -1.987    2.356    2.507
 ---------------------------------------------------
 ---------------------------------------------------
 E_Hart,E_xc,E_ion =0.79769485219293E+05  -.28759379134695E+05  -.22241701602404E+06
 E_Hxc+E_ion       =-.17140690993944E+06
 E_kin+E_nonloc    =0.79253058989774E+05
 E_rhoVext,E_IVext     =0.00000000000000E+00  0.00000000000000E+00
 E_psiV,E_dDrho =-.10057224217068E+06  0.00000000000000E+00
 ave(vtot):v0 =-.77089640954432E+01
 ave(V_ion_s(or p,d))=ave(V_Hatree)=0; ave(Vtot)=ave(V_xc)=v0
 ---------------------------------------------------
 *********************************
 Eigen energies are values after setting ave(Vtot)=0
 For Vtot=V_ion+V_Hartree+V_xc, and
 ave(V_ion+V_Hatree)=0, ave(V_xc).ne.0:  E=E+v0
 *********************************
iislda,kpt=   1,    1      0.000000     0.000000     0.000000             kpoint in xyz unit 
 err of each states, A.U
  0.147577E-03     0.161609E-03     0.338988E-04     0.408143E-04     0.449098E-04
  0.553139E-04     0.192424E-04     0.310371E-04     0.169889E-04     0.221160E-04
  0.144706E-04     0.297049E-04     0.210541E-04     0.275600E-04     0.184141E-04
  0.159466E-04     0.199668E-04     0.289517E-04     0.259581E-04     0.164813E-04
  0.168051E-04     0.150988E-04     0.148307E-04     0.215533E-04     0.137933E-04
  0.135063E-04     0.210005E-04     0.314610E-04     0.183214E-04     0.306093E-04
  0.493311E-04     0.283266E-04     0.187744E-04     0.374325E-04     0.455632E-04
  0.138982E-04     0.159739E-04     0.414615E-04     0.155161E-04     0.136047E-04
  0.318474E-04     0.139637E-04     0.419241E-04     0.179808E-04     0.143045E-04
  0.233147E-04     0.144335E-04     0.274390E-04     0.156128E-04     0.749635E-04
  0.230910E-04     0.316929E-04     0.832502E-04     0.201324E-04     0.981243E-04
  0.238144E-04     0.405404E-04     0.228808E-04     0.189014E-04     0.136775E-04
  0.201758E-04     0.152861E-04     0.383980E-04     0.197097E-04     0.162015E-04
  0.151715E-04     0.177947E-04     0.214589E-04     0.215497E-04     0.139719E-04
  0.176070E-04     0.207477E-04     0.177151E-04     0.158261E-04     0.140706E-04
  0.585402E-04     0.225902E-04     0.132961E-04     0.199299E-04     0.151511E-04
  0.188850E-04     0.144234E-04     0.123043E-04     0.149136E-04     0.365710E-04
  0.391061E-04     0.122862E-04     0.189961E-04     0.267908E-04     0.260580E-04
  0.918471E-04     0.120110E-04     0.136758E-04     0.121748E-04     0.474279E-04
  0.116318E-04     0.289836E-04     0.166450E-04     0.212648E-04     0.230419E-04
  0.314768E-04     0.629052E-04     0.250829E-04     0.175851E-04     0.127695E-04
  0.162865E-04     0.280073E-04     0.127607E-04     0.210516E-04     0.140100E-04
  0.301269E-04     0.176424E-04     0.107176E-04     0.132235E-04     0.332723E-04
  0.304528E-04     0.187891E-04     0.108929E-04     0.593453E-04     0.372792E-04
  0.475842E-04     0.161465E-04     0.183601E-04     0.126179E-04     0.188920E-04
  0.122338E-04     0.123214E-04     0.139781E-04     0.186700E-04     0.175828E-04
  0.177968E-04     0.313487E-04     0.173336E-04     0.123787E-04     0.180885E-04
  0.125326E-04     0.223044E-03     0.126259E-04     0.159885E-04     0.207000E-04
  0.266731E-04     0.139736E-04     0.171062E-04     0.182177E-04     0.236332E-04
  0.167666E-04     0.602623E-04     0.328390E-04     0.245568E-04     0.335457E-03
  0.145607E-04     0.153893E-04     0.363650E-04     0.128982E-04     0.177052E-04
  0.167251E-04     0.120507E-04     0.158483E-04     0.960229E-04     0.124427E-04
  0.125655E-04     0.286138E-04     0.121653E-04     0.184296E-04     0.149024E-04
  0.130976E-04     0.152955E-04     0.243068E-04     0.230389E-04     0.317111E-04
  0.105818E-04     0.217766E-04     0.118268E-04     0.176015E-04     0.170697E-04
  0.131961E-04     0.109054E-03     0.963131E-05     0.696237E-04     0.343677E-04
  0.308864E-04     0.175668E-04     0.129627E-04     0.121482E-04     0.150394E-04
  0.936976E-05     0.910754E-05     0.174388E-04     0.916008E-05     0.445483E-04
  0.223768E-04     0.126634E-04     0.215203E-04     0.377206E-04     0.110972E-04
  0.301471E-04     0.213428E-04     0.153842E-04     0.126811E-04     0.229423E-04
  0.161470E-04     0.153556E-04     0.145004E-04     0.206790E-04     0.151454E-04
  0.165334E-04     0.135744E-04     0.157172E-04     0.166920E-04     0.145097E-04
  0.207424E-04     0.211271E-04     0.217216E-04     0.200974E-04     0.160899E-04
  0.140888E-04     0.162146E-04     0.148681E-04     0.215414E-04     0.205357E-04
  0.140091E-04     0.191114E-04     0.131523E-04     0.188308E-04     0.284299E-04
  0.165758E-04     0.164098E-04     0.187791E-04     0.195540E-04     0.145204E-04
  0.128300E-04     0.182880E-04     0.229774E-04     0.139138E-04     0.156216E-04
  0.152424E-04     0.171812E-04     0.170763E-04     0.180218E-04     0.194781E-04
  0.247120E-04     0.157402E-04     0.165180E-04     0.142592E-04     0.155049E-04
  0.149698E-04     0.126800E-04     0.167526E-04     0.157172E-04     0.175317E-04
  0.162585E-04     0.135462E-04     0.204476E-04     0.180794E-04     0.194504E-04
  0.170325E-04     0.209330E-04     0.182368E-04     0.170758E-04     0.147350E-04
  0.145971E-04     0.197250E-04     0.205216E-04     0.190895E-04     0.171810E-04
  0.156068E-04     0.239661E-04     0.170361E-04     0.176110E-04     0.192976E-04
  0.168561E-04     0.234495E-04     0.187361E-04     0.175735E-04     0.206032E-04
  0.223993E-04     0.215898E-04     0.176529E-04     0.214938E-04     0.214926E-04
  0.185827E-04     0.191689E-04     0.162127E-04     0.186939E-04     0.223890E-04
  0.181551E-04     0.187217E-04     0.311845E-04     0.169941E-04     0.202438E-04
  0.205303E-04     0.256854E-04     0.235329E-04     0.178564E-04     0.267255E-04
  0.247602E-04     0.220083E-04     0.169561E-04     0.196868E-04     0.144596E-04
  0.178440E-04     0.205946E-04     0.150090E-04     0.176075E-04     0.165451E-04
  0.165792E-04     0.183813E-04     0.136427E-04     0.198051E-04     0.439623E-04
  0.160667E-04     0.262988E-04     0.224514E-04     0.181847E-04     0.303022E-04
  0.196312E-04     0.174115E-04     0.278097E-04     0.300167E-04     0.231092E-04
  0.305200E-04     0.352661E-04     0.170864E-04     0.226121E-04     0.276047E-04
  0.306854E-04     0.238930E-04     0.230532E-04     0.292901E-04     0.239702E-04
  0.301463E-04     0.294590E-04     0.263872E-04     0.274190E-04     0.311192E-04
  0.346596E-04     0.203702E-04     0.232669E-04     0.223613E-04     0.241180E-04
  0.233400E-04     0.316787E-04     0.277177E-04     0.227174E-04     0.246204E-04
  0.233182E-04     0.289578E-04     0.264379E-04     0.230502E-04     0.304602E-04
  0.346686E-04     0.271260E-04     0.285326E-04     0.352334E-04     0.265052E-04
  0.279936E-04     0.319581E-04     0.226042E-04     0.280226E-04     0.273390E-04
  0.274967E-04     0.215050E-04     0.230928E-04     0.227629E-04     0.224413E-04
  0.194061E-04     0.209452E-04     0.271418E-04     0.236153E-04     0.247749E-04
  0.266912E-04     0.256357E-04     0.263630E-04     0.269971E-04     0.313715E-04
  0.374537E-04     0.330099E-04     0.375506E-04     0.300621E-04     0.309380E-04
  0.264783E-04     0.243174E-04     0.261587E-04     0.284802E-04     0.317318E-04
  0.244268E-04     0.270624E-04     0.276094E-04     0.239115E-04     0.254415E-04
  0.258705E-04     0.192288E-04     0.189232E-04     0.251498E-04     0.301667E-04
  0.293164E-04     0.356586E-04     0.305942E-04     0.198844E-04     0.375053E-04
  0.266886E-04     0.497859E-04     0.330175E-04     0.225859E-04     0.234787E-04
  0.229217E-04     0.252412E-04     0.275708E-04     0.354782E-04     0.302654E-04
  0.309843E-04     0.327528E-04     0.260690E-04     0.375799E-04     0.300411E-04
  0.354252E-04     0.339685E-04     0.270312E-04     0.336267E-04     0.321631E-04
  0.306420E-04     0.347449E-04     0.397794E-04     0.341765E-04     0.358654E-04
  0.268053E-04     0.325327E-04     0.265513E-04     0.475542E-04     0.269355E-04
  0.373681E-04     0.269620E-04     0.195816E-04     0.341857E-04     0.280104E-04
  0.332297E-04     0.307841E-04     0.319692E-04     0.384577E-04     0.201448E-04
  0.364844E-04     0.254293E-04     0.293731E-04     0.345968E-04     0.304086E-04
  0.379225E-04     0.436950E-04     0.369804E-04     0.359843E-04     0.295976E-04
  0.353802E-04     0.322624E-04     0.323614E-04     0.227693E-04     0.557711E-04
  0.178372E-04     0.222828E-04     0.533231E-04     0.483763E-04     0.365315E-04
  0.338599E-04     0.258412E-04     0.306937E-04     0.306894E-04     0.252998E-04
  0.199724E-04     0.250015E-04     0.324440E-04     0.274290E-04     0.333419E-04
  0.263254E-04     0.358022E-04     0.271326E-04     0.332508E-04     0.205696E-04
  0.328605E-04     0.175925E-04     0.245101E-04     0.272417E-04     0.302647E-04
  0.297919E-04     0.221405E-04     0.210748E-04     0.427873E-04     0.259396E-04
  0.397553E-04     0.212369E-04     0.176039E-04     0.215723E-04     0.263644E-04
  0.198673E-04     0.369478E-04     0.396888E-04     0.343626E-04     0.229791E-04
  0.258981E-04     0.265107E-04     0.268276E-04     0.257579E-04     0.265731E-04
  0.193057E-04     0.184983E-04     0.228353E-04     0.221797E-04     0.210270E-04
  0.202487E-04     0.284652E-04     0.244286E-04     0.299529E-04     0.364372E-04
  0.329371E-04     0.267642E-04     0.231404E-04     0.199551E-04     0.182165E-04
  0.196731E-04     0.252517E-04     0.259688E-04     0.198231E-04     0.220415E-04
  0.206079E-04     0.254449E-04     0.229325E-04     0.223821E-04     0.179151E-04
  0.246245E-04     0.187610E-04     0.247876E-04     0.308725E-04     0.223644E-04
  0.240248E-04     0.205321E-04     0.179255E-04     0.191942E-04     0.291524E-04
  0.226550E-04     0.208586E-04     0.318015E-04     0.199303E-04     0.290323E-04
  0.342919E-04     0.264954E-04     0.310637E-04     0.221849E-04     0.296645E-04
  0.238082E-04     0.209237E-04     0.238181E-04     0.210783E-04     0.177050E-04
  0.213964E-04     0.245347E-04     0.211849E-04     0.217768E-04     0.290711E-04
  0.211344E-04     0.203373E-04     0.346051E-04     0.373614E-04     0.271911E-04
  0.261584E-04     0.230016E-04     0.236519E-04     0.329707E-04     0.256493E-04
  0.226023E-04     0.235163E-04     0.295792E-04     0.287624E-04     0.243986E-04
  0.243028E-04     0.242423E-04     0.231700E-04     0.224646E-04     0.247186E-04
  0.224930E-04     0.249568E-04     0.248556E-04     0.283953E-04     0.316055E-04
  0.254443E-04     0.248525E-04     0.257376E-04     0.235347E-04     0.238845E-04
  0.227643E-04     0.244820E-04     0.309213E-04     0.297854E-04     0.319490E-04
  0.230920E-04     0.233171E-04     0.363315E-04     0.203351E-04     0.311640E-04
  0.270141E-04     0.331500E-04     0.293458E-04     0.268405E-04     0.319547E-04
  0.245481E-04     0.268799E-04     0.246720E-04     0.242067E-04     0.186194E-04
  0.231297E-04     0.262815E-04     0.335710E-04     0.244021E-04     0.220857E-04
  0.225343E-04     0.253297E-04     0.253783E-04     0.231856E-04     0.354617E-04
  0.242316E-04     0.227003E-04     0.247215E-04     0.319556E-04     0.203678E-04
  0.221088E-04     0.218199E-04     0.218142E-04     0.227761E-04     0.236525E-04
  0.307794E-04     0.324835E-04     0.255565E-04     0.267146E-04     0.280264E-04
  0.239823E-04     0.217474E-04     0.255832E-04     0.224612E-04     0.246931E-04
  0.249352E-04     0.266931E-04     0.235955E-04     0.289935E-04     0.211805E-04
  0.255216E-04     0.266907E-04     0.239441E-04     0.298268E-04     0.373734E-04
  0.313769E-04     0.264409E-04     0.277371E-04     0.234577E-04     0.311941E-04
  0.275203E-04     0.281004E-04     0.329909E-04     0.287672E-04     0.303947E-04
  0.299210E-04     0.311685E-04     0.281103E-04     0.246864E-04     0.285684E-04
  0.281371E-04     0.240723E-04     0.274230E-04     0.295591E-04     0.257282E-04
  0.248291E-04     0.219317E-04     0.295528E-04     0.303298E-04     0.305527E-04
  0.257925E-04     0.264025E-04     0.275418E-04     0.301761E-04     0.268289E-04
  0.331319E-04     0.284197E-04     0.275418E-04     0.244189E-04     0.274650E-04
  0.296972E-04     0.378340E-04     0.300181E-04     0.290652E-04     0.301746E-04
  0.317412E-04     0.318142E-04     0.335904E-04     0.297428E-04     0.282801E-04
  0.331961E-04     0.326948E-04     0.295486E-04     0.320696E-04     0.400047E-04
  0.331789E-04     0.292859E-04     0.352443E-04     0.275406E-04     0.267174E-04
  0.227517E-04     0.267532E-04     0.304001E-04     0.269207E-04     0.271097E-04
  0.304865E-04     0.288839E-04     0.339059E-04     0.330765E-04     0.328276E-04
  0.322462E-04     0.307677E-04     0.337532E-04     0.286192E-04     0.394144E-04
  0.309079E-04     0.314311E-04     0.342546E-04     0.323135E-04     0.330206E-04
  0.345813E-04     0.264849E-04     0.305774E-04     0.306342E-04     0.332032E-04
  0.269788E-04     0.277436E-04     0.277345E-04     0.345847E-04     0.313858E-04
  0.330883E-04     0.312933E-04     0.317606E-04     0.335007E-04     0.311072E-04
  0.327999E-04     0.329735E-04     0.343053E-04     0.332769E-04     0.330508E-04
  0.324948E-04     0.288847E-04     0.327301E-04     0.323006E-04     0.273511E-04
  0.341327E-04     0.327847E-04     0.316438E-04     0.324656E-04     0.315470E-04
  0.300708E-04     0.343195E-04     0.322135E-04     0.293407E-04     0.364619E-04
  0.315475E-04     0.318012E-04     0.315473E-04     0.338853E-04     0.307741E-04
  0.304419E-04     0.284128E-04     0.306462E-04     0.294792E-04     0.293080E-04
  0.277902E-04     0.334722E-04     0.344141E-04     0.295441E-04     0.309544E-04
  0.315214E-04     0.287811E-04     0.327791E-04     0.331669E-04     0.267454E-04
  0.327215E-04     0.286759E-04     0.295666E-04     0.283739E-04     0.244533E-04
  0.386970E-04     0.348903E-04     0.324463E-04     0.300969E-04     0.293895E-04
  0.314172E-04     0.344204E-04     0.338022E-04     0.365228E-04     0.357194E-04
  0.357266E-04     0.292636E-04     0.300350E-04     0.381988E-04     0.373103E-04
  0.326541E-04     0.326512E-04     0.311662E-04     0.391701E-04     0.296846E-04
  0.325666E-04     0.418633E-04     0.386371E-04     0.282114E-04     0.332806E-04
  0.406793E-04     0.349927E-04     0.339646E-04     0.327544E-04     0.318593E-04
  0.313699E-04     0.320839E-04     0.271004E-04     0.349785E-04     0.326438E-04
  0.317137E-04     0.291696E-04     0.354591E-04     0.424139E-04     0.289660E-04
  0.326771E-04     0.351529E-04     0.359018E-04     0.276466E-04     0.311270E-04
  0.335358E-04     0.336405E-04     0.360871E-04     0.427399E-04     0.368874E-04
  0.335823E-04     0.382068E-04     0.415501E-04     0.344469E-04     0.340120E-04
  0.431186E-04     0.374178E-04     0.412810E-04     0.410839E-04     0.418612E-04
  0.331842E-04     0.346612E-04     0.509193E-04     0.453989E-04     0.424081E-04
  0.316490E-04     0.391355E-04     0.367034E-04     0.364556E-04     0.392485E-04
  0.544071E-04     0.380436E-04     0.387603E-04     0.502797E-04     0.325326E-04
  0.453350E-04     0.458145E-04     0.378560E-04     0.315474E-04     0.272565E-04
  0.291597E-04     0.366658E-04     0.367723E-04     0.392677E-04     0.478252E-04
  0.418375E-04     0.492511E-04     0.337239E-04     0.498055E-04     0.513014E-04
  0.332491E-04     0.303080E-04     0.238945E-04     0.359717E-04     0.460686E-04
  0.249294E-04     0.437156E-04     0.356155E-04     0.105404E-03     0.748436E-04
  0.380734E-04     0.286681E-04     0.361312E-04     0.494792E-04     0.391952E-04
  0.384300E-04     0.303129E-04     0.404908E-04     0.370856E-04     0.332352E-04
  0.386907E-04     0.399969E-04     0.495859E-04     0.432022E-04     0.534937E-04
  0.420560E-04     0.311561E-04     0.276038E-04     0.514662E-04     0.337006E-04
  0.380611E-04     0.490763E-04     0.501698E-04     0.389935E-04     0.394538E-04
  0.364337E-04     0.380568E-04     0.304753E-04     0.323045E-04     0.378567E-04
  0.565600E-04     0.263876E-04     0.296253E-04     0.585617E-04     0.377191E-04
  0.244281E-04     0.404809E-04     0.540304E-04     0.284937E-04     0.331219E-04
  0.688970E-04     0.327784E-04     0.856371E-04     0.533909E-04     0.470697E-04
  0.375919E-04     0.448980E-04     0.302275E-04     0.510414E-04     0.525755E-04
  0.333071E-04     0.385373E-04     0.235160E-04     0.286800E-04     0.278636E-04
  0.304177E-04     0.332221E-04     0.461785E-04     0.378491E-04     0.417507E-04
  0.309630E-04     0.569465E-04     0.491559E-04     0.352355E-04     0.311365E-04
  0.556010E-04     0.588398E-04     0.281641E-04     0.287002E-04     0.268587E-04
  0.251159E-04     0.369388E-04     0.318275E-04     0.409719E-04     0.363766E-04
  0.855388E-04     0.389607E-04     0.598616E-04     0.355085E-04     0.510988E-04
  0.226170E-04     0.270210E-04     0.473386E-04     0.389496E-04     0.722519E-04
  0.431441E-04     0.408162E-04     0.225517E-04     0.469067E-04     0.275422E-04
  0.118702E-03     0.961958E-04     0.105988E-03     0.106252E-03     0.107247E-03
  0.133514E-03     0.952120E-04     0.967442E-04     0.991612E-04     0.135634E-03
  0.130710E-03     0.154703E-03     0.257433E-03     0.290878E-03     0.634776E-03
  0.274824E-03     0.650832E-03     0.972688E-03     0.771159E-03     0.693981E-03
  0.109523E-02     0.868520E-03     0.886384E-03     0.103451E-02     0.157549E-02
  0.125760E-02     0.149864E-02     0.151588E-02     0.250964E-02     0.144649E-02
  0.148374E-02     0.198590E-02     0.372959E-02     0.366502E-02     0.329955E-02
  0.304029E-02     0.313392E-02     0.334955E-02     0.271220E-02     0.306108E-02
  0.392078E-02     0.428401E-02     0.330768E-02     0.506712E-02     0.584645E-02
  0.669868E-02     0.633283E-02     0.745507E-02     0.795472E-02     0.573221E-02
  0.972573E-02     0.630895E-02     0.607463E-02     0.945029E-02     0.149630E-01
  0.135152E-01     0.101710E-01     0.727661E-02
 eigen energies, in eV 
    -44.412832       -44.276873       -44.233239       -44.107825       -43.992035
    -28.483964       -28.464228       -28.396575       -28.340540       -28.302804
    -28.184946       -28.167697       -28.163054       -28.084255       -28.055691
    -28.032344       -27.958384       -27.944194       -27.853131       -27.852345
    -27.850539       -27.846716       -27.840139       -27.788053       -27.783759
    -27.777380       -27.743885       -27.689803       -27.654299       -27.640796
    -27.638999       -27.632684       -27.628307       -27.601795       -27.599914
    -27.595188       -27.553208       -27.516628       -27.428899       -27.392206
    -27.383482       -27.377759       -27.286059       -27.265647       -27.263483
    -27.247756       -27.237075       -27.191466       -27.186259       -27.184977
    -27.141021       -27.139557       -27.139250       -27.138344       -27.116866
    -27.093686       -27.048656       -26.981747       -26.900446       -26.877524
    -26.774859       -26.734931       -26.718589       -26.698073       -26.694280
    -26.628914       -26.584697       -26.540544       -26.527381       -26.486676
    -26.481847       -26.380526       -26.361220       -26.328250       -26.318669
    -26.286847       -26.280173       -26.249239       -26.224328       -26.110330
    -26.076934       -26.059822       -26.057898       -26.028206       -26.021607
    -26.021520       -25.996242       -25.994237       -25.989662       -25.985070
    -25.972027       -25.945649       -25.941616       -25.931282       -25.924632
    -25.853681       -25.841720       -25.831555       -25.810779       -25.772626
    -25.748362       -25.744984       -25.735963       -25.708718       -25.697085
    -25.687679       -25.671720       -25.666914       -25.659322       -25.654717
    -25.643636       -25.614067       -25.603657       -25.595330       -25.585212
    -25.584615       -25.527266       -25.524793       -25.509191       -25.491026
    -25.471051       -25.447377       -25.406807       -25.395380       -25.383374
    -25.380140       -25.345038       -25.328819       -25.324595       -25.299046
    -25.067528       -25.051820       -25.030078       -24.930999       -24.421801
    -23.998540       -23.769246       -23.697951       -23.647961       -23.634416
    -23.609241       -23.567134       -23.551614       -23.526635       -23.512092
    -23.502950       -23.469075       -23.444162       -23.434408       -23.425912
    -23.425839       -23.398016       -23.274891       -23.193730       -23.160142
    -23.158694       -23.134259       -23.130337       -23.107278       -23.087947
    -23.063730       -22.919547       -22.904483       -22.875272       -22.681451
    -22.626012       -22.533581       -22.519484       -22.400799       -22.133500
    -21.705613       -21.699526       -21.696710       -21.656418       -21.564560
    -21.534750       -21.482924       -21.451600       -21.442399       -21.327243
    -21.286433       -21.223815       -21.091758       -21.071154       -21.053413
    -21.044646       -20.986519       -20.949981       -20.827727       -20.629334
    -18.936298       -18.609817       -18.550685       -18.510582       -18.314478
    -15.926675       -15.914615       -15.864229       -15.854504       -15.805172
    -15.798076       -15.745523       -15.731939       -15.658265       -15.648572
    -15.644700       -15.546923       -15.394500       -15.353739       -15.283804
    -15.076429       -14.974992       -14.964954       -14.926287       -14.886426
    -14.795973       -14.772046       -14.728424       -14.725246       -14.649105
    -14.627146       -14.551915       -14.549425       -14.523377       -14.498595
    -14.492291       -14.466488       -14.454275       -14.398908       -14.339520
    -14.261343       -14.247892       -14.211795       -14.148770       -14.023581
    -13.887386       -13.592955       -13.590374       -13.585842       -13.556097
    -13.532525       -13.454085       -13.400804       -13.398073       -13.392479
    -13.388179       -13.359435       -13.334677       -13.309365       -13.308855
    -13.299638       -13.291836       -13.279878       -13.247994       -13.244253
    -13.212012       -13.167828       -13.122456       -13.109265       -13.094488
    -13.021739       -12.970663       -12.926378       -12.869964       -12.677603
    -12.194929       -12.173325       -12.146045       -12.136309       -12.125102
    -12.087820       -12.037592       -12.026987       -11.928603       -11.908895
    -11.868911       -11.836899       -11.807655       -11.800207       -11.711115
    -11.682653       -11.644075       -11.618512       -11.589103       -11.517824
    -11.506479       -11.474308       -11.365904       -11.357669       -11.329437
    -11.285221       -11.248284       -11.242806       -11.231028       -11.213779
    -11.203709       -11.193500       -11.177749       -11.091148       -11.063495
    -11.030181       -10.996297       -10.987751       -10.920923       -10.794871
    -10.744601       -10.738156       -10.707711       -10.562198       -10.553896
    -10.531354       -10.507995       -10.497973       -10.485612       -10.469186
    -10.460193       -10.441133       -10.420740       -10.398399       -10.377140
    -10.371580       -10.339820       -10.321476       -10.301685       -10.286119
    -10.285729       -10.262628       -10.254202       -10.242970       -10.234789
    -10.202273       -10.185964       -10.185304       -10.183837       -10.165705
    -10.159981       -10.145410       -10.143968       -10.110398       -10.107652
    -10.099297       -10.094188       -10.087911       -10.057096       -10.051616
    -10.049282       -10.040596       -10.007687       -10.004769        -9.972021
     -9.952141        -9.948438        -9.942666        -9.926554        -9.920363
     -9.914638        -9.896147        -9.882280        -9.877438        -9.874696
     -9.867205        -9.864318        -9.858922        -9.853613        -9.821410
     -9.817125        -9.798536        -9.791975        -9.783053        -9.773247
     -9.760785        -9.750854        -9.734052        -9.694202        -9.686095
     -9.664072        -9.646784        -9.641557        -9.632662        -9.628079
     -9.620387        -9.606382        -9.572949        -9.566267        -9.557685
     -9.541622        -9.523847        -9.515570        -9.509963        -9.490224
     -9.486733        -9.474848        -9.459706        -9.446896        -9.434428
     -9.425869        -9.416625        -9.398306        -9.391578        -9.389720
     -9.380332        -9.370157        -9.366669        -9.340524        -9.330593
     -9.324373        -9.312928        -9.282820        -9.280539        -9.257638
     -9.248882        -9.225698        -9.216751        -9.192854        -9.180039
     -9.147920        -9.145031        -9.115711        -9.107765        -9.097322
     -9.087166        -9.086055        -9.074704        -9.066555        -9.063013
     -9.052027        -9.049544        -9.039396        -9.016924        -9.009221
     -8.983292        -8.975088        -8.959072        -8.958362        -8.931192
     -8.916049        -8.900390        -8.879438        -8.866213        -8.851297
     -8.834694        -8.831144        -8.829440        -8.823449        -8.819205
     -8.789051        -8.784466        -8.770797        -8.752001        -8.732012
     -8.721052        -8.699433        -8.692675        -8.658317        -8.641985
     -8.621967        -8.609858        -8.582606        -8.563021        -8.541185
     -8.538923        -8.530065        -8.515979        -8.488900        -8.484734
     -8.462436        -8.448983        -8.428677        -8.406796        -8.399393
     -8.392828        -8.380937        -8.358597        -8.347236        -8.338269
     -8.277779        -8.266961        -8.242821        -8.240000        -8.213098
     -8.208019        -8.177884        -8.157024        -8.072597        -8.027301
     -8.003655        -7.995566        -7.968761        -7.939702        -7.927079
     -7.914470        -7.877087        -7.872873        -7.868479        -7.852433
     -7.846125        -7.834854        -7.830926        -7.788426        -7.780344
     -7.741030        -7.739800        -7.691168        -7.660047        -7.642448
     -7.636609        -7.604656        -7.568700        -7.562269        -7.527387
     -7.520472        -7.460681        -7.457689        -7.442425        -7.411561
     -7.406311        -7.398226        -7.385574        -7.361023        -7.334684
     -7.322844        -7.293832        -7.258150        -7.241679        -7.229322
     -7.215479        -7.194984        -7.188500        -7.172118        -7.133760
     -7.122589        -7.089625        -7.046778        -7.016825        -7.001632
     -6.976170        -6.970261        -6.936450        -6.929935        -6.925473
     -6.895367        -6.883934        -6.878315        -6.866644        -6.836443
     -6.816962        -6.797611        -6.746323        -6.741814        -6.731338
     -6.707310        -6.686198        -6.679132        -6.656443        -6.621884
     -6.605440        -6.595158        -6.574489        -6.564282        -6.559271
     -6.542752        -6.523689        -6.513400        -6.509067        -6.490922
     -6.489006        -6.464385        -6.458438        -6.453250        -6.435986
     -6.434819        -6.432507        -6.399851        -6.391006        -6.383407
     -6.371940        -6.366557        -6.354584        -6.343241        -6.332882
     -6.313508        -6.308265        -6.301098        -6.294067        -6.282780
     -6.269754        -6.256548        -6.245684        -6.238486        -6.236548
     -6.232125        -6.221390        -6.202118        -6.194572        -6.190136
     -6.186310        -6.176870        -6.171178        -6.161027        -6.155849
     -6.143296        -6.135857        -6.128305        -6.122527        -6.107131
     -6.094436        -6.077249        -6.064975        -6.059543        -6.055504
     -6.039072        -6.030725        -6.028299        -6.022884        -6.000704
     -5.992363        -5.985661        -5.983670        -5.969006        -5.959014
     -5.954492        -5.935121        -5.929142        -5.922000        -5.901869
     -5.895700        -5.884991        -5.878038        -5.871122        -5.867386
     -5.859860        -5.847104        -5.837973        -5.831062        -5.819989
     -5.813255        -5.809193        -5.804897        -5.798428        -5.791588
     -5.778339        -5.776496        -5.766298        -5.759202        -5.748248
     -5.745686        -5.739456        -5.724181        -5.717718        -5.710172
     -5.703920        -5.698151        -5.691294        -5.688349        -5.682105
     -5.670865        -5.668742        -5.656061        -5.651350        -5.646101
     -5.641549        -5.633793        -5.629481        -5.626294        -5.622158
     -5.618812        -5.611250        -5.603157        -5.597819        -5.592408
     -5.588249        -5.574536        -5.570740        -5.565538        -5.557976
     -5.556349        -5.546820        -5.537698        -5.519675        -5.511543
     -5.509440        -5.492739        -5.491460        -5.484501        -5.478754
     -5.472075        -5.463464        -5.457747        -5.453850        -5.435499
     -5.428629        -5.426173        -5.422752        -5.412679        -5.408195
     -5.405078        -5.396201        -5.385692        -5.381921        -5.374754
     -5.370747        -5.359838        -5.357527        -5.352311        -5.343502
     -5.341018        -5.334104        -5.328527        -5.325671        -5.319248
     -5.309023        -5.301437        -5.292212        -5.288144        -5.281735
     -5.276528        -5.273274        -5.267501        -5.263029        -5.259454
     -5.241597        -5.239534        -5.234813        -5.229622        -5.216542
     -5.207400        -5.204526        -5.190608        -5.186708        -5.183412
     -5.173387        -5.164187        -5.160022        -5.152627        -5.149033
     -5.147876        -5.143695        -5.138467        -5.134549        -5.128004
     -5.123083        -5.113138        -5.108797        -5.105097        -5.097350
     -5.097074        -5.095031        -5.092446        -5.083789        -5.079123
     -5.074545        -5.067735        -5.062874        -5.053931        -5.050073
     -5.044162        -5.042546        -5.034639        -5.027503        -5.017825
     -5.014477        -5.007660        -5.001454        -5.000095        -4.993366
     -4.985925        -4.975782        -4.965989        -4.963700        -4.958908
     -4.940492        -4.931712        -4.930472        -4.922366        -4.921333
     -4.914611        -4.909242        -4.903689        -4.897676        -4.895086
     -4.891966        -4.884516        -4.877111        -4.871919        -4.865384
     -4.860255        -4.846418        -4.841517        -4.836479        -4.832849
     -4.828548        -4.814753        -4.809198        -4.801806        -4.786212
     -4.781415        -4.778447        -4.763855        -4.756265        -4.750133
     -4.740385        -4.737183        -4.723953        -4.714369        -4.708128
     -4.703276        -4.697020        -4.689966        -4.685469        -4.679292
     -4.664958        -4.646867        -4.632488        -4.627804        -4.622806
     -4.618428        -4.606232        -4.593788        -4.583223        -4.581339
     -4.577035        -4.570046        -4.561931        -4.552562        -4.544486
     -4.529338        -4.509477        -4.507919        -4.496546        -4.490661
     -4.475609        -4.464624        -4.439483        -4.422006        -4.412345
     -4.396594        -4.392232        -4.380396        -4.376389        -4.370570
     -4.367244        -4.344824        -4.333204        -4.321507        -4.312160
     -4.293179        -4.277171        -4.270875        -4.253062        -4.231974
     -4.224130        -4.219472        -4.209244        -4.199063        -4.152410
     -4.139840        -4.132692        -4.089913        -4.083460        -4.049341
     -4.031669        -4.014348        -4.004451        -3.997078        -3.981537
     -3.969700        -3.954255        -3.930086        -3.927179        -3.917247
     -3.896201        -3.889208        -3.881091        -3.866818        -3.831391
     -3.807246        -3.773654        -3.761481        -3.756034        -3.752070
     -3.744092        -3.724711        -3.715234        -3.709726        -3.706001
     -3.637703        -3.627208        -3.614582        -3.605093        -3.589350
     -3.573814        -3.555546        -3.548370        -3.543796        -3.529701
     -3.511114        -3.503645        -3.474232        -3.463612        -3.456526
     -3.446110        -3.438043        -3.413715        -3.400317        -3.382703
     -3.375051        -3.365746        -3.360212        -3.342567        -3.330414
     -3.323579        -3.315095        -3.308113        -3.274871        -3.263371
     -3.253912        -3.221888        -3.212034        -3.197682        -3.179722
     -3.146099        -3.141583        -3.137314        -3.129322        -3.115282
     -3.102137        -3.076246        -3.063013        -3.036512        -2.992865
     -2.957119        -2.947979        -2.916028        -2.904909        -2.882161
     -2.854909        -2.834770        -2.828081        -2.813546        -2.794036
     -2.780626        -2.719364        -2.715183        -2.663612        -2.657915
     -2.654418        -2.637913        -2.633611        -2.604688        -2.592251
     -2.583377        -2.573627        -2.562828        -2.540543        -2.528650
     -2.508473        -2.474008        -2.459823        -2.440482        -2.376316
     -2.307821        -2.284844        -2.276668        -2.244361        -2.218124
     -2.149130        -2.142265        -2.126779        -2.115562        -1.986676
      2.355880         2.506887         2.552140         2.669639         2.851406
      2.870617         2.902174         2.916166         2.928154         2.953478
      3.031226         3.136804         3.230022         3.278623         3.347059
      3.424388         3.489510         3.507870         3.552288         3.582701
      3.643813         3.660494         3.717707         3.752964         3.767500
      3.779951         3.807399         3.824894         3.850546         3.880969
      3.888308         3.914204         3.941798         3.970608         3.996499
      4.031939         4.039432         4.053251         4.073462         4.103582
      4.121591         4.139923         4.167845         4.187019         4.200813
      4.224911         4.261931         4.278387         4.306571         4.334524
      4.347667         4.399244         4.414255         4.433822         4.485274
      4.509722         4.523511         4.584528
 *********************************
 total computation time (sec)=   1911.35219717026     
