 AEM_Eatom=  1.007519231828354E-002
 AEM_Egroup=  2.376296726847617E-003
 AEM_Etot=  8.250703936911438E-004
 AEM_F=  0.501661590035946     
