 AEM_Eatom=  7.259231284344523E-004
 AEM_Egroup=  9.968612676391740E-005
 AEM_Etot=  8.317648280424945E-004
 AEM_F=  0.500072836065321     
