 AEM_Eatom=  1.180720188544604E-002
 AEM_Egroup=  1.895936524200537E-003
 AEM_Etot=  8.546691665157876E-004
 AEM_F=  0.501079349635321     
