 AEM_Eatom=  1.167133597451154E-002
 AEM_Egroup=  2.149031328433840E-003
 AEM_Etot=  9.190764810896784E-004
 AEM_F=  0.501595280447013     
