 AEM_Eatom=  2.608483834372380E-003
 AEM_Egroup=  1.716986098363480E-004
 AEM_Etot=  6.293576415911879E-004
 AEM_F=  0.501623674502223     
