           4           1
 PRECISION  = SINGLE     
 JOB       = SCF
 IN.PSP1   = /home/sabs/shenjie/Pseudopotential/Li.nc.pbe.UPF
 IN.PSP2   = /home/sabs/shenjie/Pseudopotential/C.nc.pbe.UPF
 IN.PSP3   = /home/sabs/shenjie/Pseudopotential/O.nc.pbe.UPF
 IN.PSP4   = /home/sabs/shenjie/Pseudopotential/N.nc.pbe.UPF
 IN.PSP5   = /home/sabs/shenjie/Pseudopotential/S.nc.pbe.UPF
 IN.PSP6   = /home/sabs/shenjie/Pseudopotential/F.nc.pbe.UPF
 IN.PSP7   = /home/sabs/shenjie/Pseudopotential/H.nc.pbe.UPF
 IN.PSP8   = /home/sabs/shenjie/Pseudopotential/P.nc.pbe.UPF
 IN.ATOM   = atom.config         
 CONVERGENCE  = EASY
 ACCURACY  = NORM
 VFF_DETAIL =   1   500  0.50000000E-02     30.00000     4.00000     0.00000     1.00000  
 EGG_DETAIL =            3           3           3
 SPIN      =   1
 CONSTRAINT_MAG =           0
 RANDOM_SEED=           0
 QIJ_DETAIL =   0  1
 SCF_MIX = CHARGE
 PWSCF_OUTPUT     =  F
 Ecut      =    60.0000000000000     
 Ecut2     =    120.000000000000     
 Ecut2L    =    120.000000000000     
 EcutP    =    60.0000000000000     
 N123      =   120   120   120
 NS123     =    40    40    40
 N123L     =   120   120   120
 STRESS_CORR =   0.100000E+01  0.000000E+00  0.200000E+01  0.000000E+00
 XCFUNCTIONAL = LDA
 HSE_DETAIL    =      1.00000000    1     0.00000000    6 1 1
 RELAX_HSE    =    20   0.50000E-01     2
 VDW       = NONE
 LONDON_S6      =   0.000000000000000E+000
 LONDON_C6(1)      =   -1.00000000000000     
 LONDON_C6(2)      =   -1.00000000000000     
 LONDON_C6(3)      =   -1.00000000000000     
 LONDON_C6(4)      =   -1.00000000000000     
 LONDON_C6(5)      =   -1.00000000000000     
 LONDON_C6(6)      =   -1.00000000000000     
 LONDON_C6(7)      =   -1.00000000000000     
 LONDON_C6(8)      =   -1.00000000000000     
 LONDON_RCUT      =   0.000000000000000E+000
 DFTD3_S6        =   0.000000000000000E+000
 DFTD3_RS6        =   0.000000000000000E+000
 DFTD3_S18        =   0.000000000000000E+000
 DFTD3_RS18        =   0.000000000000000E+000
 DFTD3_ALPHA6        =   0.000000000000000E+000
 DFTD3_VERSION        =            0
 DFTD3_3BODY        =  F
 COULOMB   =    0
 IN.WG     =  F
 OUT.WG    =  F
 IN.RHO    =  F
 OUT.RHOATOM =  F
 OUT.RHO   =  F
 IN.VR     =  F
 OUT.VR    =  F
 OUT.ELF   =  F
 IN.VEXT   =  F
 OUT.VATOM   =  F
 OUT.FORCE =  T
 OUT.STRESS =  F
 IN.KPT    =  F
 IN.SYMM   =  F
 SYMM_PREC =    0.10000E-04
 MP_N123 =      1      1      1      0      0      0      0
 NUM_KPT =            1
 CHARGE_DECOMP = F
 ENERGY_DECOMP = F 
 IN.SOLVENT =  F
 NUM_ELECTRON =   1940.00000000000     
 FIX_FERMI =   F  0.000000E+00  0.000000E+00  0.000000E+00
 IN.NONSCF    =  F
 NUM_BAND  =  1028
 OUT.REAL.RHOWF_SP= 0
 WG_ERROR  =   1.000000000000000E-004
 E_ERROR   =   5.279008887880000E-003
 RHO_ERROR =   5.000000000000000E-005
 RHO_RELATIVE_ERROR      =   0.000000000000000E+000
 FORCE_RELATIVE_ERROR     =   0.000000000000000E+000
 MIN_SCF_ITER     =            1
 SYS_TYPE   =            1
 PULAY_MIX_OPT =     30  1  0       1.00000       0.00000
 PULAY_METRIC_Q0 =       -1.00000
 IN.OCC    =  F          -1
 IN.CC    =  F
 IN.OCC_ADIA    =  F
 SCF_ITER0_1 =    6   4    3    0.0000     0.02500    1
 SCF_ITER0_2 =   94   4    3    1.0000     0.02500    1
 SCF_ITER1_1 =   40   4    3    1.0000     0.02500    1
 NONLOCAL  =  2
 IN.A_FIELD =  F       0.00000       0.00000       0.00000
 RCUT      =    4.00000000000000     
 IN.PSP_RCUT1 =   4.00000000000000     
 IN.PSP_RCUT2 =   4.00000000000000     
 IN.PSP_RCUT3 =   4.00000000000000     
 IN.PSP_RCUT4 =   4.00000000000000     
 IN.PSP_RCUT5 =   4.00000000000000     
 IN.PSP_RCUT6 =   4.00000000000000     
 IN.PSP_RCUT7 =   4.00000000000000     
 IN.PSP_RCUT8 =   4.00000000000000     
 MD_VV_SCALE =    100
 LDAU_PSP1   =           -1  2.721138638331097E-009  2.721138638331097E-009  eV
 LDAU_PSP2   =           -1  2.721138638331097E-009  2.721138638331097E-009  eV
 LDAU_PSP3   =           -1  2.721138638331097E-009  2.721138638331097E-009  eV
 LDAU_PSP4   =           -1  2.721138638331097E-009  2.721138638331097E-009  eV
 LDAU_PSP5   =           -1  2.721138638331097E-009  2.721138638331097E-009  eV
 LDAU_PSP6   =           -1  2.721138638331097E-009  2.721138638331097E-009  eV
 LDAU_PSP7   =           -1  2.721138638331097E-009  2.721138638331097E-009  eV
 LDAU_PSP8   =           -1  2.721138638331097E-009  2.721138638331097E-009  eV
 NUM_BLOCKED_PSI=  F
 WF_STORE2DISK  =            0
 NUM_DOS_GRID =         4000
 NMAP_MAX =        50000
 KERK_AMIN =   0.300000000000000     
 KERK_AMIX =   0.400000000000000     
 KERK_AMIX_MAG =   0.800000000000000     
 KERK_BMIX =   0.500000000000000     
 LDAU_MIX =   0.700000000000000     
 PULAY_WEIGHT_SPIN =    1.00000000000000     
 PULAY_WEIGHT_NS =    1.00000000000000     
 OUT.MLMD    =  F
 NUM_MPI_PER_GPU =     1
 FLAG_CYLINDER =            0
 SET_OUT_FERMI_POS =  F           0
 E_FINITE =  F   0.00000E+00   0.00000E+00   0.00000E+00
 MLINE_EIGEN =      1
 
 ------------------------------------------------
 total number of K-point:           1
   0.00000     0.00000    0.00000     1.00000            
 ------------------------------------------------
 
 
 *********************************************
 *********** end of etot.input report ********
 minimum n1,n2,n3 from Ecut2
     118.970      119.148      119.089
 minimum n1L,n2L,n3L from Ecut2L
     118.970      119.148      119.089
 *********************************************
 
 
Weighted average num_of_PW for all kpoint=                       312673.000
 ************************************
 E_Hxc(eV)         50032.6550357256     
 E_ion(eV)        -220561.901625729     
 E_Coul(eV)        78291.7997155428     
 E_Hxc+E_ion(eV)  -170529.246590003     
 NONSCF     1          AVE_STATE_ERROR= 0.5919E+01
 NONSCF     2          AVE_STATE_ERROR= 0.1628E+01
 NONSCF     3          AVE_STATE_ERROR= 0.5016E+00
 NONSCF     4          AVE_STATE_ERROR= 0.9242E-01
 NONSCF     5          AVE_STATE_ERROR= 0.1551E-01
 NONSCF     6          AVE_STATE_ERROR= 0.3096E-02
 iter=   7   ave_lin=  4.0  iCGmth=   3
 Ef(eV)               = -.2023215E+01
 err of ug            = 0.1212E-02
 dv_ave, drho_tot     = 0.0000E+00 0.1243E+00
 E_tot(eV)            = -.13306220727364E+06    -.1331E+06
 -------------------------------------------
 iter=   8   ave_lin=  4.0  iCGmth=   3
 Ef(eV)               = -.1440282E+00
 err of ug            = 0.1079E-01
 dv_ave, drho_tot     = 0.1737E-01 0.7184E-01
 E_tot(eV)            = -.13295292270810E+06    0.1093E+03
 -------------------------------------------
 iter=   9   ave_lin=  4.0  iCGmth=   3
 Ef(eV)               = -.1084312E+01
 err of ug            = 0.6806E-02
 dv_ave, drho_tot     = 0.1399E-01 0.3044E-01
 E_tot(eV)            = -.13291874954498E+06    0.3417E+02
 -------------------------------------------
 iter=  10   ave_lin=  4.0  iCGmth=   3
 Ef(eV)               = -.1018866E+01
 err of ug            = 0.2068E-02
 dv_ave, drho_tot     = 0.6923E-02 0.1080E-01
 E_tot(eV)            = -.13291339645665E+06    0.5353E+01
 -------------------------------------------
 iter=  11   ave_lin=  4.0  iCGmth=   3
 Ef(eV)               = 0.8393682E+00
 err of ug            = 0.5503E-03
 dv_ave, drho_tot     = 0.3142E-02 0.5989E-02
 E_tot(eV)            = -.13291270433870E+06    0.6921E+00
 -------------------------------------------
 iter=  12   ave_lin=  4.0  iCGmth=   3
 Ef(eV)               = 0.6301578E+00
 err of ug            = 0.3043E-03
 dv_ave, drho_tot     = 0.3589E-02 0.3730E-02
 E_tot(eV)            = -.13291217127263E+06    0.5331E+00
 -------------------------------------------
 iter=  13   ave_lin=  4.0  iCGmth=   3
 Ef(eV)               = 0.5551361E+00
 err of ug            = 0.3589E-03
 dv_ave, drho_tot     = 0.4326E-02 0.2893E-02
 E_tot(eV)            = -.13291163031400E+06    0.5410E+00
 -------------------------------------------
 iter=  14   ave_lin=  4.0  iCGmth=   3
 Ef(eV)               = 0.6334297E+00
 err of ug            = 0.3337E-03
 dv_ave, drho_tot     = 0.5821E-02 0.2291E-02
 E_tot(eV)            = -.13291115139570E+06    0.4789E+00
 -------------------------------------------
 iter=  15   ave_lin=  4.0  iCGmth=   3
 Ef(eV)               = 0.9704536E+00
 err of ug            = 0.3620E-03
 dv_ave, drho_tot     = 0.6585E-02 0.1838E-02
 E_tot(eV)            = -.13291081249092E+06    0.3389E+00
 -------------------------------------------
 iter=  16   ave_lin=  4.0  iCGmth=   3
 Ef(eV)               = 0.1047012E+01
 err of ug            = 0.2668E-03
 dv_ave, drho_tot     = 0.4384E-02 0.1399E-02
 E_tot(eV)            = -.13291073620859E+06    0.7628E-01
 -------------------------------------------
 iter=  17   ave_lin=  4.0  iCGmth=   3
 Ef(eV)               = 0.1250135E+01
 err of ug            = 0.2047E-03
 dv_ave, drho_tot     = 0.3755E-02 0.1086E-02
 E_tot(eV)            = -.13291071035231E+06    0.2586E-01
 -------------------------------------------
 iter=  18   ave_lin=  4.0  iCGmth=   3
 Ef(eV)               = 0.1499910E+01
 err of ug            = 0.1316E-03
 dv_ave, drho_tot     = 0.2897E-02 0.8088E-03
 E_tot(eV)            = -.13291069651771E+06    0.1383E-01
 -------------------------------------------
 iter=  19   ave_lin=  4.0  iCGmth=   3
 Ef(eV)               = 0.1745003E+01
 err of ug            = 0.1107E-03
 dv_ave, drho_tot     = 0.2569E-02 0.6167E-03
 E_tot(eV)            = -.13291067949061E+06    0.1703E-01
 -------------------------------------------
 iter=  20   ave_lin=  4.0  iCGmth=   3
 Ef(eV)               = 0.1923494E+01
 err of ug            = 0.1013E-03
 dv_ave, drho_tot     = 0.2373E-02 0.4634E-03
 E_tot(eV)            = -.13291066573450E+06    0.1376E-01
 -------------------------------------------
 iter=  21   ave_lin=  4.0  iCGmth=   3
 Ef(eV)               = 0.2052303E+01
 err of ug            = 0.6577E-04
 dv_ave, drho_tot     = 0.9955E-03 0.3800E-03
 E_tot(eV)            = -.13291065849746E+06    0.7237E-02
 -------------------------------------------
 iter=  22   ave_lin=  4.0  iCGmth=   3
 Ef(eV)               = 0.2122714E+01
 err of ug            = 0.6199E-04
 dv_ave, drho_tot     = 0.1030E-02 0.3090E-03
 E_tot(eV)            = -.13291065215359E+06    0.6344E-02
 -------------------------------------------
 iter=  23   ave_lin=  4.0  iCGmth=   3
 Ef(eV)               = 0.2148152E+01
 err of ug            = 0.5488E-04
 dv_ave, drho_tot     = 0.8797E-03 0.2506E-03
 E_tot(eV)            = -.13291064831745E+06    0.3836E-02
 -------------------------------------------
 E_Fermi(eV)=   2.14815207496402     
 ---------------------------------------------------
 Ef(eV)               = 0.2148152E+01
 dvE, dvE(n)-dvE(n-1) = 0.7739E-06 -.2868E-06
 dv_ave, drho_tot     = 0.8797E-03 0.2506E-03
 err of ug            = 0.5488E-04
 ---------------------------------------------------
 ending_scf_reason = tol Etot_err  5.279008887880000E-003
 Ewald        = -.41971414612248E+05
 Alpha        = 0.15207970391171E+04
 E_extV       = 0.00000000000000E+00    0.0000E+00
 E_NSC        = -.21370546926751E+05    0.7808E+00
 E[-rho*V_Hxc]= -.12233733411094E+06    -.7770E+00
 E_Hxc        = 0.51247850293373E+05    0.7813E+00
 -TS          = -.85683028154657E-09    -.4130E-09
 E_tot(eV)    = -.13291064831745E+06    0.3836E-02
 E_tot(Ryd)   = -.97687525523150E+04    0.1410E-03
 ---------------------------------------------------
 ---------------------------------------------------
 occup for:      kpt=1,spin=1,m=(totN/2-2,totN/2+2)
   1.000    1.000    1.000    0.000    0.000
 eigen(eV) for:  kpt=1,spin=1,m=(totN/2-2,totN/2+2)
  -2.003   -1.916   -1.862    2.673    2.814
 ---------------------------------------------------
 ---------------------------------------------------
 E_Hart,E_xc,E_ion =0.80032175470660E+05  -.28784325177288E+05  -.22304142827039E+06
 E_Hxc+E_ion       =-.17179357797702E+06
 E_kin+E_nonloc    =0.79333547232700E+05
 E_rhoVext,E_IVext     =0.00000000000000E+00  0.00000000000000E+00
 E_psiV,E_dDrho =-.10070421822219E+06  0.00000000000000E+00
 ave(vtot):v0 =-.76964027573017E+01
 ave(V_ion_s(or p,d))=ave(V_Hatree)=0; ave(Vtot)=ave(V_xc)=v0
 ---------------------------------------------------
 *********************************
 Eigen energies are values after setting ave(Vtot)=0
 For Vtot=V_ion+V_Hartree+V_xc, and
 ave(V_ion+V_Hatree)=0, ave(V_xc).ne.0:  E=E+v0
 *********************************
iislda,kpt=   1,    1      0.000000     0.000000     0.000000             kpoint in xyz unit 
 err of each states, A.U
  0.907111E-03     0.716427E-04     0.168574E-04     0.319393E-04     0.288598E-04
  0.125809E-04     0.165625E-04     0.199571E-04     0.636582E-04     0.152878E-04
  0.360690E-04     0.294593E-04     0.134247E-04     0.179322E-04     0.135501E-04
  0.111608E-03     0.229319E-04     0.160747E-04     0.222786E-04     0.252321E-04
  0.171222E-04     0.138103E-04     0.130353E-04     0.150830E-04     0.197218E-04
  0.245158E-04     0.173566E-04     0.288875E-04     0.165114E-04     0.233599E-04
  0.263681E-04     0.752521E-04     0.139373E-04     0.136004E-04     0.220943E-04
  0.247843E-04     0.231936E-04     0.166416E-04     0.155696E-04     0.133605E-04
  0.169375E-04     0.171668E-04     0.133426E-04     0.159113E-04     0.176896E-04
  0.252253E-04     0.229166E-04     0.297154E-04     0.179690E-04     0.229215E-04
  0.202503E-04     0.274775E-04     0.166841E-04     0.387172E-04     0.589476E-04
  0.159273E-04     0.143161E-04     0.252744E-04     0.204617E-04     0.165227E-04
  0.692971E-04     0.680216E-04     0.199946E-04     0.241846E-04     0.109104E-04
  0.127374E-04     0.186109E-04     0.171768E-04     0.178082E-04     0.179158E-04
  0.328202E-04     0.351003E-04     0.150365E-04     0.209216E-04     0.259978E-04
  0.135152E-04     0.565482E-04     0.693175E-04     0.138914E-04     0.428659E-04
  0.117308E-04     0.130928E-04     0.261027E-04     0.104872E-04     0.197073E-04
  0.143425E-04     0.128518E-04     0.137469E-04     0.297319E-04     0.315144E-04
  0.295210E-04     0.110666E-04     0.189653E-04     0.126996E-04     0.112210E-04
  0.188791E-04     0.138649E-04     0.671576E-04     0.132380E-04     0.221908E-04
  0.142792E-04     0.130365E-04     0.139966E-04     0.115064E-04     0.104232E-04
  0.325183E-04     0.167027E-04     0.148578E-04     0.241558E-04     0.138583E-04
  0.269518E-04     0.227473E-04     0.213976E-04     0.168947E-04     0.151764E-04
  0.198373E-04     0.233873E-04     0.139623E-04     0.160248E-04     0.165648E-04
  0.122639E-04     0.636890E-04     0.132100E-04     0.217088E-04     0.493787E-04
  0.112944E-04     0.159286E-04     0.275725E-04     0.116427E-04     0.218095E-04
  0.173836E-04     0.251072E-04     0.162049E-04     0.126317E-04     0.123421E-04
  0.183526E-04     0.162839E-04     0.149954E-04     0.293575E-04     0.339828E-04
  0.137226E-04     0.374570E-04     0.230971E-04     0.495100E-04     0.187934E-04
  0.262891E-04     0.178895E-04     0.661863E-04     0.204921E-04     0.132676E-04
  0.249010E-04     0.132047E-04     0.227920E-04     0.178394E-04     0.211958E-04
  0.118437E-04     0.148910E-04     0.189069E-04     0.343824E-04     0.149887E-04
  0.132827E-04     0.228216E-04     0.113766E-04     0.114118E-04     0.406544E-04
  0.144972E-04     0.208281E-04     0.214061E-04     0.208000E-04     0.241286E-04
  0.194935E-04     0.147710E-04     0.204830E-04     0.185034E-04     0.333178E-04
  0.379965E-04     0.276319E-04     0.200722E-04     0.627719E-04     0.321944E-04
  0.130684E-04     0.130433E-04     0.107203E-04     0.460473E-04     0.183310E-04
  0.157912E-04     0.111999E-04     0.137936E-04     0.149464E-04     0.991276E-05
  0.199037E-04     0.154681E-04     0.184272E-04     0.998443E-05     0.240273E-04
  0.205428E-04     0.145081E-04     0.145311E-04     0.192284E-04     0.122757E-04
  0.172721E-04     0.109642E-04     0.185604E-04     0.121250E-04     0.130040E-04
  0.220305E-04     0.111532E-04     0.315767E-04     0.150648E-04     0.137726E-04
  0.223819E-04     0.232652E-04     0.212088E-04     0.250855E-04     0.153818E-04
  0.191155E-04     0.161011E-04     0.145105E-04     0.120889E-04     0.221895E-04
  0.156971E-04     0.193733E-04     0.165430E-04     0.139396E-04     0.132771E-04
  0.162197E-04     0.210352E-04     0.115681E-04     0.118900E-04     0.185863E-04
  0.152883E-04     0.164576E-04     0.193028E-04     0.198450E-04     0.127259E-04
  0.138930E-04     0.139817E-04     0.207644E-04     0.153508E-04     0.130695E-04
  0.143906E-04     0.120170E-04     0.179469E-04     0.262092E-04     0.210601E-04
  0.151361E-04     0.110576E-04     0.227446E-04     0.154812E-04     0.133938E-04
  0.191868E-04     0.148132E-04     0.133849E-04     0.169601E-04     0.147088E-04
  0.146355E-04     0.163634E-04     0.233064E-04     0.248869E-04     0.136759E-04
  0.225269E-04     0.113785E-04     0.142606E-04     0.159978E-04     0.140861E-04
  0.178515E-04     0.186418E-04     0.201001E-04     0.247528E-04     0.168550E-04
  0.160816E-04     0.137510E-04     0.174235E-04     0.165570E-04     0.167806E-04
  0.227691E-04     0.214275E-04     0.335616E-04     0.177519E-04     0.280691E-04
  0.233453E-04     0.209170E-04     0.213446E-04     0.209056E-04     0.158728E-04
  0.201602E-04     0.164619E-04     0.160224E-04     0.209536E-04     0.156969E-04
  0.242907E-04     0.205094E-04     0.275495E-04     0.348714E-04     0.238502E-04
  0.229134E-04     0.153293E-04     0.181459E-04     0.223504E-04     0.225014E-04
  0.239417E-04     0.135544E-04     0.162859E-04     0.162438E-04     0.193868E-04
  0.238859E-04     0.201501E-04     0.205461E-04     0.203604E-04     0.308522E-04
  0.246856E-04     0.213968E-04     0.324897E-04     0.167072E-04     0.228201E-04
  0.331012E-04     0.267936E-04     0.210081E-04     0.193385E-04     0.198543E-04
  0.261313E-04     0.305718E-04     0.251065E-04     0.231655E-04     0.214395E-04
  0.269180E-04     0.225102E-04     0.260101E-04     0.239860E-04     0.196609E-04
  0.406920E-04     0.266647E-04     0.254026E-04     0.264186E-04     0.281043E-04
  0.244997E-04     0.271027E-04     0.240331E-04     0.269721E-04     0.214570E-04
  0.219405E-04     0.288117E-04     0.276666E-04     0.219961E-04     0.223186E-04
  0.212447E-04     0.235401E-04     0.295988E-04     0.246478E-04     0.235495E-04
  0.245400E-04     0.222460E-04     0.199288E-04     0.216676E-04     0.274619E-04
  0.254676E-04     0.220999E-04     0.175164E-04     0.284593E-04     0.224558E-04
  0.256177E-04     0.231785E-04     0.225611E-04     0.156357E-04     0.261377E-04
  0.244379E-04     0.305863E-04     0.237306E-04     0.296364E-04     0.194222E-04
  0.227480E-04     0.277459E-04     0.254704E-04     0.204415E-04     0.194932E-04
  0.266532E-04     0.193428E-04     0.228413E-04     0.205733E-04     0.289413E-04
  0.230050E-04     0.229026E-04     0.263228E-04     0.254379E-04     0.227287E-04
  0.161843E-04     0.285429E-04     0.242186E-04     0.245614E-04     0.245301E-04
  0.297512E-04     0.324983E-04     0.397072E-04     0.294156E-04     0.172946E-04
  0.292571E-04     0.199479E-04     0.259480E-04     0.251098E-04     0.324831E-04
  0.254291E-04     0.253418E-04     0.196630E-04     0.207344E-04     0.240015E-04
  0.234401E-04     0.241688E-04     0.284393E-04     0.235133E-04     0.292659E-04
  0.277460E-04     0.321403E-04     0.282733E-04     0.266206E-04     0.273422E-04
  0.431300E-04     0.294141E-04     0.238654E-04     0.217899E-04     0.364391E-04
  0.460032E-04     0.218491E-04     0.390440E-04     0.347363E-04     0.403679E-04
  0.474050E-04     0.366167E-04     0.266487E-04     0.262370E-04     0.271507E-04
  0.243535E-04     0.330044E-04     0.332120E-04     0.301744E-04     0.304275E-04
  0.290589E-04     0.435043E-04     0.384258E-04     0.331406E-04     0.320421E-04
  0.296222E-04     0.317788E-04     0.277701E-04     0.307964E-04     0.317385E-04
  0.295289E-04     0.207772E-04     0.258707E-04     0.298587E-04     0.252344E-04
  0.348675E-04     0.226854E-04     0.302876E-04     0.509153E-04     0.307167E-04
  0.248535E-04     0.292403E-04     0.315603E-04     0.214642E-04     0.296943E-04
  0.338238E-04     0.233975E-04     0.253155E-04     0.248091E-04     0.365261E-04
  0.315048E-04     0.277949E-04     0.230888E-04     0.494445E-04     0.327895E-04
  0.314327E-04     0.254860E-04     0.164307E-04     0.259785E-04     0.224892E-04
  0.208618E-04     0.285198E-04     0.290519E-04     0.283277E-04     0.233266E-04
  0.331639E-04     0.296366E-04     0.434646E-04     0.452125E-04     0.202849E-04
  0.218347E-04     0.174992E-04     0.290881E-04     0.209609E-04     0.177949E-04
  0.205207E-04     0.204456E-04     0.265273E-04     0.140549E-04     0.243860E-04
  0.210346E-04     0.215859E-04     0.204745E-04     0.218604E-04     0.234981E-04
  0.226725E-04     0.180124E-04     0.190160E-04     0.180841E-04     0.209525E-04
  0.203107E-04     0.200370E-04     0.249545E-04     0.269157E-04     0.200955E-04
  0.215218E-04     0.245102E-04     0.222182E-04     0.251361E-04     0.200911E-04
  0.229363E-04     0.304627E-04     0.228824E-04     0.359256E-04     0.335127E-04
  0.185504E-04     0.306098E-04     0.214534E-04     0.171266E-04     0.416624E-04
  0.331284E-04     0.234690E-04     0.285901E-04     0.207629E-04     0.236855E-04
  0.180507E-04     0.218970E-04     0.186734E-04     0.277757E-04     0.240869E-04
  0.248375E-04     0.279348E-04     0.244631E-04     0.179057E-04     0.261985E-04
  0.242876E-04     0.157463E-04     0.310378E-04     0.229704E-04     0.276598E-04
  0.204899E-04     0.279868E-04     0.237186E-04     0.280171E-04     0.208600E-04
  0.195843E-04     0.233247E-04     0.184854E-04     0.249252E-04     0.146842E-04
  0.198323E-04     0.230369E-04     0.222338E-04     0.195153E-04     0.198418E-04
  0.169231E-04     0.259800E-04     0.233804E-04     0.257260E-04     0.246217E-04
  0.173984E-04     0.166885E-04     0.243915E-04     0.213782E-04     0.224173E-04
  0.233144E-04     0.223594E-04     0.214303E-04     0.230534E-04     0.239049E-04
  0.219338E-04     0.292350E-04     0.186717E-04     0.295172E-04     0.187518E-04
  0.211248E-04     0.212900E-04     0.180588E-04     0.209765E-04     0.223807E-04
  0.192133E-04     0.255295E-04     0.252429E-04     0.225490E-04     0.207728E-04
  0.254354E-04     0.279710E-04     0.240433E-04     0.266322E-04     0.211704E-04
  0.222781E-04     0.229931E-04     0.197100E-04     0.250809E-04     0.215286E-04
  0.234842E-04     0.227605E-04     0.233276E-04     0.218538E-04     0.219229E-04
  0.218506E-04     0.218971E-04     0.218712E-04     0.213583E-04     0.182090E-04
  0.266372E-04     0.206153E-04     0.188649E-04     0.171233E-04     0.268387E-04
  0.217108E-04     0.220766E-04     0.280766E-04     0.271754E-04     0.220760E-04
  0.205361E-04     0.208839E-04     0.190586E-04     0.218894E-04     0.220149E-04
  0.294102E-04     0.351198E-04     0.220307E-04     0.235360E-04     0.204378E-04
  0.191567E-04     0.222952E-04     0.195367E-04     0.206678E-04     0.228622E-04
  0.226928E-04     0.227485E-04     0.252728E-04     0.242175E-04     0.230774E-04
  0.242296E-04     0.203926E-04     0.226889E-04     0.239001E-04     0.231968E-04
  0.172718E-04     0.257692E-04     0.216986E-04     0.237988E-04     0.194686E-04
  0.231805E-04     0.240888E-04     0.262371E-04     0.237866E-04     0.218270E-04
  0.252621E-04     0.295607E-04     0.238783E-04     0.242442E-04     0.243700E-04
  0.256785E-04     0.264265E-04     0.238639E-04     0.267290E-04     0.263381E-04
  0.258563E-04     0.294900E-04     0.227884E-04     0.264574E-04     0.249641E-04
  0.254675E-04     0.246337E-04     0.301293E-04     0.251182E-04     0.295594E-04
  0.210924E-04     0.293964E-04     0.248161E-04     0.281336E-04     0.320949E-04
  0.234838E-04     0.323203E-04     0.291286E-04     0.290631E-04     0.238811E-04
  0.249020E-04     0.269765E-04     0.296097E-04     0.253927E-04     0.263062E-04
  0.267409E-04     0.310026E-04     0.309860E-04     0.283632E-04     0.262043E-04
  0.266822E-04     0.243588E-04     0.266000E-04     0.247171E-04     0.249147E-04
  0.238881E-04     0.281264E-04     0.290319E-04     0.256302E-04     0.297251E-04
  0.290189E-04     0.289006E-04     0.244210E-04     0.267764E-04     0.306269E-04
  0.290527E-04     0.293685E-04     0.258040E-04     0.279860E-04     0.260080E-04
  0.274545E-04     0.262798E-04     0.284375E-04     0.286811E-04     0.258826E-04
  0.271080E-04     0.313818E-04     0.288801E-04     0.271915E-04     0.270850E-04
  0.277866E-04     0.282406E-04     0.260550E-04     0.314011E-04     0.283459E-04
  0.262709E-04     0.277351E-04     0.325728E-04     0.328526E-04     0.295698E-04
  0.317273E-04     0.268718E-04     0.420883E-04     0.378414E-04     0.344910E-04
  0.341309E-04     0.242142E-04     0.285315E-04     0.308084E-04     0.322956E-04
  0.340709E-04     0.307091E-04     0.316286E-04     0.310489E-04     0.348175E-04
  0.348034E-04     0.291035E-04     0.298689E-04     0.284469E-04     0.451112E-04
  0.284463E-04     0.320470E-04     0.359718E-04     0.289542E-04     0.364230E-04
  0.285643E-04     0.265191E-04     0.287621E-04     0.332716E-04     0.298274E-04
  0.269861E-04     0.286665E-04     0.326138E-04     0.322325E-04     0.295006E-04
  0.377885E-04     0.277574E-04     0.294488E-04     0.256050E-04     0.322843E-04
  0.328752E-04     0.296968E-04     0.310843E-04     0.297585E-04     0.346317E-04
  0.273372E-04     0.294396E-04     0.301403E-04     0.321104E-04     0.313257E-04
  0.346544E-04     0.324733E-04     0.283951E-04     0.321533E-04     0.342423E-04
  0.326365E-04     0.287454E-04     0.297229E-04     0.330652E-04     0.259250E-04
  0.292550E-04     0.306308E-04     0.335685E-04     0.293369E-04     0.337786E-04
  0.330919E-04     0.293802E-04     0.353060E-04     0.356076E-04     0.362998E-04
  0.332381E-04     0.374892E-04     0.272329E-04     0.282198E-04     0.288069E-04
  0.379476E-04     0.337590E-04     0.321652E-04     0.376803E-04     0.290622E-04
  0.284323E-04     0.304503E-04     0.293774E-04     0.328809E-04     0.338582E-04
  0.388822E-04     0.323882E-04     0.381904E-04     0.544805E-04     0.336322E-04
  0.376666E-04     0.266741E-04     0.399564E-04     0.354073E-04     0.318424E-04
  0.325193E-04     0.290035E-04     0.305928E-04     0.334662E-04     0.283480E-04
  0.321975E-04     0.317667E-04     0.345485E-04     0.487561E-04     0.325091E-04
  0.442198E-04     0.249935E-04     0.341289E-04     0.449053E-04     0.320984E-04
  0.278778E-04     0.297829E-04     0.316298E-04     0.296457E-04     0.321088E-04
  0.255854E-04     0.297116E-04     0.233083E-04     0.314614E-04     0.316489E-04
  0.336021E-04     0.368562E-04     0.396217E-04     0.323001E-04     0.284073E-04
  0.361707E-04     0.252847E-04     0.304249E-04     0.303588E-04     0.419624E-04
  0.260245E-04     0.432740E-04     0.288095E-04     0.275946E-04     0.410136E-04
  0.321389E-04     0.430938E-04     0.393002E-04     0.466637E-04     0.589416E-04
  0.398103E-04     0.480118E-04     0.397248E-04     0.556854E-04     0.324954E-04
  0.296197E-04     0.347358E-04     0.679234E-04     0.330372E-04     0.525557E-04
  0.501466E-04     0.313370E-04     0.338459E-04     0.442261E-04     0.412531E-04
  0.395857E-04     0.468782E-04     0.644083E-04     0.393218E-04     0.471970E-04
  0.389602E-04     0.330460E-04     0.370606E-04     0.377305E-04     0.359299E-04
  0.440246E-04     0.499954E-04     0.328961E-04     0.334224E-04     0.436799E-04
  0.384200E-04     0.402511E-04     0.381633E-04     0.354892E-04     0.498561E-04
  0.316672E-04     0.360434E-04     0.592111E-04     0.487666E-04     0.497088E-04
  0.355546E-04     0.536263E-04     0.487647E-04     0.324444E-04     0.546919E-04
  0.577602E-04     0.543295E-04     0.268425E-04     0.293213E-04     0.424831E-04
  0.253518E-04     0.351355E-04     0.298721E-04     0.478340E-04     0.375218E-04
  0.556153E-04     0.301260E-04     0.247071E-04     0.490190E-04     0.490833E-04
  0.713035E-04     0.415420E-04     0.394877E-04     0.336351E-04     0.290279E-04
  0.451921E-04     0.465533E-04     0.269482E-04     0.232515E-04     0.289544E-04
  0.336267E-04     0.427523E-04     0.347152E-04     0.317861E-04     0.401714E-04
  0.233008E-04     0.321508E-04     0.227643E-04     0.344030E-04     0.346537E-04
  0.277462E-04     0.397158E-04     0.478572E-04     0.358803E-04     0.444253E-04
  0.455625E-04     0.395608E-04     0.357785E-04     0.478187E-04     0.175647E-04
  0.407017E-04     0.426822E-04     0.389499E-04     0.274167E-04     0.293155E-04
  0.772756E-04     0.980097E-04     0.174232E-03     0.112325E-03     0.191601E-03
  0.183524E-03     0.212879E-03     0.198594E-03     0.187857E-03     0.229900E-03
  0.354579E-03     0.292548E-03     0.602287E-03     0.611036E-03     0.568707E-03
  0.567193E-03     0.448233E-03     0.823356E-03     0.755736E-03     0.105949E-02
  0.135527E-02     0.121521E-02     0.109786E-02     0.192137E-02     0.126683E-02
  0.151541E-02     0.119300E-02     0.205670E-02     0.117796E-02     0.163456E-02
  0.172434E-02     0.162276E-02     0.220035E-02     0.237978E-02     0.268353E-02
  0.285801E-02     0.199642E-02     0.413658E-02     0.340787E-02     0.342715E-02
  0.611632E-02     0.407909E-02     0.386286E-02     0.422100E-02     0.453415E-02
  0.612329E-02     0.527753E-02     0.406383E-02     0.749971E-02     0.716782E-02
  0.646993E-02     0.584511E-02     0.884733E-02     0.116851E-01     0.103291E-01
  0.122430E-01     0.107084E-01     0.222049E-01
 eigen energies, in eV 
    -44.429056       -44.409188       -44.380559       -44.217803       -43.906629
    -28.373961       -28.220418       -28.215411       -28.213348       -28.200220
    -28.050506       -28.047799       -28.039710       -28.025998       -27.861073
    -27.835216       -27.824021       -27.822159       -27.790690       -27.774190
    -27.774065       -27.770207       -27.766980       -27.762514       -27.761104
    -27.755699       -27.725215       -27.701768       -27.676165       -27.657710
    -27.596452       -27.585323       -27.582740       -27.518156       -27.480824
    -27.459239       -27.442837       -27.441417       -27.438783       -27.400630
    -27.399313       -27.360775       -27.348519       -27.346274       -27.295686
    -27.236967       -27.205243       -27.194390       -27.166367       -27.149554
    -27.144897       -27.140463       -27.134723       -27.128186       -27.112312
    -27.075152       -27.062111       -27.033660       -27.016649       -27.003211
    -26.919929       -26.911928       -26.871456       -26.810599       -26.806172
    -26.769203       -26.760882       -26.678607       -26.662567       -26.659203
    -26.614245       -26.560106       -26.548427       -26.490632       -26.490511
    -26.340901       -26.302698       -26.298433       -26.295275       -26.271497
    -26.258320       -26.245914       -26.228135       -26.226894       -26.187127
    -26.167429       -26.101200       -26.079540       -26.064749       -26.052603
    -26.040854       -26.006847       -25.981701       -25.959160       -25.932968
    -25.917259       -25.894466       -25.893072       -25.862063       -25.850718
    -25.823159       -25.820104       -25.784119       -25.774758       -25.741064
    -25.737170       -25.718387       -25.709660       -25.695791       -25.682506
    -25.666686       -25.663362       -25.654023       -25.648060       -25.619078
    -25.606000       -25.580139       -25.576167       -25.572240       -25.563203
    -25.533161       -25.528319       -25.526262       -25.495544       -25.468358
    -25.463197       -25.429101       -25.418158       -25.382599       -25.355104
    -25.354581       -25.354330       -25.245721       -25.211274       -25.187163
    -23.861510       -23.811549       -23.779350       -23.751748       -23.533816
    -23.493677       -23.442609       -23.397564       -23.396607       -23.347804
    -23.300040       -23.285093       -23.208085       -23.172565       -23.168336
    -23.130668       -23.125043       -23.123469       -23.105685       -23.105015
    -23.070220       -23.052030       -23.047070       -23.020848       -22.995411
    -22.955027       -22.940299       -22.884143       -22.865058       -22.850849
    -22.824456       -22.801805       -22.484193       -22.478450       -22.128077
    -21.997669       -21.591831       -21.515282       -21.308292       -21.304301
    -21.295143       -21.279916       -21.215384       -21.207139       -21.098671
    -21.095775       -21.085429       -21.058049       -21.046820       -20.912966
    -20.827617       -20.815657       -20.811399       -20.747749       -20.654630
    -18.446828       -18.409261       -18.218392       -18.151865       -18.052393
    -16.502324       -16.265016       -16.206249       -16.135210       -16.120493
    -16.060633       -16.024577       -16.001044       -15.920000       -15.860085
    -15.806152       -15.761233       -15.717998       -15.692051       -15.528196
    -15.246127       -15.224883       -15.013752       -14.981091       -14.933135
    -14.920848       -14.880469       -14.807108       -14.781084       -14.754446
    -14.728304       -14.709789       -14.669847       -14.662300       -14.621646
    -14.608830       -14.564505       -14.499605       -14.478347       -14.395570
    -14.374333       -14.349608       -14.344617       -14.341660       -14.302934
    -13.858123       -13.746979       -13.710624       -13.676010       -13.648794
    -13.621876       -13.610844       -13.583209       -13.564783       -13.548282
    -13.535168       -13.508218       -13.495633       -13.472951       -13.465041
    -13.453373       -13.418904       -13.413545       -13.397668       -13.369128
    -13.363451       -13.350835       -13.328744       -13.289213       -13.239859
    -13.203754       -13.196845       -13.187397       -13.013617       -12.895754
    -12.168802       -12.159629       -12.120817       -12.107346       -12.094476
    -12.011918       -12.000567       -11.957325       -11.929262       -11.918476
    -11.874475       -11.841754       -11.819225       -11.783504       -11.764335
    -11.680165       -11.629066       -11.589982       -11.567656       -11.521393
    -11.485253       -11.470814       -11.447352       -11.434635       -11.421754
    -11.399981       -11.388629       -11.373559       -11.346805       -11.301190
    -11.274383       -11.250811       -11.226221       -11.167947       -11.158304
    -11.119088       -11.034854       -10.953215       -10.943575       -10.928593
    -10.872229       -10.734034       -10.709575       -10.693675       -10.687104
    -10.658783       -10.573261       -10.549355       -10.540760       -10.521663
    -10.489889       -10.466960       -10.453011       -10.424572       -10.412561
    -10.399846       -10.397251       -10.369184       -10.363625       -10.360513
    -10.333049       -10.328509       -10.317114       -10.305290       -10.288538
    -10.267416       -10.260688       -10.245423       -10.227858       -10.224403
    -10.222322       -10.219099       -10.203928       -10.178847       -10.171824
    -10.163814       -10.119549       -10.106948       -10.098923       -10.058706
    -10.056932       -10.043740       -10.027520        -9.988212        -9.976200
     -9.969237        -9.956192        -9.950127        -9.944098        -9.938409
     -9.930971        -9.909542        -9.899355        -9.895472        -9.890141
     -9.881576        -9.861595        -9.838865        -9.816777        -9.810825
     -9.789199        -9.783937        -9.774755        -9.765843        -9.751466
     -9.743870        -9.709663        -9.695381        -9.688730        -9.680594
     -9.678668        -9.665723        -9.662665        -9.631643        -9.619524
     -9.604394        -9.594207        -9.591653        -9.578723        -9.573311
     -9.557423        -9.550210        -9.536927        -9.515995        -9.511595
     -9.502276        -9.483653        -9.464198        -9.462882        -9.451679
     -9.435396        -9.408878        -9.389714        -9.387382        -9.363883
     -9.344158        -9.323072        -9.300001        -9.286872        -9.281648
     -9.279828        -9.261797        -9.251413        -9.244007        -9.233534
     -9.223345        -9.208976        -9.194369        -9.187133        -9.167744
     -9.142006        -9.134904        -9.107978        -9.103331        -9.086142
     -9.071784        -9.066832        -9.048634        -9.044335        -9.036568
     -9.024725        -9.015163        -8.999837        -8.990678        -8.987999
     -8.982913        -8.951400        -8.937500        -8.892137        -8.882528
     -8.868811        -8.862024        -8.858553        -8.847659        -8.846207
     -8.831945        -8.825605        -8.820101        -8.810830        -8.789024
     -8.782136        -8.772217        -8.747804        -8.733191        -8.698502
     -8.684721        -8.676094        -8.668248        -8.657658        -8.629995
     -8.623313        -8.616186        -8.607125        -8.581496        -8.549574
     -8.540640        -8.496446        -8.491422        -8.470492        -8.449491
     -8.443307        -8.436471        -8.426166        -8.407126        -8.374031
     -8.363408        -8.349646        -8.324333        -8.291410        -8.280273
     -8.274281        -8.265609        -8.254028        -8.239354        -8.226560
     -8.191023        -8.175577        -8.135315        -8.128036        -8.092040
     -8.046987        -7.989744        -7.974412        -7.960079        -7.951225
     -7.926277        -7.919196        -7.891817        -7.883033        -7.864740
     -7.850349        -7.817648        -7.777498        -7.771378        -7.767754
     -7.747931        -7.709360        -7.697687        -7.653936        -7.637333
     -7.621719        -7.600908        -7.594817        -7.583987        -7.573869
     -7.533557        -7.519365        -7.510019        -7.501932        -7.474828
     -7.434443        -7.384543        -7.375108        -7.351907        -7.347639
     -7.304532        -7.254135        -7.239845        -7.238031        -7.192940
     -7.185390        -7.152322        -7.149406        -7.132709        -7.118825
     -7.113654        -7.088730        -7.072358        -7.068923        -7.059740
     -7.052355        -7.044150        -7.031187        -6.984415        -6.980729
     -6.962801        -6.939733        -6.917480        -6.913215        -6.861169
     -6.843256        -6.826801        -6.823166        -6.813479        -6.803987
     -6.781696        -6.775977        -6.759124        -6.725492        -6.705491
     -6.697406        -6.671862        -6.666202        -6.633281        -6.628124
     -6.608259        -6.595071        -6.589923        -6.583067        -6.565084
     -6.543877        -6.534878        -6.522928        -6.509068        -6.492367
     -6.486262        -6.481144        -6.473665        -6.451802        -6.442326
     -6.414620        -6.411531        -6.406181        -6.400398        -6.386085
     -6.374465        -6.369330        -6.346640        -6.338737        -6.334110
     -6.325055        -6.321299        -6.309438        -6.304854        -6.295205
     -6.290152        -6.276624        -6.270374        -6.261815        -6.250972
     -6.246262        -6.236109        -6.230498        -6.228949        -6.209726
     -6.184450        -6.171711        -6.160801        -6.149988        -6.146055
     -6.141531        -6.134820        -6.129279        -6.124329        -6.106597
     -6.083484        -6.079253        -6.063181        -6.058604        -6.056318
     -6.046138        -6.040187        -6.023561        -6.019268        -6.017197
     -6.010420        -6.008380        -5.999807        -5.988701        -5.978599
     -5.976678        -5.965425        -5.945105        -5.942649        -5.929697
     -5.924737        -5.918187        -5.911317        -5.901781        -5.895608
     -5.891068        -5.873121        -5.871510        -5.859124        -5.852021
     -5.836688        -5.830865        -5.825086        -5.824128        -5.813030
     -5.807805        -5.800128        -5.792411        -5.778877        -5.758500
     -5.752210        -5.751323        -5.738037        -5.731184        -5.721743
     -5.718037        -5.714142        -5.705621        -5.691445        -5.689223
     -5.679328        -5.671334        -5.665046        -5.662564        -5.646907
     -5.645827        -5.637206        -5.634873        -5.622988        -5.616917
     -5.611162        -5.600855        -5.599409        -5.595111        -5.580543
     -5.573169        -5.568101        -5.565528        -5.561182        -5.551580
     -5.549703        -5.542747        -5.531409        -5.528275        -5.524337
     -5.519299        -5.506221        -5.503808        -5.501071        -5.494784
     -5.485691        -5.480511        -5.479064        -5.470026        -5.461653
     -5.457734        -5.452872        -5.447547        -5.434817        -5.427442
     -5.421038        -5.417728        -5.411111        -5.406936        -5.398054
     -5.392745        -5.391700        -5.378043        -5.374736        -5.368270
     -5.368063        -5.359624        -5.351087        -5.336998        -5.333065
     -5.326895        -5.323332        -5.315482        -5.305311        -5.298119
     -5.281537        -5.274163        -5.273375        -5.264223        -5.259188
     -5.257036        -5.251268        -5.238915        -5.235176        -5.230840
     -5.227846        -5.217294        -5.214293        -5.210388        -5.200475
     -5.194732        -5.187030        -5.182627        -5.177112        -5.170349
     -5.166397        -5.154781        -5.149250        -5.147247        -5.136813
     -5.133507        -5.121643        -5.104399        -5.101733        -5.100428
     -5.098106        -5.086353        -5.081315        -5.072138        -5.070005
     -5.057012        -5.055764        -5.049793        -5.042915        -5.037844
     -5.035552        -5.032389        -5.022528        -5.018228        -5.012945
     -5.002942        -4.998758        -4.997992        -4.989922        -4.986071
     -4.973543        -4.967676        -4.958998        -4.954463        -4.944345
     -4.941370        -4.933116        -4.923462        -4.919356        -4.915048
     -4.905425        -4.904855        -4.896563        -4.889447        -4.885742
     -4.881222        -4.876957        -4.870936        -4.867105        -4.863007
     -4.851188        -4.848876        -4.843084        -4.837946        -4.834456
     -4.825837        -4.822683        -4.814740        -4.810938        -4.803204
     -4.798498        -4.793045        -4.785485        -4.779758        -4.772739
     -4.763240        -4.752388        -4.739661        -4.735138        -4.726298
     -4.710415        -4.706535        -4.694542        -4.690011        -4.679833
     -4.671367        -4.658655        -4.651985        -4.648909        -4.637980
     -4.632810        -4.629920        -4.618698        -4.597605        -4.590159
     -4.579490        -4.565912        -4.560740        -4.540716        -4.538043
     -4.530767        -4.523876        -4.519660        -4.515007        -4.501023
     -4.491788        -4.480310        -4.475249        -4.466653        -4.440747
     -4.436155        -4.407651        -4.354721        -4.332720        -4.325206
     -4.308576        -4.299895        -4.279475        -4.267212        -4.261778
     -4.244800        -4.218259        -4.184511        -4.157780        -4.118223
     -4.110746        -4.089253        -4.081821        -4.070381        -4.062699
     -4.038036        -4.007983        -3.973068        -3.969863        -3.944615
     -3.938049        -3.916974        -3.897379        -3.884367        -3.883378
     -3.869282        -3.855247        -3.810122        -3.801849        -3.789134
     -3.780053        -3.753241        -3.737552        -3.713085        -3.705419
     -3.676682        -3.667902        -3.652610        -3.636826        -3.615968
     -3.601356        -3.589963        -3.574176        -3.567582        -3.550584
     -3.545654        -3.535025        -3.528475        -3.500641        -3.493666
     -3.487936        -3.468757        -3.463514        -3.453674        -3.444437
     -3.434263        -3.426712        -3.413387        -3.407031        -3.404723
     -3.402009        -3.376906        -3.369618        -3.357623        -3.339818
     -3.322883        -3.315903        -3.313185        -3.305893        -3.290296
     -3.285587        -3.271385        -3.265144        -3.254414        -3.229824
     -3.202065        -3.195558        -3.173589        -3.156902        -3.132667
     -3.130106        -3.094454        -3.089378        -3.084879        -3.069202
     -3.025571        -3.002399        -2.998167        -2.947366        -2.891264
     -2.889842        -2.858387        -2.823696        -2.766904        -2.763368
     -2.744446        -2.737885        -2.710042        -2.661128        -2.641054
     -2.637221        -2.630001        -2.615354        -2.612466        -2.596464
     -2.575312        -2.528483        -2.458131        -2.445903        -2.416840
     -2.409768        -2.376440        -2.315765        -2.275258        -2.256435
     -2.251179        -2.246112        -2.233986        -2.209534        -2.143102
     -2.123715        -2.004981        -2.003090        -1.916416        -1.862010
      2.672593         2.814294         2.846859         3.012246         3.059473
      3.067950         3.149686         3.166202         3.185796         3.216793
      3.317472         3.335206         3.412885         3.426251         3.461875
      3.493210         3.587077         3.606813         3.617443         3.682198
      3.728270         3.737287         3.754282         3.799802         3.802178
      3.834655         3.862592         3.881510         3.909297         3.932107
      3.966941         3.999836         4.006302         4.016525         4.047248
      4.051688         4.077929         4.085573         4.109795         4.135166
      4.152593         4.168094         4.188149         4.210282         4.217216
      4.246507         4.280302         4.306530         4.344035         4.367251
      4.379461         4.390147         4.415267         4.423917         4.462907
      4.479952         4.504415         4.513480
 *********************************
 total computation time (sec)=   1997.66446089745     
