           4           1
 PRECISION  = SINGLE     
 JOB       = SCF
 IN.PSP1   = /home/sabs/shenjie/Pseudopotential/Li.nc.pbe.UPF
 IN.PSP2   = /home/sabs/shenjie/Pseudopotential/C.nc.pbe.UPF
 IN.PSP3   = /home/sabs/shenjie/Pseudopotential/O.nc.pbe.UPF
 IN.PSP4   = /home/sabs/shenjie/Pseudopotential/N.nc.pbe.UPF
 IN.PSP5   = /home/sabs/shenjie/Pseudopotential/S.nc.pbe.UPF
 IN.PSP6   = /home/sabs/shenjie/Pseudopotential/F.nc.pbe.UPF
 IN.PSP7   = /home/sabs/shenjie/Pseudopotential/H.nc.pbe.UPF
 IN.PSP8   = /home/sabs/shenjie/Pseudopotential/P.nc.pbe.UPF
 IN.ATOM   = atom.config         
 CONVERGENCE  = EASY
 ACCURACY  = NORM
 VFF_DETAIL =   1   500  0.50000000E-02     30.00000     4.00000     0.00000     1.00000  
 EGG_DETAIL =            3           3           3
 SPIN      =   1
 CONSTRAINT_MAG =           0
 RANDOM_SEED=           0
 QIJ_DETAIL =   0  1
 SCF_MIX = CHARGE
 PWSCF_OUTPUT     =  F
 Ecut      =    60.0000000000000     
 Ecut2     =    120.000000000000     
 Ecut2L    =    120.000000000000     
 EcutP    =    60.0000000000000     
 N123      =   120   120   120
 NS123     =    40    40    40
 N123L     =   120   120   120
 STRESS_CORR =   0.100000E+01  0.000000E+00  0.200000E+01  0.000000E+00
 XCFUNCTIONAL = LDA
 HSE_DETAIL    =      1.00000000    1     0.00000000    6 1 1
 RELAX_HSE    =    20   0.50000E-01     2
 VDW       = NONE
 LONDON_S6      =   0.000000000000000E+000
 LONDON_C6(1)      =   -1.00000000000000     
 LONDON_C6(2)      =   -1.00000000000000     
 LONDON_C6(3)      =   -1.00000000000000     
 LONDON_C6(4)      =   -1.00000000000000     
 LONDON_C6(5)      =   -1.00000000000000     
 LONDON_C6(6)      =   -1.00000000000000     
 LONDON_C6(7)      =   -1.00000000000000     
 LONDON_C6(8)      =   -1.00000000000000     
 LONDON_RCUT      =   0.000000000000000E+000
 DFTD3_S6        =   0.000000000000000E+000
 DFTD3_RS6        =   0.000000000000000E+000
 DFTD3_S18        =   0.000000000000000E+000
 DFTD3_RS18        =   0.000000000000000E+000
 DFTD3_ALPHA6        =   0.000000000000000E+000
 DFTD3_VERSION        =            0
 DFTD3_3BODY        =  F
 COULOMB   =    0
 IN.WG     =  F
 OUT.WG    =  F
 IN.RHO    =  F
 OUT.RHOATOM =  F
 OUT.RHO   =  F
 IN.VR     =  F
 OUT.VR    =  F
 OUT.ELF   =  F
 IN.VEXT   =  F
 OUT.VATOM   =  F
 OUT.FORCE =  T
 OUT.STRESS =  F
 IN.KPT    =  F
 IN.SYMM   =  F
 SYMM_PREC =    0.10000E-04
 MP_N123 =      1      1      1      0      0      0      0
 NUM_KPT =            1
 CHARGE_DECOMP = F
 ENERGY_DECOMP = F 
 IN.SOLVENT =  F
 NUM_ELECTRON =   1940.00000000000     
 FIX_FERMI =   F  0.000000E+00  0.000000E+00  0.000000E+00
 IN.NONSCF    =  F
 NUM_BAND  =  1028
 OUT.REAL.RHOWF_SP= 0
 WG_ERROR  =   1.000000000000000E-004
 E_ERROR   =   5.279008887880000E-003
 RHO_ERROR =   5.000000000000000E-005
 RHO_RELATIVE_ERROR      =   0.000000000000000E+000
 FORCE_RELATIVE_ERROR     =   0.000000000000000E+000
 MIN_SCF_ITER     =            1
 SYS_TYPE   =            1
 PULAY_MIX_OPT =     30  1  0       1.00000       0.00000
 PULAY_METRIC_Q0 =       -1.00000
 IN.OCC    =  F          -1
 IN.CC    =  F
 IN.OCC_ADIA    =  F
 SCF_ITER0_1 =    6   4    3    0.0000     0.02500    1
 SCF_ITER0_2 =   94   4    3    1.0000     0.02500    1
 SCF_ITER1_1 =   40   4    3    1.0000     0.02500    1
 NONLOCAL  =  2
 IN.A_FIELD =  F       0.00000       0.00000       0.00000
 RCUT      =    4.00000000000000     
 IN.PSP_RCUT1 =   4.00000000000000     
 IN.PSP_RCUT2 =   4.00000000000000     
 IN.PSP_RCUT3 =   4.00000000000000     
 IN.PSP_RCUT4 =   4.00000000000000     
 IN.PSP_RCUT5 =   4.00000000000000     
 IN.PSP_RCUT6 =   4.00000000000000     
 IN.PSP_RCUT7 =   4.00000000000000     
 IN.PSP_RCUT8 =   4.00000000000000     
 MD_VV_SCALE =    100
 LDAU_PSP1   =           -1  2.721138638331097E-009  2.721138638331097E-009  eV
 LDAU_PSP2   =           -1  2.721138638331097E-009  2.721138638331097E-009  eV
 LDAU_PSP3   =           -1  2.721138638331097E-009  2.721138638331097E-009  eV
 LDAU_PSP4   =           -1  2.721138638331097E-009  2.721138638331097E-009  eV
 LDAU_PSP5   =           -1  2.721138638331097E-009  2.721138638331097E-009  eV
 LDAU_PSP6   =           -1  2.721138638331097E-009  2.721138638331097E-009  eV
 LDAU_PSP7   =           -1  2.721138638331097E-009  2.721138638331097E-009  eV
 LDAU_PSP8   =           -1  2.721138638331097E-009  2.721138638331097E-009  eV
 NUM_BLOCKED_PSI=  F
 WF_STORE2DISK  =            0
 NUM_DOS_GRID =         4000
 NMAP_MAX =        50000
 KERK_AMIN =   0.300000000000000     
 KERK_AMIX =   0.400000000000000     
 KERK_AMIX_MAG =   0.800000000000000     
 KERK_BMIX =   0.500000000000000     
 LDAU_MIX =   0.700000000000000     
 PULAY_WEIGHT_SPIN =    1.00000000000000     
 PULAY_WEIGHT_NS =    1.00000000000000     
 OUT.MLMD    =  F
 NUM_MPI_PER_GPU =     1
 FLAG_CYLINDER =            0
 SET_OUT_FERMI_POS =  F           0
 E_FINITE =  F   0.00000E+00   0.00000E+00   0.00000E+00
 MLINE_EIGEN =      1
 
 ------------------------------------------------
 total number of K-point:           1
   0.00000     0.00000    0.00000     1.00000            
 ------------------------------------------------
 
 
 *********************************************
 *********** end of etot.input report ********
 minimum n1,n2,n3 from Ecut2
     118.970      119.148      119.089
 minimum n1L,n2L,n3L from Ecut2L
     118.970      119.148      119.089
 *********************************************
 
 
Weighted average num_of_PW for all kpoint=                       312673.000
 ************************************
 E_Hxc(eV)         50428.0051167086     
 E_ion(eV)        -221476.019577770     
 E_Coul(eV)        78702.0370773821     
 E_Hxc+E_ion(eV)  -171048.014461061     
 NONSCF     1          AVE_STATE_ERROR= 0.5919E+01
 NONSCF     2          AVE_STATE_ERROR= 0.1630E+01
 NONSCF     3          AVE_STATE_ERROR= 0.5044E+00
 NONSCF     4          AVE_STATE_ERROR= 0.9333E-01
 NONSCF     5          AVE_STATE_ERROR= 0.1560E-01
 NONSCF     6          AVE_STATE_ERROR= 0.3069E-02
 iter=   7   ave_lin=  4.0  iCGmth=   3
 Ef(eV)               = -.1548433E+01
 err of ug            = 0.1200E-02
 dv_ave, drho_tot     = 0.0000E+00 0.1237E+00
 E_tot(eV)            = -.13305680794698E+06    -.1331E+06
 -------------------------------------------
 iter=   8   ave_lin=  4.0  iCGmth=   3
 Ef(eV)               = -.1547552E+01
 err of ug            = 0.1077E-01
 dv_ave, drho_tot     = 0.1738E-01 0.7148E-01
 E_tot(eV)            = -.13294829579248E+06    0.1085E+03
 -------------------------------------------
 iter=   9   ave_lin=  4.0  iCGmth=   3
 Ef(eV)               = -.9956677E+00
 err of ug            = 0.6765E-02
 dv_ave, drho_tot     = 0.1398E-01 0.3043E-01
 E_tot(eV)            = -.13291442073897E+06    0.3388E+02
 -------------------------------------------
 iter=  10   ave_lin=  4.0  iCGmth=   3
 Ef(eV)               = -.9191997E+00
 err of ug            = 0.2091E-02
 dv_ave, drho_tot     = 0.6934E-02 0.1079E-01
 E_tot(eV)            = -.13290903436722E+06    0.5386E+01
 -------------------------------------------
 iter=  11   ave_lin=  4.0  iCGmth=   3
 Ef(eV)               = -.8978640E+00
 err of ug            = 0.5550E-03
 dv_ave, drho_tot     = 0.3119E-02 0.6024E-02
 E_tot(eV)            = -.13290834586196E+06    0.6885E+00
 -------------------------------------------
 iter=  12   ave_lin=  4.0  iCGmth=   3
 Ef(eV)               = -.8869630E+00
 err of ug            = 0.3073E-03
 dv_ave, drho_tot     = 0.3561E-02 0.3709E-02
 E_tot(eV)            = -.13290782034506E+06    0.5255E+00
 -------------------------------------------
 iter=  13   ave_lin=  4.0  iCGmth=   3
 Ef(eV)               = 0.9701935E+00
 err of ug            = 0.3555E-03
 dv_ave, drho_tot     = 0.4143E-02 0.2874E-02
 E_tot(eV)            = -.13290730628663E+06    0.5141E+00
 -------------------------------------------
 iter=  14   ave_lin=  4.0  iCGmth=   3
 Ef(eV)               = 0.8723561E+00
 err of ug            = 0.3294E-03
 dv_ave, drho_tot     = 0.5604E-02 0.2283E-02
 E_tot(eV)            = -.13290684336281E+06    0.4629E+00
 -------------------------------------------
 iter=  15   ave_lin=  4.0  iCGmth=   3
 Ef(eV)               = 0.1082001E+01
 err of ug            = 0.3582E-03
 dv_ave, drho_tot     = 0.6552E-02 0.1824E-02
 E_tot(eV)            = -.13290650500062E+06    0.3384E+00
 -------------------------------------------
 iter=  16   ave_lin=  4.0  iCGmth=   3
 Ef(eV)               = 0.1174764E+01
 err of ug            = 0.2653E-03
 dv_ave, drho_tot     = 0.4393E-02 0.1386E-02
 E_tot(eV)            = -.13290642380961E+06    0.8119E-01
 -------------------------------------------
 iter=  17   ave_lin=  4.0  iCGmth=   3
 Ef(eV)               = 0.1401975E+01
 err of ug            = 0.2006E-03
 dv_ave, drho_tot     = 0.3714E-02 0.1077E-02
 E_tot(eV)            = -.13290639594534E+06    0.2786E-01
 -------------------------------------------
 iter=  18   ave_lin=  4.0  iCGmth=   3
 Ef(eV)               = 0.1536955E+01
 err of ug            = 0.1301E-03
 dv_ave, drho_tot     = 0.2911E-02 0.7987E-03
 E_tot(eV)            = -.13290638075464E+06    0.1519E-01
 -------------------------------------------
 iter=  19   ave_lin=  4.0  iCGmth=   3
 Ef(eV)               = 0.1644673E+01
 err of ug            = 0.1094E-03
 dv_ave, drho_tot     = 0.2505E-02 0.6092E-03
 E_tot(eV)            = -.13290636376553E+06    0.1699E-01
 -------------------------------------------
 iter=  20   ave_lin=  4.0  iCGmth=   3
 Ef(eV)               = 0.1722717E+01
 err of ug            = 0.9615E-04
 dv_ave, drho_tot     = 0.2347E-02 0.4590E-03
 E_tot(eV)            = -.13290635071482E+06    0.1305E-01
 -------------------------------------------
 iter=  21   ave_lin=  4.0  iCGmth=   3
 Ef(eV)               = 0.1737810E+01
 err of ug            = 0.6509E-04
 dv_ave, drho_tot     = 0.1042E-02 0.3801E-03
 E_tot(eV)            = -.13290634316339E+06    0.7551E-02
 -------------------------------------------
 iter=  22   ave_lin=  4.0  iCGmth=   3
 Ef(eV)               = 0.1708637E+01
 err of ug            = 0.6470E-04
 dv_ave, drho_tot     = 0.1085E-02 0.3090E-03
 E_tot(eV)            = -.13290633653194E+06    0.6631E-02
 -------------------------------------------
 iter=  23   ave_lin=  4.0  iCGmth=   3
 Ef(eV)               = 0.1677948E+01
 err of ug            = 0.5321E-04
 dv_ave, drho_tot     = 0.8799E-03 0.2487E-03
 E_tot(eV)            = -.13290633300471E+06    0.3527E-02
 -------------------------------------------
 E_Fermi(eV)=   1.67794805826145     
 ---------------------------------------------------
 Ef(eV)               = 0.1677948E+01
 dvE, dvE(n)-dvE(n-1) = 0.7743E-06 -.4034E-06
 dv_ave, drho_tot     = 0.8799E-03 0.2487E-03
 err of ug            = 0.5321E-04
 ---------------------------------------------------
 ending_scf_reason = tol Etot_err  5.279008887880000E-003
 Ewald        = -.41492734956977E+05
 Alpha        = 0.15207970391171E+04
 E_extV       = 0.00000000000000E+00    0.0000E+00
 E_NSC        = -.21426777775260E+05    0.6720E+00
 E[-rho*V_Hxc]= -.12316241485539E+06    -.6685E+00
 E_Hxc        = 0.51654797543800E+05    0.6900E+00
 -TS          = -.79972128364521E-14    0.3027E-13
 E_tot(eV)    = -.13290633300471E+06    0.3527E-02
 E_tot(Ryd)   = -.97684353826760E+04    0.1296E-03
 ---------------------------------------------------
 ---------------------------------------------------
 occup for:      kpt=1,spin=1,m=(totN/2-2,totN/2+2)
   1.000    1.000    1.000    0.000    0.000
 eigen(eV) for:  kpt=1,spin=1,m=(totN/2-2,totN/2+2)
  -1.929   -1.903   -1.827    2.503    2.738
 ---------------------------------------------------
 ---------------------------------------------------
 E_Hart,E_xc,E_ion =0.80455611852030E+05  -.28800814308231E+05  -.22398131390776E+06
 E_Hxc+E_ion       =-.17232651636396E+06
 E_kin+E_nonloc    =0.79392121277113E+05
 E_rhoVext,E_IVext     =0.00000000000000E+00  0.00000000000000E+00
 E_psiV,E_dDrho =-.10081916424762E+06  0.00000000000000E+00
 ave(vtot):v0 =-.76926017146638E+01
 ave(V_ion_s(or p,d))=ave(V_Hatree)=0; ave(Vtot)=ave(V_xc)=v0
 ---------------------------------------------------
 *********************************
 Eigen energies are values after setting ave(Vtot)=0
 For Vtot=V_ion+V_Hartree+V_xc, and
 ave(V_ion+V_Hatree)=0, ave(V_xc).ne.0:  E=E+v0
 *********************************
iislda,kpt=   1,    1      0.000000     0.000000     0.000000             kpoint in xyz unit 
 err of each states, A.U
  0.209678E-03     0.351629E-04     0.273488E-04     0.407267E-04     0.209445E-04
  0.104493E-03     0.761926E-04     0.287078E-04     0.214257E-04     0.307595E-04
  0.186746E-04     0.179629E-04     0.696861E-04     0.157088E-04     0.157009E-04
  0.348001E-04     0.251593E-04     0.136007E-04     0.230289E-04     0.150333E-04
  0.271458E-04     0.299750E-04     0.183579E-04     0.353228E-04     0.159420E-04
  0.410833E-04     0.196708E-04     0.165305E-04     0.159734E-04     0.519044E-04
  0.303251E-04     0.135779E-04     0.182006E-04     0.156310E-04     0.168005E-04
  0.193116E-04     0.145328E-04     0.129774E-04     0.141316E-04     0.251347E-04
  0.182970E-04     0.153732E-04     0.136652E-03     0.164980E-04     0.156499E-04
  0.249830E-04     0.189013E-04     0.153035E-04     0.181544E-04     0.345175E-04
  0.263801E-04     0.165802E-04     0.258776E-04     0.214194E-04     0.210352E-04
  0.402936E-04     0.159295E-04     0.124281E-04     0.233699E-04     0.284434E-04
  0.167078E-04     0.137740E-04     0.179040E-04     0.390418E-04     0.234581E-04
  0.130841E-04     0.242839E-04     0.282866E-04     0.200201E-04     0.158914E-04
  0.465755E-04     0.284067E-04     0.189597E-04     0.156195E-04     0.228376E-04
  0.208017E-04     0.484265E-04     0.144592E-04     0.144961E-04     0.309432E-04
  0.146422E-04     0.119352E-04     0.113072E-04     0.130750E-04     0.132627E-04
  0.698515E-04     0.301193E-04     0.134347E-04     0.251325E-04     0.215367E-04
  0.156109E-04     0.114816E-04     0.139667E-04     0.114564E-04     0.201426E-04
  0.189135E-04     0.171660E-04     0.147008E-04     0.137243E-04     0.128498E-04
  0.235127E-04     0.323112E-04     0.132539E-04     0.731148E-04     0.200015E-04
  0.130666E-04     0.143770E-04     0.169799E-04     0.129648E-04     0.516327E-04
  0.158166E-04     0.255853E-04     0.125125E-04     0.163035E-04     0.157931E-04
  0.633659E-04     0.141549E-04     0.151181E-04     0.116895E-04     0.129983E-04
  0.167322E-04     0.317295E-04     0.252655E-04     0.154566E-04     0.423050E-04
  0.144193E-04     0.151811E-04     0.148922E-04     0.172612E-04     0.132549E-04
  0.375673E-04     0.181920E-04     0.153639E-04     0.129187E-04     0.119132E-04
  0.201915E-04     0.197465E-04     0.768498E-04     0.475603E-04     0.274564E-04
  0.265546E-04     0.146765E-04     0.176534E-04     0.339378E-04     0.262847E-04
  0.281140E-04     0.177103E-04     0.135399E-04     0.296370E-04     0.224329E-04
  0.128118E-04     0.121268E-04     0.166476E-04     0.284962E-04     0.931012E-04
  0.170598E-04     0.141035E-04     0.529265E-04     0.176822E-04     0.115290E-04
  0.106801E-04     0.252316E-04     0.280174E-04     0.126256E-04     0.224384E-04
  0.235728E-04     0.117824E-04     0.176447E-04     0.172792E-04     0.254432E-04
  0.314881E-04     0.171304E-04     0.411574E-04     0.129626E-04     0.143319E-04
  0.151244E-04     0.155115E-04     0.350942E-04     0.365680E-04     0.986133E-05
  0.136399E-04     0.122769E-04     0.124472E-04     0.135772E-04     0.221568E-04
  0.959036E-05     0.153193E-04     0.180844E-04     0.111275E-04     0.101210E-04
  0.121350E-04     0.197760E-04     0.287618E-04     0.104233E-04     0.225123E-04
  0.191856E-04     0.138211E-04     0.146515E-04     0.197821E-04     0.120857E-04
  0.193817E-04     0.126884E-04     0.113199E-04     0.192329E-04     0.215611E-04
  0.108714E-04     0.150511E-04     0.352782E-04     0.139255E-04     0.239245E-04
  0.144911E-04     0.278391E-04     0.194292E-04     0.139484E-04     0.130524E-04
  0.177585E-04     0.218858E-04     0.243754E-04     0.144344E-04     0.145095E-04
  0.224025E-04     0.173749E-04     0.129869E-04     0.180356E-04     0.169393E-04
  0.199280E-04     0.223605E-04     0.200894E-04     0.127437E-04     0.118577E-04
  0.110730E-04     0.199967E-04     0.138470E-04     0.200032E-04     0.122467E-04
  0.126500E-04     0.138829E-04     0.147661E-04     0.166997E-04     0.208404E-04
  0.138234E-04     0.122282E-04     0.200583E-04     0.118851E-04     0.198522E-04
  0.215606E-04     0.182231E-04     0.139481E-04     0.171929E-04     0.168771E-04
  0.154078E-04     0.155839E-04     0.138490E-04     0.226884E-04     0.136106E-04
  0.131323E-04     0.150814E-04     0.210948E-04     0.137197E-04     0.161935E-04
  0.170318E-04     0.215646E-04     0.122814E-04     0.142411E-04     0.169805E-04
  0.199543E-04     0.292317E-04     0.154305E-04     0.168468E-04     0.252920E-04
  0.162923E-04     0.243087E-04     0.163429E-04     0.164789E-04     0.155119E-04
  0.166201E-04     0.205799E-04     0.167984E-04     0.260046E-04     0.341443E-04
  0.228345E-04     0.230431E-04     0.218903E-04     0.237511E-04     0.219358E-04
  0.280685E-04     0.173843E-04     0.181701E-04     0.208771E-04     0.153384E-04
  0.195051E-04     0.343154E-04     0.168649E-04     0.200540E-04     0.159630E-04
  0.226029E-04     0.234213E-04     0.143793E-04     0.215000E-04     0.240484E-04
  0.233919E-04     0.199388E-04     0.137125E-04     0.148134E-04     0.163448E-04
  0.189921E-04     0.238265E-04     0.236644E-04     0.295243E-04     0.251770E-04
  0.207669E-04     0.429397E-04     0.214032E-04     0.201095E-04     0.170712E-04
  0.191795E-04     0.305125E-04     0.299950E-04     0.230183E-04     0.212381E-04
  0.209692E-04     0.244897E-04     0.267751E-04     0.193172E-04     0.277656E-04
  0.260377E-04     0.403046E-04     0.225342E-04     0.264574E-04     0.234940E-04
  0.243678E-04     0.199404E-04     0.216720E-04     0.216415E-04     0.275212E-04
  0.268465E-04     0.265715E-04     0.311799E-04     0.158228E-04     0.196275E-04
  0.221473E-04     0.203246E-04     0.279672E-04     0.223558E-04     0.289391E-04
  0.259301E-04     0.210652E-04     0.234803E-04     0.270442E-04     0.245818E-04
  0.228071E-04     0.309213E-04     0.211494E-04     0.221857E-04     0.243929E-04
  0.245445E-04     0.193071E-04     0.213631E-04     0.218444E-04     0.257156E-04
  0.146607E-04     0.273810E-04     0.233698E-04     0.265757E-04     0.265993E-04
  0.247752E-04     0.172994E-04     0.234938E-04     0.153617E-04     0.165749E-04
  0.286350E-04     0.279662E-04     0.270703E-04     0.223537E-04     0.288182E-04
  0.241295E-04     0.270270E-04     0.164077E-04     0.205158E-04     0.215965E-04
  0.234102E-04     0.270780E-04     0.181503E-04     0.171423E-04     0.204805E-04
  0.199227E-04     0.352388E-04     0.373755E-04     0.232806E-04     0.292430E-04
  0.215248E-04     0.254654E-04     0.289910E-04     0.295676E-04     0.304475E-04
  0.203397E-04     0.206722E-04     0.221044E-04     0.306183E-04     0.167301E-04
  0.366050E-04     0.240733E-04     0.291468E-04     0.254203E-04     0.247711E-04
  0.257148E-04     0.246247E-04     0.247308E-04     0.378019E-04     0.253665E-04
  0.266209E-04     0.362584E-04     0.345186E-04     0.303686E-04     0.268543E-04
  0.301540E-04     0.185998E-04     0.325178E-04     0.309332E-04     0.255878E-04
  0.277537E-04     0.285094E-04     0.316713E-04     0.278008E-04     0.247733E-04
  0.376147E-04     0.300960E-04     0.291596E-04     0.429637E-04     0.341899E-04
  0.259829E-04     0.267514E-04     0.325625E-04     0.260427E-04     0.395605E-04
  0.360465E-04     0.238956E-04     0.295762E-04     0.274394E-04     0.206142E-04
  0.277018E-04     0.393720E-04     0.301614E-04     0.290207E-04     0.363659E-04
  0.284248E-04     0.334078E-04     0.181758E-04     0.390859E-04     0.318245E-04
  0.323868E-04     0.447001E-04     0.245944E-04     0.238332E-04     0.236163E-04
  0.303947E-04     0.283685E-04     0.268148E-04     0.277383E-04     0.193690E-04
  0.247013E-04     0.196809E-04     0.233670E-04     0.374780E-04     0.319326E-04
  0.328328E-04     0.402845E-04     0.367308E-04     0.209984E-04     0.248477E-04
  0.225928E-04     0.231244E-04     0.154658E-04     0.190748E-04     0.305747E-04
  0.250603E-04     0.209441E-04     0.205931E-04     0.297130E-04     0.280850E-04
  0.428329E-04     0.247150E-04     0.423685E-04     0.324009E-04     0.224513E-04
  0.313673E-04     0.266449E-04     0.221056E-04     0.190927E-04     0.245703E-04
  0.168744E-04     0.182908E-04     0.181133E-04     0.202390E-04     0.133676E-04
  0.183901E-04     0.164383E-04     0.178843E-04     0.222474E-04     0.208536E-04
  0.214208E-04     0.206802E-04     0.175890E-04     0.217146E-04     0.199309E-04
  0.215678E-04     0.181120E-04     0.187462E-04     0.220183E-04     0.197261E-04
  0.204208E-04     0.185508E-04     0.232124E-04     0.241420E-04     0.221464E-04
  0.292915E-04     0.186931E-04     0.302417E-04     0.301337E-04     0.190917E-04
  0.265588E-04     0.228387E-04     0.185046E-04     0.246910E-04     0.262921E-04
  0.203873E-04     0.328164E-04     0.296722E-04     0.235345E-04     0.259433E-04
  0.298609E-04     0.331958E-04     0.307220E-04     0.189239E-04     0.140669E-04
  0.277859E-04     0.184031E-04     0.225195E-04     0.166293E-04     0.237210E-04
  0.226278E-04     0.276549E-04     0.226616E-04     0.180701E-04     0.260171E-04
  0.232804E-04     0.223397E-04     0.232411E-04     0.225868E-04     0.228982E-04
  0.247714E-04     0.250023E-04     0.283884E-04     0.222192E-04     0.198807E-04
  0.202629E-04     0.189448E-04     0.209310E-04     0.171944E-04     0.239856E-04
  0.261467E-04     0.302828E-04     0.206076E-04     0.240733E-04     0.244764E-04
  0.177558E-04     0.214339E-04     0.157912E-04     0.236848E-04     0.248609E-04
  0.239764E-04     0.269138E-04     0.199042E-04     0.215817E-04     0.184995E-04
  0.220736E-04     0.235235E-04     0.251299E-04     0.282593E-04     0.212563E-04
  0.239627E-04     0.301525E-04     0.250307E-04     0.205527E-04     0.237579E-04
  0.216874E-04     0.174201E-04     0.149813E-04     0.233785E-04     0.194568E-04
  0.242088E-04     0.238229E-04     0.196213E-04     0.263935E-04     0.218888E-04
  0.231261E-04     0.259361E-04     0.224143E-04     0.224464E-04     0.217472E-04
  0.202116E-04     0.212044E-04     0.218284E-04     0.223684E-04     0.208423E-04
  0.230305E-04     0.216933E-04     0.210024E-04     0.225055E-04     0.209265E-04
  0.221576E-04     0.187465E-04     0.232685E-04     0.208333E-04     0.298848E-04
  0.244228E-04     0.223219E-04     0.173582E-04     0.226380E-04     0.253543E-04
  0.244227E-04     0.208273E-04     0.311696E-04     0.272241E-04     0.245783E-04
  0.272169E-04     0.202407E-04     0.296901E-04     0.188859E-04     0.236108E-04
  0.263663E-04     0.199253E-04     0.193378E-04     0.215699E-04     0.194376E-04
  0.262587E-04     0.204458E-04     0.254079E-04     0.202373E-04     0.221748E-04
  0.195239E-04     0.226287E-04     0.226610E-04     0.229205E-04     0.234949E-04
  0.266109E-04     0.269064E-04     0.245831E-04     0.262486E-04     0.228883E-04
  0.258183E-04     0.198030E-04     0.224929E-04     0.210400E-04     0.229547E-04
  0.251052E-04     0.230685E-04     0.234090E-04     0.231003E-04     0.235094E-04
  0.224506E-04     0.242582E-04     0.189386E-04     0.238189E-04     0.262728E-04
  0.231450E-04     0.232949E-04     0.249323E-04     0.295493E-04     0.257312E-04
  0.273439E-04     0.232902E-04     0.214451E-04     0.277377E-04     0.255293E-04
  0.239640E-04     0.260901E-04     0.284008E-04     0.268623E-04     0.261329E-04
  0.218713E-04     0.309693E-04     0.272389E-04     0.260761E-04     0.321980E-04
  0.299715E-04     0.274653E-04     0.281765E-04     0.296826E-04     0.299756E-04
  0.252175E-04     0.275472E-04     0.254261E-04     0.220066E-04     0.270120E-04
  0.286436E-04     0.239702E-04     0.289625E-04     0.270896E-04     0.274835E-04
  0.267288E-04     0.289287E-04     0.243287E-04     0.260616E-04     0.285455E-04
  0.305573E-04     0.251628E-04     0.225003E-04     0.249690E-04     0.265218E-04
  0.292323E-04     0.274951E-04     0.314037E-04     0.317957E-04     0.278987E-04
  0.278352E-04     0.284389E-04     0.301937E-04     0.341588E-04     0.312277E-04
  0.330222E-04     0.298260E-04     0.278493E-04     0.306183E-04     0.305329E-04
  0.331704E-04     0.348568E-04     0.297848E-04     0.316350E-04     0.358541E-04
  0.275919E-04     0.296138E-04     0.331553E-04     0.319418E-04     0.354664E-04
  0.288298E-04     0.295888E-04     0.278362E-04     0.383898E-04     0.303630E-04
  0.339800E-04     0.275898E-04     0.313849E-04     0.319118E-04     0.286311E-04
  0.236206E-04     0.277908E-04     0.298447E-04     0.329326E-04     0.264104E-04
  0.383842E-04     0.376922E-04     0.263556E-04     0.284517E-04     0.266314E-04
  0.295670E-04     0.316542E-04     0.296841E-04     0.304440E-04     0.294649E-04
  0.303795E-04     0.324602E-04     0.429737E-04     0.414999E-04     0.274966E-04
  0.281499E-04     0.327829E-04     0.299681E-04     0.329123E-04     0.286963E-04
  0.262229E-04     0.311957E-04     0.328680E-04     0.251741E-04     0.347962E-04
  0.311994E-04     0.357749E-04     0.329373E-04     0.398702E-04     0.347541E-04
  0.336779E-04     0.342925E-04     0.329197E-04     0.349487E-04     0.315089E-04
  0.336050E-04     0.314545E-04     0.314976E-04     0.300286E-04     0.327821E-04
  0.304580E-04     0.261440E-04     0.336109E-04     0.342750E-04     0.310150E-04
  0.319877E-04     0.354319E-04     0.347007E-04     0.253420E-04     0.236380E-04
  0.229956E-04     0.280198E-04     0.258676E-04     0.345166E-04     0.343072E-04
  0.304176E-04     0.301236E-04     0.312400E-04     0.257448E-04     0.216164E-04
  0.293789E-04     0.272509E-04     0.323444E-04     0.282530E-04     0.412840E-04
  0.379641E-04     0.342821E-04     0.281580E-04     0.251617E-04     0.283103E-04
  0.248342E-04     0.298855E-04     0.327769E-04     0.414435E-04     0.270246E-04
  0.320719E-04     0.315323E-04     0.302858E-04     0.390388E-04     0.407729E-04
  0.402336E-04     0.322048E-04     0.324276E-04     0.390812E-04     0.430990E-04
  0.365042E-04     0.392043E-04     0.452614E-04     0.364112E-04     0.286991E-04
  0.289213E-04     0.213941E-04     0.513833E-04     0.295479E-04     0.298140E-04
  0.266335E-04     0.287308E-04     0.379952E-04     0.338449E-04     0.279969E-04
  0.258377E-04     0.261854E-04     0.263044E-04     0.295886E-04     0.311031E-04
  0.236731E-04     0.378354E-04     0.274978E-04     0.296606E-04     0.257024E-04
  0.271416E-04     0.249470E-04     0.244378E-04     0.296710E-04     0.478471E-04
  0.343667E-04     0.387139E-04     0.460940E-04     0.266063E-04     0.401993E-04
  0.501460E-04     0.392005E-04     0.434277E-04     0.437490E-04     0.372727E-04
  0.342377E-04     0.446449E-04     0.291034E-04     0.575788E-04     0.374308E-04
  0.430197E-04     0.303579E-04     0.514447E-04     0.569966E-04     0.416709E-04
  0.436323E-04     0.442063E-04     0.443576E-04     0.565100E-04     0.533300E-04
  0.331319E-04     0.384106E-04     0.346442E-04     0.312226E-04     0.349894E-04
  0.537883E-04     0.223489E-04     0.335738E-04     0.366769E-04     0.350059E-04
  0.604651E-04     0.382281E-04     0.334886E-04     0.503137E-04     0.373903E-04
  0.433221E-04     0.473049E-04     0.304905E-04     0.428822E-04     0.435770E-04
  0.395195E-04     0.580564E-04     0.250200E-04     0.338413E-04     0.492803E-04
  0.477225E-04     0.280206E-04     0.251613E-04     0.407028E-04     0.403506E-04
  0.343804E-04     0.521067E-04     0.444046E-04     0.242018E-04     0.297747E-04
  0.471555E-04     0.358638E-04     0.656887E-04     0.397107E-04     0.282305E-04
  0.423489E-04     0.775933E-04     0.390516E-04     0.274232E-04     0.254366E-04
  0.259556E-04     0.463523E-04     0.482233E-04     0.408887E-04     0.438408E-04
  0.383818E-04     0.274381E-04     0.296417E-04     0.269540E-04     0.423458E-04
  0.359737E-04     0.267352E-04     0.284257E-04     0.306422E-04     0.301962E-04
  0.314065E-04     0.232084E-04     0.531593E-04     0.295398E-04     0.342036E-04
  0.365970E-04     0.450721E-04     0.469593E-04     0.325720E-04     0.427537E-04
  0.338372E-04     0.474419E-04     0.329673E-04     0.325745E-04     0.410693E-04
  0.173239E-04     0.342554E-04     0.277609E-04     0.422311E-04     0.262858E-04
  0.687977E-04     0.942375E-04     0.216010E-03     0.129090E-03     0.178028E-03
  0.118937E-03     0.149147E-03     0.190930E-03     0.194689E-03     0.294039E-03
  0.355446E-03     0.393453E-03     0.265217E-03     0.277293E-03     0.524276E-03
  0.663528E-03     0.569423E-03     0.751472E-03     0.762135E-03     0.807414E-03
  0.125176E-02     0.983135E-03     0.801023E-03     0.114529E-02     0.144629E-02
  0.112835E-02     0.138340E-02     0.772292E-03     0.126715E-02     0.206605E-02
  0.143946E-02     0.155973E-02     0.328176E-02     0.278224E-02     0.191763E-02
  0.195299E-02     0.211873E-02     0.190019E-02     0.250960E-02     0.315578E-02
  0.329956E-02     0.466063E-02     0.414599E-02     0.408967E-02     0.373995E-02
  0.396980E-02     0.322258E-02     0.443023E-02     0.849517E-02     0.528664E-02
  0.822577E-02     0.693638E-02     0.690973E-02     0.843077E-02     0.464642E-02
  0.964945E-02     0.137788E-01     0.164426E-01
 eigen energies, in eV 
    -44.557714       -44.499329       -44.386943       -44.120581       -43.960284
    -28.653534       -28.559280       -28.483178       -28.454852       -28.356033
    -28.345717       -28.329673       -28.272935       -28.262397       -28.151553
    -28.123790       -28.112165       -28.105600       -28.053854       -28.028138
    -28.025854       -27.980522       -27.976671       -27.955794       -27.931995
    -27.909877       -27.867517       -27.855094       -27.817322       -27.794634
    -27.774643       -27.770317       -27.756946       -27.747480       -27.741858
    -27.721975       -27.720710       -27.707243       -27.690690       -27.500652
    -27.494477       -27.436062       -27.435448       -27.419871       -27.419663
    -27.382609       -27.380556       -27.360498       -27.335161       -27.303406
    -27.288599       -27.263550       -27.260902       -27.233590       -27.231545
    -27.226361       -27.218781       -27.209882       -27.208505       -27.195617
    -27.184083       -27.157833       -27.093160       -27.057020       -27.024999
    -26.994232       -26.955318       -26.944680       -26.829656       -26.790160
    -26.756367       -26.712082       -26.674241       -26.597667       -26.596907
    -26.567687       -26.518424       -26.483426       -26.440754       -26.420492
    -26.391255       -26.387315       -26.336413       -26.311641       -26.250087
    -26.246482       -26.229987       -26.207678       -26.195619       -26.168478
    -26.162871       -26.065378       -26.062628       -26.058570       -26.019133
    -25.998010       -25.988705       -25.958148       -25.945182       -25.944249
    -25.942202       -25.924375       -25.915901       -25.881920       -25.878585
    -25.872164       -25.861199       -25.855656       -25.834851       -25.818478
    -25.810829       -25.803988       -25.770358       -25.746130       -25.744655
    -25.735147       -25.711828       -25.710078       -25.672527       -25.669628
    -25.657123       -25.622111       -25.608474       -25.510052       -25.465822
    -25.460527       -25.454497       -25.402696       -25.396981       -25.369063
    -25.364726       -25.281427       -25.134091       -25.033041       -25.006899
    -24.115520       -23.999121       -23.910660       -23.670743       -23.611940
    -23.604852       -23.471868       -23.397428       -23.318879       -23.314996
    -23.300353       -23.295786       -23.285866       -23.228869       -23.207881
    -23.172926       -23.144249       -23.133625       -23.088453       -23.039958
    -23.034937       -23.001345       -22.970396       -22.921849       -22.886028
    -22.845759       -22.842226       -22.778266       -22.746150       -22.702331
    -22.599561       -22.378332       -22.346164       -22.260309       -21.956098
    -21.934530       -21.604165       -21.470399       -21.387215       -21.351326
    -21.348082       -21.327736       -21.288612       -21.144818       -21.095407
    -21.065274       -21.038879       -21.030751       -21.025366       -20.902005
    -20.865760       -20.861721       -20.748823       -20.745762       -20.610976
    -18.498085       -18.391144       -18.156994       -18.111433       -18.078041
    -16.542364       -16.199837       -16.096561       -16.037803       -16.026499
    -16.006315       -15.947156       -15.909192       -15.827821       -15.801452
    -15.721251       -15.588044       -15.567931       -15.513440       -15.467173
    -15.440037       -15.363649       -15.083478       -15.065330       -15.008852
    -15.007733       -14.901245       -14.876817       -14.839389       -14.820995
    -14.773835       -14.741352       -14.618960       -14.605118       -14.554059
    -14.493466       -14.481859       -14.466890       -14.446992       -14.429128
    -14.421050       -14.338091       -14.307936       -14.291701       -14.231792
    -14.024960       -13.796198       -13.784407       -13.772034       -13.716998
    -13.606856       -13.578519       -13.546126       -13.487217       -13.468136
    -13.458662       -13.453830       -13.444654       -13.437162       -13.406563
    -13.400629       -13.393737       -13.368842       -13.361432       -13.329363
    -13.303135       -13.274421       -13.267494       -13.247072       -13.213771
    -13.179418       -13.177392       -13.173114       -12.959458       -12.838609
    -12.330276       -12.250105       -12.219162       -12.218899       -12.129314
    -12.021632       -11.949093       -11.931526       -11.928486       -11.921452
    -11.902357       -11.861451       -11.829401       -11.827261       -11.813778
    -11.674375       -11.667115       -11.655451       -11.650221       -11.599875
    -11.582063       -11.573439       -11.564244       -11.505347       -11.462754
    -11.454277       -11.441931       -11.410883       -11.404649       -11.397317
    -11.378990       -11.363274       -11.337264       -11.266912       -11.260993
    -11.254018       -11.105364       -10.954373       -10.885410       -10.851457
    -10.830725       -10.818772       -10.798505       -10.763884       -10.751900
    -10.736821       -10.708378       -10.672386       -10.621113       -10.595297
    -10.575263       -10.534437       -10.521289       -10.508486       -10.494130
    -10.482566       -10.475429       -10.432516       -10.426429       -10.419740
    -10.398255       -10.383256       -10.378132       -10.358690       -10.344594
    -10.328222       -10.319156       -10.311794       -10.309393       -10.281737
    -10.269129       -10.252233       -10.247158       -10.217871       -10.213896
    -10.203049       -10.178038       -10.164756       -10.141833       -10.129291
    -10.087649       -10.081702       -10.060825       -10.049799       -10.040965
    -10.035991       -10.027951       -10.016367       -10.014454        -9.999028
     -9.978940        -9.973863        -9.965033        -9.960649        -9.959686
     -9.948867        -9.936966        -9.932357        -9.904398        -9.886160
     -9.883028        -9.875101        -9.862440        -9.848459        -9.829061
     -9.822048        -9.787323        -9.771154        -9.758334        -9.754568
     -9.750900        -9.749130        -9.728117        -9.721339        -9.715000
     -9.708671        -9.667476        -9.658966        -9.655928        -9.653272
     -9.615704        -9.602644        -9.581627        -9.573084        -9.560790
     -9.549289        -9.541740        -9.532682        -9.530436        -9.514556
     -9.508726        -9.505469        -9.485415        -9.465646        -9.445395
     -9.426730        -9.379489        -9.368525        -9.354688        -9.346063
     -9.340649        -9.333529        -9.331808        -9.287706        -9.270245
     -9.264624        -9.260537        -9.247183        -9.240111        -9.221202
     -9.184927        -9.169694        -9.142256        -9.125593        -9.121177
     -9.107078        -9.099985        -9.089647        -9.082050        -9.075975
     -9.068668        -9.059488        -9.058706        -9.045896        -9.034747
     -8.991673        -8.987106        -8.971451        -8.963542        -8.949102
     -8.925196        -8.919257        -8.907020        -8.894903        -8.878762
     -8.875152        -8.844048        -8.840008        -8.834136        -8.819632
     -8.803454        -8.782770        -8.775981        -8.770234        -8.750656
     -8.735731        -8.730711        -8.717724        -8.697448        -8.679188
     -8.671391        -8.644135        -8.640388        -8.626386        -8.622910
     -8.602454        -8.595057        -8.577710        -8.551257        -8.509631
     -8.487385        -8.476926        -8.471039        -8.442581        -8.416898
     -8.388009        -8.377155        -8.355338        -8.319773        -8.299032
     -8.290089        -8.288424        -8.266953        -8.256410        -8.252068
     -8.244603        -8.231085        -8.173717        -8.166739        -8.121296
     -8.108089        -8.054577        -8.027499        -8.016615        -7.985843
     -7.968745        -7.962878        -7.923136        -7.886517        -7.852361
     -7.839812        -7.819722        -7.792051        -7.769792        -7.761805
     -7.754489        -7.744006        -7.734894        -7.719961        -7.699884
     -7.665256        -7.663010        -7.644923        -7.597542        -7.577190
     -7.573480        -7.473527        -7.461312        -7.436762        -7.424271
     -7.408022        -7.386837        -7.378205        -7.359495        -7.334044
     -7.310069        -7.269122        -7.258472        -7.243192        -7.217815
     -7.204241        -7.198468        -7.196821        -7.182724        -7.175522
     -7.167601        -7.147213        -7.145802        -7.122577        -7.093057
     -7.080459        -7.061624        -7.033030        -7.014363        -7.005739
     -7.002239        -6.994374        -6.969326        -6.966877        -6.894879
     -6.877571        -6.855267        -6.847542        -6.842054        -6.828042
     -6.824797        -6.813694        -6.787598        -6.778863        -6.743903
     -6.737859        -6.732551        -6.717146        -6.698117        -6.691317
     -6.685428        -6.673839        -6.660431        -6.647762        -6.638228
     -6.630071        -6.619166        -6.588958        -6.575464        -6.568637
     -6.564450        -6.544575        -6.535459        -6.499201        -6.495937
     -6.493656        -6.485543        -6.479120        -6.464605        -6.462720
     -6.438782        -6.431387        -6.424830        -6.415331        -6.407199
     -6.401151        -6.389715        -6.367247        -6.351790        -6.343976
     -6.337769        -6.333505        -6.321346        -6.310074        -6.302043
     -6.299012        -6.291549        -6.286621        -6.271179        -6.247406
     -6.235342        -6.232406        -6.223216        -6.215894        -6.208523
     -6.202240        -6.180997        -6.170353        -6.157662        -6.154095
     -6.148320        -6.136885        -6.127178        -6.105190        -6.103744
     -6.101421        -6.087607        -6.064056        -6.059544        -6.055368
     -6.045001        -6.039919        -6.030695        -6.025409        -6.011097
     -6.004118        -5.998722        -5.993995        -5.983458        -5.971330
     -5.968329        -5.962650        -5.957609        -5.951505        -5.946205
     -5.923432        -5.917537        -5.907919        -5.889763        -5.878317
     -5.875755        -5.872038        -5.868438        -5.861261        -5.851640
     -5.836931        -5.822890        -5.810112        -5.803347        -5.785044
     -5.779491        -5.776049        -5.775223        -5.762969        -5.758384
     -5.756381        -5.745334        -5.740204        -5.730508        -5.728030
     -5.717012        -5.710308        -5.706397        -5.699412        -5.691484
     -5.677518        -5.676139        -5.666151        -5.658466        -5.651532
     -5.649254        -5.640190        -5.634693        -5.629985        -5.623620
     -5.619314        -5.607565        -5.599675        -5.596850        -5.589501
     -5.585028        -5.578398        -5.571979        -5.563853        -5.554723
     -5.549061        -5.544997        -5.540375        -5.532224        -5.530885
     -5.525198        -5.513095        -5.510213        -5.504018        -5.501284
     -5.488693        -5.475673        -5.462468        -5.458725        -5.450189
     -5.446007        -5.431437        -5.427479        -5.419617        -5.414393
     -5.411772        -5.410536        -5.404112        -5.397695        -5.388277
     -5.386582        -5.376525        -5.369077        -5.350767        -5.344849
     -5.336945        -5.329348        -5.327296        -5.314627        -5.307286
     -5.301322        -5.297199        -5.290992        -5.278625        -5.277337
     -5.267858        -5.265497        -5.257646        -5.243891        -5.239254
     -5.234386        -5.231303        -5.226632        -5.219853        -5.214794
     -5.207520        -5.200099        -5.186909        -5.186055        -5.182499
     -5.179073        -5.169829        -5.166766        -5.161327        -5.150290
     -5.144314        -5.134425        -5.130866        -5.125091        -5.122162
     -5.114382        -5.103697        -5.100849        -5.095492        -5.090068
     -5.079007        -5.073405        -5.069826        -5.059575        -5.050738
     -5.047059        -5.044204        -5.034904        -5.032974        -5.027513
     -5.023387        -5.007051        -5.001488        -4.998819        -4.978129
     -4.958491        -4.955808        -4.952083        -4.946442        -4.937517
     -4.928748        -4.928085        -4.923498        -4.916229        -4.913368
     -4.908429        -4.901284        -4.895439        -4.888404        -4.885380
     -4.883136        -4.877591        -4.868538        -4.865273        -4.861543
     -4.857106        -4.849649        -4.844921        -4.837670        -4.826225
     -4.823028        -4.815853        -4.808744        -4.793060        -4.786488
     -4.783475        -4.779128        -4.771542        -4.766287        -4.761900
     -4.756413        -4.746136        -4.744648        -4.720796        -4.720089
     -4.694140        -4.687100        -4.679740        -4.667737        -4.661317
     -4.655277        -4.643941        -4.631314        -4.624582        -4.618091
     -4.608105        -4.597534        -4.585304        -4.561799        -4.557706
     -4.540499        -4.534115        -4.510879        -4.500805        -4.488657
     -4.478677        -4.473311        -4.467050        -4.435150        -4.424277
     -4.417486        -4.410284        -4.399030        -4.389594        -4.369091
     -4.344945        -4.311655        -4.287349        -4.278192        -4.274744
     -4.269009        -4.257331        -4.247535        -4.238378        -4.234178
     -4.220789        -4.195482        -4.174935        -4.132795        -4.122770
     -4.110431        -4.093645        -4.079725        -4.060348        -4.031299
     -4.006307        -3.971453        -3.945870        -3.909382        -3.876564
     -3.859978        -3.844894        -3.835916        -3.824217        -3.804386
     -3.784182        -3.779370        -3.775333        -3.744892        -3.735021
     -3.718974        -3.706418        -3.665135        -3.641517        -3.623556
     -3.606762        -3.604218        -3.585387        -3.576212        -3.558952
     -3.554764        -3.526007        -3.519548        -3.518176        -3.505802
     -3.500548        -3.481330        -3.468849        -3.463320        -3.442464
     -3.429914        -3.410733        -3.378747        -3.373185        -3.351799
     -3.337767        -3.332856        -3.327412        -3.317118        -3.314121
     -3.305227        -3.302969        -3.291590        -3.278970        -3.268097
     -3.257132        -3.239493        -3.235070        -3.217963        -3.205373
     -3.196203        -3.149390        -3.129180        -3.115966        -3.115557
     -3.112358        -3.085376        -3.064896        -3.046861        -3.021719
     -2.991810        -2.989228        -2.970845        -2.947936        -2.936410
     -2.918436        -2.896201        -2.881564        -2.860423        -2.828168
     -2.805412        -2.774386        -2.770898        -2.755901        -2.739183
     -2.727985        -2.701059        -2.670678        -2.667382        -2.624473
     -2.580752        -2.574689        -2.562985        -2.553598        -2.501953
     -2.471813        -2.439618        -2.425684        -2.422668        -2.358112
     -2.334091        -2.309943        -2.285477        -2.270312        -2.264094
     -2.226386        -2.208239        -2.170991        -2.113808        -2.081831
     -2.066072        -1.969645        -1.928762        -1.902510        -1.827380
      2.502694         2.738322         2.867831         2.897460         2.979921
      3.058382         3.078699         3.116393         3.147793         3.214756
      3.348594         3.406497         3.457598         3.476508         3.497948
      3.520789         3.554342         3.648616         3.662592         3.707189
      3.742586         3.780073         3.804244         3.850020         3.877706
      3.881471         3.902300         3.933590         3.965996         4.001311
      4.039170         4.062440         4.072070         4.085948         4.104878
      4.122446         4.157332         4.176575         4.185121         4.213432
      4.221869         4.252043         4.277764         4.284191         4.304570
      4.318738         4.336803         4.376650         4.394550         4.434754
      4.440818         4.476282         4.515239         4.531801         4.552427
      4.581271         4.602156         4.639424
 *********************************
 total computation time (sec)=   1997.26494312286     
