 AEM_Eatom=  9.151490949614777E-003
 AEM_Egroup=  9.440940929366493E-004
 AEM_Etot=  8.629131179900880E-004
 AEM_F=  0.500513787096971     
