 AEM_Eatom=  2.027330213069041E-003
 AEM_Egroup=  2.010707303640359E-004
 AEM_Etot=  7.392136961551884E-004
 AEM_F=  0.500994676676773     
