           4           1
 PRECISION  = SINGLE     
 JOB       = SCF
 IN.PSP1   = /home/sabs/shenjie/Pseudopotential/Li.nc.pbe.UPF
 IN.PSP2   = /home/sabs/shenjie/Pseudopotential/C.nc.pbe.UPF
 IN.PSP3   = /home/sabs/shenjie/Pseudopotential/O.nc.pbe.UPF
 IN.PSP4   = /home/sabs/shenjie/Pseudopotential/N.nc.pbe.UPF
 IN.PSP5   = /home/sabs/shenjie/Pseudopotential/S.nc.pbe.UPF
 IN.PSP6   = /home/sabs/shenjie/Pseudopotential/F.nc.pbe.UPF
 IN.PSP7   = /home/sabs/shenjie/Pseudopotential/H.nc.pbe.UPF
 IN.PSP8   = /home/sabs/shenjie/Pseudopotential/P.nc.pbe.UPF
 IN.ATOM   = atom.config         
 CONVERGENCE  = EASY
 ACCURACY  = NORM
 VFF_DETAIL =   1   500  0.50000000E-02     30.00000     4.00000     0.00000     1.00000  
 EGG_DETAIL =            3           3           3
 SPIN      =   1
 CONSTRAINT_MAG =           0
 RANDOM_SEED=           0
 QIJ_DETAIL =   0  1
 SCF_MIX = CHARGE
 PWSCF_OUTPUT     =  F
 Ecut      =    60.0000000000000     
 Ecut2     =    120.000000000000     
 Ecut2L    =    120.000000000000     
 EcutP    =    60.0000000000000     
 N123      =   120   120   120
 NS123     =    40    40    40
 N123L     =   120   120   120
 STRESS_CORR =   0.100000E+01  0.000000E+00  0.200000E+01  0.000000E+00
 XCFUNCTIONAL = LDA
 HSE_DETAIL    =      1.00000000    1     0.00000000    6 1 1
 RELAX_HSE    =    20   0.50000E-01     2
 VDW       = NONE
 LONDON_S6      =   0.000000000000000E+000
 LONDON_C6(1)      =   -1.00000000000000     
 LONDON_C6(2)      =   -1.00000000000000     
 LONDON_C6(3)      =   -1.00000000000000     
 LONDON_C6(4)      =   -1.00000000000000     
 LONDON_C6(5)      =   -1.00000000000000     
 LONDON_C6(6)      =   -1.00000000000000     
 LONDON_C6(7)      =   -1.00000000000000     
 LONDON_C6(8)      =   -1.00000000000000     
 LONDON_RCUT      =   0.000000000000000E+000
 DFTD3_S6        =   0.000000000000000E+000
 DFTD3_RS6        =   0.000000000000000E+000
 DFTD3_S18        =   0.000000000000000E+000
 DFTD3_RS18        =   0.000000000000000E+000
 DFTD3_ALPHA6        =   0.000000000000000E+000
 DFTD3_VERSION        =            0
 DFTD3_3BODY        =  F
 COULOMB   =    0
 IN.WG     =  F
 OUT.WG    =  F
 IN.RHO    =  F
 OUT.RHOATOM =  F
 OUT.RHO   =  F
 IN.VR     =  F
 OUT.VR    =  F
 OUT.ELF   =  F
 IN.VEXT   =  F
 OUT.VATOM   =  F
 OUT.FORCE =  T
 OUT.STRESS =  F
 IN.KPT    =  F
 IN.SYMM   =  F
 SYMM_PREC =    0.10000E-04
 MP_N123 =      1      1      1      0      0      0      0
 NUM_KPT =            1
 CHARGE_DECOMP = F
 ENERGY_DECOMP = F 
 IN.SOLVENT =  F
 NUM_ELECTRON =   1940.00000000000     
 FIX_FERMI =   F  0.000000E+00  0.000000E+00  0.000000E+00
 IN.NONSCF    =  F
 NUM_BAND  =  1028
 OUT.REAL.RHOWF_SP= 0
 WG_ERROR  =   1.000000000000000E-004
 E_ERROR   =   5.279008887880000E-003
 RHO_ERROR =   5.000000000000000E-005
 RHO_RELATIVE_ERROR      =   0.000000000000000E+000
 FORCE_RELATIVE_ERROR     =   0.000000000000000E+000
 MIN_SCF_ITER     =            1
 SYS_TYPE   =            1
 PULAY_MIX_OPT =     30  1  0       1.00000       0.00000
 PULAY_METRIC_Q0 =       -1.00000
 IN.OCC    =  F          -1
 IN.CC    =  F
 IN.OCC_ADIA    =  F
 SCF_ITER0_1 =    6   4    3    0.0000     0.02500    1
 SCF_ITER0_2 =   94   4    3    1.0000     0.02500    1
 SCF_ITER1_1 =   40   4    3    1.0000     0.02500    1
 NONLOCAL  =  2
 IN.A_FIELD =  F       0.00000       0.00000       0.00000
 RCUT      =    4.00000000000000     
 IN.PSP_RCUT1 =   4.00000000000000     
 IN.PSP_RCUT2 =   4.00000000000000     
 IN.PSP_RCUT3 =   4.00000000000000     
 IN.PSP_RCUT4 =   4.00000000000000     
 IN.PSP_RCUT5 =   4.00000000000000     
 IN.PSP_RCUT6 =   4.00000000000000     
 IN.PSP_RCUT7 =   4.00000000000000     
 IN.PSP_RCUT8 =   4.00000000000000     
 MD_VV_SCALE =    100
 LDAU_PSP1   =           -1  2.721138638331097E-009  2.721138638331097E-009  eV
 LDAU_PSP2   =           -1  2.721138638331097E-009  2.721138638331097E-009  eV
 LDAU_PSP3   =           -1  2.721138638331097E-009  2.721138638331097E-009  eV
 LDAU_PSP4   =           -1  2.721138638331097E-009  2.721138638331097E-009  eV
 LDAU_PSP5   =           -1  2.721138638331097E-009  2.721138638331097E-009  eV
 LDAU_PSP6   =           -1  2.721138638331097E-009  2.721138638331097E-009  eV
 LDAU_PSP7   =           -1  2.721138638331097E-009  2.721138638331097E-009  eV
 LDAU_PSP8   =           -1  2.721138638331097E-009  2.721138638331097E-009  eV
 NUM_BLOCKED_PSI=  F
 WF_STORE2DISK  =            0
 NUM_DOS_GRID =         4000
 NMAP_MAX =        50000
 KERK_AMIN =   0.300000000000000     
 KERK_AMIX =   0.400000000000000     
 KERK_AMIX_MAG =   0.800000000000000     
 KERK_BMIX =   0.500000000000000     
 LDAU_MIX =   0.700000000000000     
 PULAY_WEIGHT_SPIN =    1.00000000000000     
 PULAY_WEIGHT_NS =    1.00000000000000     
 OUT.MLMD    =  F
 NUM_MPI_PER_GPU =     1
 FLAG_CYLINDER =            0
 SET_OUT_FERMI_POS =  F           0
 E_FINITE =  F   0.00000E+00   0.00000E+00   0.00000E+00
 MLINE_EIGEN =      1
 
 ------------------------------------------------
 total number of K-point:           1
   0.00000     0.00000    0.00000     1.00000            
 ------------------------------------------------
 
 
 *********************************************
 *********** end of etot.input report ********
 minimum n1,n2,n3 from Ecut2
     118.970      119.148      119.089
 minimum n1L,n2L,n3L from Ecut2L
     118.970      119.148      119.089
 *********************************************
 
 
Weighted average num_of_PW for all kpoint=                       312673.000
 ************************************
 E_Hxc(eV)         51495.3795115995     
 E_ion(eV)        -224043.474281677     
 E_Coul(eV)        79820.0055433634     
 E_Hxc+E_ion(eV)  -172548.094770077     
 NONSCF     1          AVE_STATE_ERROR= 0.5919E+01
 NONSCF     2          AVE_STATE_ERROR= 0.1638E+01
 NONSCF     3          AVE_STATE_ERROR= 0.5121E+00
 NONSCF     4          AVE_STATE_ERROR= 0.9528E-01
 NONSCF     5          AVE_STATE_ERROR= 0.1569E-01
 NONSCF     6          AVE_STATE_ERROR= 0.3006E-02
 iter=   7   ave_lin=  4.0  iCGmth=   3
 Ef(eV)               = -.1271608E+01
 err of ug            = 0.1174E-02
 dv_ave, drho_tot     = 0.0000E+00 0.1244E+00
 E_tot(eV)            = -.13305537100069E+06    -.1331E+06
 -------------------------------------------
 iter=   8   ave_lin=  4.0  iCGmth=   3
 Ef(eV)               = -.1292945E+01
 err of ug            = 0.1090E-01
 dv_ave, drho_tot     = 0.1771E-01 0.7175E-01
 E_tot(eV)            = -.13294343229099E+06    0.1119E+03
 -------------------------------------------
 iter=   9   ave_lin=  4.0  iCGmth=   3
 Ef(eV)               = -.8448647E+00
 err of ug            = 0.6900E-02
 dv_ave, drho_tot     = 0.1439E-01 0.3056E-01
 E_tot(eV)            = -.13290796620581E+06    0.3547E+02
 -------------------------------------------
 iter=  10   ave_lin=  4.0  iCGmth=   3
 Ef(eV)               = -.7682805E+00
 err of ug            = 0.2140E-02
 dv_ave, drho_tot     = 0.7016E-02 0.1100E-01
 E_tot(eV)            = -.13290235267934E+06    0.5614E+01
 -------------------------------------------
 iter=  11   ave_lin=  4.0  iCGmth=   3
 Ef(eV)               = -.7321748E+00
 err of ug            = 0.5733E-03
 dv_ave, drho_tot     = 0.3142E-02 0.6153E-02
 E_tot(eV)            = -.13290165956174E+06    0.6931E+00
 -------------------------------------------
 iter=  12   ave_lin=  4.0  iCGmth=   3
 Ef(eV)               = -.7072709E+00
 err of ug            = 0.3134E-03
 dv_ave, drho_tot     = 0.3547E-02 0.3651E-02
 E_tot(eV)            = -.13290116083849E+06    0.4987E+00
 -------------------------------------------
 iter=  13   ave_lin=  4.0  iCGmth=   3
 Ef(eV)               = -.6823533E+00
 err of ug            = 0.3473E-03
 dv_ave, drho_tot     = 0.3847E-02 0.2796E-02
 E_tot(eV)            = -.13290070667891E+06    0.4542E+00
 -------------------------------------------
 iter=  14   ave_lin=  4.0  iCGmth=   3
 Ef(eV)               = 0.1072198E+01
 err of ug            = 0.3114E-03
 dv_ave, drho_tot     = 0.5164E-02 0.2212E-02
 E_tot(eV)            = -.13290028994182E+06    0.4167E+00
 -------------------------------------------
 iter=  15   ave_lin=  4.0  iCGmth=   3
 Ef(eV)               = 0.9890241E+00
 err of ug            = 0.3371E-03
 dv_ave, drho_tot     = 0.6519E-02 0.1772E-02
 E_tot(eV)            = -.13289996270734E+06    0.3272E+00
 -------------------------------------------
 iter=  16   ave_lin=  4.0  iCGmth=   3
 Ef(eV)               = 0.8771992E+00
 err of ug            = 0.2569E-03
 dv_ave, drho_tot     = 0.4356E-02 0.1370E-02
 E_tot(eV)            = -.13289987243261E+06    0.9027E-01
 -------------------------------------------
 iter=  17   ave_lin=  4.0  iCGmth=   3
 Ef(eV)               = 0.9559212E+00
 err of ug            = 0.1930E-03
 dv_ave, drho_tot     = 0.3723E-02 0.1076E-02
 E_tot(eV)            = -.13289984056045E+06    0.3187E-01
 -------------------------------------------
 iter=  18   ave_lin=  4.0  iCGmth=   3
 Ef(eV)               = 0.1101288E+01
 err of ug            = 0.1278E-03
 dv_ave, drho_tot     = 0.2988E-02 0.8022E-03
 E_tot(eV)            = -.13289982435969E+06    0.1620E-01
 -------------------------------------------
 iter=  19   ave_lin=  4.0  iCGmth=   3
 Ef(eV)               = 0.1254142E+01
 err of ug            = 0.1085E-03
 dv_ave, drho_tot     = 0.2453E-02 0.6125E-03
 E_tot(eV)            = -.13289980648395E+06    0.1788E-01
 -------------------------------------------
 iter=  20   ave_lin=  4.0  iCGmth=   3
 Ef(eV)               = 0.1390330E+01
 err of ug            = 0.9727E-04
 dv_ave, drho_tot     = 0.2384E-02 0.4569E-03
 E_tot(eV)            = -.13289979407540E+06    0.1241E-01
 -------------------------------------------
 iter=  21   ave_lin=  4.0  iCGmth=   3
 Ef(eV)               = 0.1487607E+01
 err of ug            = 0.6535E-04
 dv_ave, drho_tot     = 0.1129E-02 0.3729E-03
 E_tot(eV)            = -.13289978698755E+06    0.7088E-02
 -------------------------------------------
 iter=  22   ave_lin=  4.0  iCGmth=   3
 Ef(eV)               = 0.1563851E+01
 err of ug            = 0.5724E-04
 dv_ave, drho_tot     = 0.9176E-03 0.3023E-03
 E_tot(eV)            = -.13289978137081E+06    0.5617E-02
 -------------------------------------------
 iter=  23   ave_lin=  4.0  iCGmth=   3
 Ef(eV)               = 0.1613575E+01
 err of ug            = 0.5282E-04
 dv_ave, drho_tot     = 0.8389E-03 0.2564E-03
 E_tot(eV)            = -.13289977747250E+06    0.3898E-02
 -------------------------------------------
 E_Fermi(eV)=   1.61357474486268     
 ---------------------------------------------------
 Ef(eV)               = 0.1613575E+01
 dvE, dvE(n)-dvE(n-1) = 0.7037E-06 -.1383E-06
 dv_ave, drho_tot     = 0.8389E-03 0.2564E-03
 err of ug            = 0.5282E-04
 ---------------------------------------------------
 ending_scf_reason = tol Etot_err  5.279008887880000E-003
 Ewald        = -.40104087216766E+05
 Alpha        = 0.15207970391171E+04
 E_extV       = 0.00000000000000E+00    0.0000E+00
 E_NSC        = -.21611404173985E+05    0.5962E+00
 E[-rho*V_Hxc]= -.12550675632553E+06    -.5923E+00
 E_Hxc        = 0.52801673204667E+05    0.6275E+00
 -TS          = -.12269229351551E-10    -.9193E-11
 E_tot(eV)    = -.13289977747250E+06    0.3898E-02
 E_tot(Ryd)   = -.97679535599414E+04    0.1433E-03
 ---------------------------------------------------
 ---------------------------------------------------
 occup for:      kpt=1,spin=1,m=(totN/2-2,totN/2+2)
   1.000    1.000    1.000    0.000    0.000
 eigen(eV) for:  kpt=1,spin=1,m=(totN/2-2,totN/2+2)
  -1.915   -1.903   -1.622    2.249    2.490
 ---------------------------------------------------
 ---------------------------------------------------
 E_Hart,E_xc,E_ion =0.81676864093578E+05  -.28875190888912E+05  -.22676587589381E+06
 E_Hxc+E_ion       =-.17396420268914E+06
 E_kin+E_nonloc    =0.79647715394289E+05
 E_rhoVext,E_IVext     =0.00000000000000E+00  0.00000000000000E+00
 E_psiV,E_dDrho =-.10125926646619E+06  0.00000000000000E+00
 ave(vtot):v0 =-.76624244095669E+01
 ave(V_ion_s(or p,d))=ave(V_Hatree)=0; ave(Vtot)=ave(V_xc)=v0
 ---------------------------------------------------
 *********************************
 Eigen energies are values after setting ave(Vtot)=0
 For Vtot=V_ion+V_Hartree+V_xc, and
 ave(V_ion+V_Hatree)=0, ave(V_xc).ne.0:  E=E+v0
 *********************************
iislda,kpt=   1,    1      0.000000     0.000000     0.000000             kpoint in xyz unit 
 err of each states, A.U
  0.704340E-04     0.305362E-04     0.480509E-03     0.328237E-04     0.787622E-04
  0.340560E-04     0.140170E-04     0.448173E-04     0.267888E-04     0.189452E-04
  0.242058E-04     0.194897E-04     0.403801E-04     0.181791E-04     0.217648E-04
  0.186798E-04     0.215440E-04     0.149756E-04     0.260935E-04     0.149978E-04
  0.357711E-04     0.281421E-04     0.135843E-04     0.285262E-04     0.269412E-04
  0.927563E-04     0.351908E-04     0.148326E-04     0.183264E-04     0.154853E-04
  0.285348E-04     0.868142E-04     0.172088E-04     0.263533E-04     0.184960E-04
  0.473419E-04     0.176251E-04     0.169723E-04     0.213484E-04     0.133819E-04
  0.308143E-04     0.180016E-04     0.161144E-04     0.526731E-04     0.476639E-04
  0.324969E-04     0.144996E-04     0.275061E-04     0.137389E-04     0.166698E-04
  0.152717E-04     0.705494E-04     0.209155E-04     0.163142E-04     0.440064E-04
  0.158618E-04     0.285301E-04     0.206327E-04     0.150691E-04     0.219840E-04
  0.757045E-04     0.670313E-04     0.331230E-04     0.163537E-04     0.187232E-04
  0.170870E-04     0.208014E-04     0.575997E-04     0.169862E-04     0.262960E-04
  0.380099E-04     0.199268E-04     0.212119E-04     0.103225E-03     0.116759E-04
  0.115469E-04     0.156098E-04     0.140771E-04     0.141184E-04     0.184032E-04
  0.571414E-04     0.245951E-04     0.104482E-04     0.219534E-04     0.270872E-04
  0.117802E-04     0.191326E-04     0.733552E-04     0.293160E-04     0.131909E-04
  0.233390E-04     0.231148E-04     0.138225E-04     0.121412E-04     0.166937E-04
  0.168316E-04     0.163887E-04     0.183419E-04     0.193670E-04     0.122395E-04
  0.115432E-03     0.122639E-04     0.114768E-04     0.154536E-04     0.349457E-04
  0.886608E-04     0.305885E-04     0.116983E-04     0.571711E-04     0.142638E-04
  0.210030E-04     0.369605E-04     0.111842E-04     0.178926E-04     0.123901E-04
  0.463927E-04     0.153709E-04     0.133405E-04     0.359496E-04     0.108365E-04
  0.148685E-04     0.145939E-04     0.255152E-04     0.151549E-04     0.162863E-04
  0.145067E-04     0.133832E-04     0.158097E-04     0.146549E-04     0.132404E-04
  0.855440E-04     0.159134E-04     0.135283E-04     0.144951E-04     0.244492E-04
  0.168809E-04     0.167226E-04     0.253305E-04     0.509046E-04     0.715089E-04
  0.430616E-04     0.224275E-04     0.759276E-04     0.140958E-04     0.123977E-04
  0.110877E-04     0.140129E-04     0.135421E-04     0.133583E-04     0.263076E-04
  0.304067E-04     0.327502E-04     0.231462E-04     0.461295E-04     0.411275E-04
  0.548484E-04     0.125782E-04     0.333093E-04     0.209901E-04     0.227535E-04
  0.111472E-04     0.186159E-04     0.228233E-04     0.135878E-04     0.194970E-04
  0.158623E-04     0.182432E-04     0.190100E-04     0.241425E-04     0.166872E-04
  0.255349E-04     0.383181E-04     0.199202E-04     0.146376E-04     0.126340E-04
  0.167279E-04     0.276969E-04     0.100091E-04     0.256908E-03     0.257724E-04
  0.205253E-04     0.105069E-03     0.135360E-04     0.163507E-04     0.939479E-05
  0.104177E-04     0.151607E-04     0.851257E-04     0.105611E-04     0.952903E-05
  0.161396E-04     0.137497E-04     0.160807E-04     0.114836E-04     0.168726E-04
  0.224112E-04     0.112012E-04     0.142289E-04     0.213066E-04     0.124893E-04
  0.186626E-04     0.167265E-04     0.156128E-04     0.103734E-04     0.140847E-04
  0.115884E-04     0.312526E-04     0.264089E-04     0.159840E-04     0.155876E-04
  0.104894E-04     0.123046E-04     0.125757E-04     0.145108E-04     0.315319E-04
  0.147693E-04     0.168785E-04     0.141767E-04     0.166763E-04     0.120797E-04
  0.152700E-04     0.140837E-04     0.193083E-04     0.194321E-04     0.130275E-04
  0.109558E-04     0.190165E-04     0.134166E-04     0.129478E-04     0.110128E-04
  0.122471E-04     0.165977E-04     0.181747E-04     0.101017E-04     0.151943E-04
  0.119587E-04     0.144716E-04     0.122676E-04     0.166665E-04     0.166853E-04
  0.177947E-04     0.159101E-04     0.113134E-04     0.183333E-04     0.145495E-04
  0.205937E-04     0.141518E-04     0.164497E-04     0.232584E-04     0.194455E-04
  0.131343E-04     0.155833E-04     0.120772E-04     0.224544E-04     0.148317E-04
  0.242166E-04     0.134685E-04     0.157174E-04     0.175209E-04     0.170632E-04
  0.147055E-04     0.148699E-04     0.140335E-04     0.243642E-04     0.153105E-04
  0.152788E-04     0.250652E-04     0.253884E-04     0.151563E-04     0.195935E-04
  0.171319E-04     0.146730E-04     0.192259E-04     0.157830E-04     0.276006E-04
  0.179638E-04     0.138965E-04     0.161967E-04     0.206336E-04     0.202645E-04
  0.253421E-04     0.201867E-04     0.223621E-04     0.181887E-04     0.167856E-04
  0.225061E-04     0.184772E-04     0.234679E-04     0.140900E-04     0.194832E-04
  0.165594E-04     0.291295E-04     0.174357E-04     0.196466E-04     0.368129E-04
  0.175638E-04     0.202604E-04     0.209248E-04     0.207238E-04     0.222255E-04
  0.167202E-04     0.197113E-04     0.185505E-04     0.172485E-04     0.234558E-04
  0.170572E-04     0.134302E-04     0.165304E-04     0.164800E-04     0.170873E-04
  0.234213E-04     0.163444E-04     0.145939E-04     0.205566E-04     0.231833E-04
  0.279479E-04     0.273945E-04     0.238614E-04     0.257698E-04     0.282251E-04
  0.236291E-04     0.263739E-04     0.419913E-04     0.218515E-04     0.237967E-04
  0.212436E-04     0.193073E-04     0.227433E-04     0.209550E-04     0.261028E-04
  0.238423E-04     0.252321E-04     0.227756E-04     0.194746E-04     0.205656E-04
  0.247057E-04     0.194285E-04     0.200358E-04     0.250662E-04     0.233717E-04
  0.198102E-04     0.237314E-04     0.213640E-04     0.216680E-04     0.197347E-04
  0.179410E-04     0.182481E-04     0.189349E-04     0.182261E-04     0.213149E-04
  0.209891E-04     0.222897E-04     0.231892E-04     0.235821E-04     0.222282E-04
  0.243882E-04     0.237535E-04     0.253424E-04     0.300515E-04     0.222428E-04
  0.239424E-04     0.231627E-04     0.247246E-04     0.145445E-04     0.209565E-04
  0.229717E-04     0.217022E-04     0.226753E-04     0.170700E-04     0.253724E-04
  0.245224E-04     0.225044E-04     0.268378E-04     0.255832E-04     0.217123E-04
  0.197535E-04     0.246800E-04     0.146160E-04     0.201889E-04     0.361608E-04
  0.259057E-04     0.248576E-04     0.276567E-04     0.262818E-04     0.292317E-04
  0.225866E-04     0.214796E-04     0.215709E-04     0.166616E-04     0.193793E-04
  0.210510E-04     0.327507E-04     0.196860E-04     0.202064E-04     0.198156E-04
  0.186941E-04     0.325312E-04     0.325353E-04     0.249149E-04     0.345471E-04
  0.222369E-04     0.250856E-04     0.268381E-04     0.276057E-04     0.315913E-04
  0.229722E-04     0.331376E-04     0.207051E-04     0.218929E-04     0.217276E-04
  0.229106E-04     0.218634E-04     0.209602E-04     0.211884E-04     0.263496E-04
  0.305994E-04     0.178763E-04     0.191929E-04     0.229769E-04     0.252648E-04
  0.184765E-04     0.262831E-04     0.225899E-04     0.250730E-04     0.221087E-04
  0.239603E-04     0.259460E-04     0.306828E-04     0.315079E-04     0.309160E-04
  0.288353E-04     0.237072E-04     0.330468E-04     0.325596E-04     0.276526E-04
  0.302038E-04     0.199128E-04     0.264698E-04     0.246301E-04     0.292330E-04
  0.368514E-04     0.362260E-04     0.286805E-04     0.315365E-04     0.301902E-04
  0.387786E-04     0.553996E-04     0.325111E-04     0.229526E-04     0.253286E-04
  0.329504E-04     0.219764E-04     0.163648E-04     0.304933E-04     0.295139E-04
  0.320549E-04     0.271090E-04     0.309912E-04     0.312283E-04     0.173564E-04
  0.192428E-04     0.283585E-04     0.346232E-04     0.145312E-04     0.378589E-04
  0.245425E-04     0.201271E-04     0.363405E-04     0.308862E-04     0.262977E-04
  0.224937E-04     0.169459E-04     0.197491E-04     0.205821E-04     0.444878E-04
  0.210560E-04     0.246480E-04     0.209155E-04     0.228781E-04     0.283395E-04
  0.206223E-04     0.134354E-04     0.208982E-04     0.307338E-04     0.132541E-04
  0.243367E-04     0.199320E-04     0.218361E-04     0.285001E-04     0.322962E-04
  0.167207E-04     0.184813E-04     0.264121E-04     0.187698E-04     0.207180E-04
  0.233787E-04     0.144706E-04     0.197150E-04     0.207078E-04     0.156684E-04
  0.161653E-04     0.138068E-04     0.198453E-04     0.138473E-04     0.151203E-04
  0.253670E-04     0.169353E-04     0.153790E-04     0.166645E-04     0.146483E-04
  0.127816E-04     0.161004E-04     0.181699E-04     0.167449E-04     0.176168E-04
  0.159444E-04     0.219794E-04     0.227037E-04     0.283921E-04     0.250316E-04
  0.213184E-04     0.230766E-04     0.164380E-04     0.259991E-04     0.181771E-04
  0.204452E-04     0.240064E-04     0.226408E-04     0.223328E-04     0.226432E-04
  0.239153E-04     0.215456E-04     0.254714E-04     0.184895E-04     0.204869E-04
  0.281272E-04     0.244059E-04     0.293947E-04     0.183645E-04     0.253533E-04
  0.177830E-04     0.112684E-04     0.205778E-04     0.161211E-04     0.195847E-04
  0.200578E-04     0.206765E-04     0.221647E-04     0.246925E-04     0.201986E-04
  0.206357E-04     0.270260E-04     0.296535E-04     0.232829E-04     0.244977E-04
  0.233668E-04     0.290214E-04     0.247591E-04     0.264162E-04     0.220251E-04
  0.333543E-04     0.280172E-04     0.189145E-04     0.143241E-04     0.226407E-04
  0.231230E-04     0.221439E-04     0.201418E-04     0.208420E-04     0.214011E-04
  0.230227E-04     0.152664E-04     0.196619E-04     0.200373E-04     0.210579E-04
  0.232557E-04     0.230061E-04     0.244412E-04     0.188116E-04     0.209545E-04
  0.209404E-04     0.252168E-04     0.207193E-04     0.201554E-04     0.263052E-04
  0.225771E-04     0.214018E-04     0.247116E-04     0.184520E-04     0.250408E-04
  0.216960E-04     0.251885E-04     0.248446E-04     0.184434E-04     0.227286E-04
  0.241415E-04     0.202810E-04     0.240684E-04     0.166618E-04     0.235915E-04
  0.155142E-04     0.236945E-04     0.213807E-04     0.223710E-04     0.207043E-04
  0.235868E-04     0.243948E-04     0.259347E-04     0.178034E-04     0.207774E-04
  0.177604E-04     0.193190E-04     0.182045E-04     0.181887E-04     0.168300E-04
  0.176077E-04     0.224120E-04     0.218955E-04     0.174956E-04     0.182518E-04
  0.166204E-04     0.257245E-04     0.210928E-04     0.250166E-04     0.197338E-04
  0.303767E-04     0.213376E-04     0.189706E-04     0.251815E-04     0.257594E-04
  0.181461E-04     0.199504E-04     0.210487E-04     0.194326E-04     0.217137E-04
  0.224604E-04     0.239648E-04     0.247047E-04     0.245620E-04     0.198175E-04
  0.176471E-04     0.295485E-04     0.241647E-04     0.243471E-04     0.203826E-04
  0.216263E-04     0.244956E-04     0.285343E-04     0.213828E-04     0.207950E-04
  0.201719E-04     0.221630E-04     0.200396E-04     0.247839E-04     0.227260E-04
  0.305472E-04     0.255781E-04     0.317073E-04     0.233930E-04     0.241444E-04
  0.245003E-04     0.236545E-04     0.221647E-04     0.320833E-04     0.217708E-04
  0.241518E-04     0.186184E-04     0.229030E-04     0.261843E-04     0.271352E-04
  0.258654E-04     0.266446E-04     0.228850E-04     0.221819E-04     0.286034E-04
  0.214057E-04     0.288856E-04     0.276916E-04     0.253086E-04     0.219208E-04
  0.230901E-04     0.268250E-04     0.235603E-04     0.291216E-04     0.241026E-04
  0.320922E-04     0.238250E-04     0.237393E-04     0.282126E-04     0.221125E-04
  0.215110E-04     0.249904E-04     0.294465E-04     0.247562E-04     0.229732E-04
  0.277313E-04     0.234880E-04     0.238972E-04     0.222403E-04     0.288087E-04
  0.232500E-04     0.213019E-04     0.235884E-04     0.271879E-04     0.289196E-04
  0.279630E-04     0.272589E-04     0.289856E-04     0.262598E-04     0.278113E-04
  0.295896E-04     0.298797E-04     0.284633E-04     0.285760E-04     0.298386E-04
  0.272537E-04     0.265067E-04     0.297947E-04     0.305908E-04     0.307853E-04
  0.294171E-04     0.254810E-04     0.400093E-04     0.219267E-04     0.288876E-04
  0.310698E-04     0.299278E-04     0.275759E-04     0.196389E-04     0.281309E-04
  0.256416E-04     0.277871E-04     0.243804E-04     0.241050E-04     0.234821E-04
  0.258259E-04     0.239141E-04     0.236307E-04     0.315641E-04     0.233626E-04
  0.281862E-04     0.283879E-04     0.318446E-04     0.310309E-04     0.314900E-04
  0.218838E-04     0.312177E-04     0.276147E-04     0.277169E-04     0.270700E-04
  0.290670E-04     0.270206E-04     0.269935E-04     0.255968E-04     0.263376E-04
  0.344690E-04     0.353328E-04     0.290619E-04     0.360789E-04     0.311199E-04
  0.281415E-04     0.285238E-04     0.315088E-04     0.287930E-04     0.293486E-04
  0.296787E-04     0.267761E-04     0.309502E-04     0.305521E-04     0.304950E-04
  0.328705E-04     0.303659E-04     0.295811E-04     0.315252E-04     0.272298E-04
  0.262434E-04     0.266263E-04     0.278080E-04     0.242503E-04     0.291375E-04
  0.289096E-04     0.241666E-04     0.326577E-04     0.265464E-04     0.454774E-04
  0.343737E-04     0.343100E-04     0.298215E-04     0.347821E-04     0.435523E-04
  0.393657E-04     0.295395E-04     0.356476E-04     0.353351E-04     0.320628E-04
  0.315684E-04     0.332831E-04     0.334064E-04     0.274388E-04     0.366230E-04
  0.236187E-04     0.313146E-04     0.313400E-04     0.279565E-04     0.288608E-04
  0.235636E-04     0.387090E-04     0.316497E-04     0.267314E-04     0.227938E-04
  0.300385E-04     0.304244E-04     0.266961E-04     0.265051E-04     0.240218E-04
  0.266116E-04     0.316313E-04     0.288951E-04     0.220187E-04     0.182783E-04
  0.242707E-04     0.245019E-04     0.232535E-04     0.297239E-04     0.269215E-04
  0.237209E-04     0.271028E-04     0.262879E-04     0.296737E-04     0.268942E-04
  0.305654E-04     0.292141E-04     0.319185E-04     0.283570E-04     0.397276E-04
  0.396997E-04     0.293270E-04     0.300432E-04     0.313514E-04     0.310972E-04
  0.333553E-04     0.386340E-04     0.261447E-04     0.280454E-04     0.255921E-04
  0.268566E-04     0.314332E-04     0.597839E-04     0.344826E-04     0.302691E-04
  0.288184E-04     0.332793E-04     0.413821E-04     0.454826E-04     0.495692E-04
  0.339001E-04     0.400576E-04     0.443405E-04     0.365241E-04     0.456299E-04
  0.306537E-04     0.256883E-04     0.424637E-04     0.357988E-04     0.230245E-04
  0.321596E-04     0.377531E-04     0.301206E-04     0.318339E-04     0.262602E-04
  0.268993E-04     0.211253E-04     0.416303E-04     0.661191E-04     0.316578E-04
  0.496176E-04     0.236398E-04     0.244502E-04     0.294667E-04     0.777386E-04
  0.270343E-04     0.510544E-04     0.229403E-04     0.320060E-04     0.382656E-04
  0.395666E-04     0.390250E-04     0.370945E-04     0.340030E-04     0.365517E-04
  0.266509E-04     0.345243E-04     0.252556E-04     0.427516E-04     0.280292E-04
  0.414262E-04     0.240877E-04     0.389302E-04     0.420159E-04     0.352133E-04
  0.294926E-04     0.501751E-04     0.265931E-04     0.202295E-04     0.226703E-04
  0.263738E-04     0.338562E-04     0.335905E-04     0.246191E-04     0.257223E-04
  0.310269E-04     0.475349E-04     0.327006E-04     0.273514E-04     0.750331E-04
  0.409507E-04     0.335168E-04     0.485412E-04     0.481073E-04     0.551242E-04
  0.306284E-04     0.324215E-04     0.178520E-04     0.417166E-04     0.322040E-04
  0.334561E-04     0.277347E-04     0.405591E-04     0.283804E-04     0.323590E-04
  0.339960E-04     0.254286E-04     0.306117E-04     0.334914E-04     0.293123E-04
  0.267729E-04     0.361070E-04     0.504230E-04     0.438009E-04     0.343801E-04
  0.348759E-04     0.249685E-04     0.587064E-04     0.223538E-04     0.384013E-04
  0.494260E-04     0.234628E-04     0.276021E-04     0.237717E-04     0.277383E-04
  0.264595E-04     0.352209E-04     0.223421E-04     0.317920E-04     0.425436E-04
  0.387344E-04     0.268988E-04     0.409834E-04     0.341264E-04     0.428315E-04
  0.366442E-04     0.550916E-04     0.331716E-04     0.196709E-04     0.207719E-04
  0.296026E-04     0.433812E-04     0.329603E-04     0.325528E-04     0.254363E-04
  0.871396E-04     0.117778E-03     0.500160E-04     0.160136E-03     0.862380E-04
  0.888039E-04     0.985696E-04     0.233643E-03     0.172258E-03     0.155875E-03
  0.157051E-03     0.406633E-03     0.222920E-03     0.617173E-03     0.384488E-03
  0.373660E-03     0.531737E-03     0.429330E-03     0.752506E-03     0.682165E-03
  0.772902E-03     0.118997E-02     0.122738E-02     0.113142E-02     0.124196E-02
  0.128373E-02     0.109407E-02     0.106105E-02     0.158995E-02     0.164415E-02
  0.975642E-03     0.148901E-02     0.240466E-02     0.165441E-02     0.190689E-02
  0.172086E-02     0.236028E-02     0.226760E-02     0.265220E-02     0.248081E-02
  0.212448E-02     0.228169E-02     0.245809E-02     0.526304E-02     0.364146E-02
  0.454334E-02     0.421561E-02     0.363677E-02     0.416139E-02     0.722802E-02
  0.427198E-02     0.533878E-02     0.604919E-02     0.768144E-02     0.741634E-02
  0.899017E-02     0.994617E-02     0.133065E-01
 eigen energies, in eV 
    -44.516462       -44.451379       -44.314095       -44.281350       -44.257952
    -29.219046       -29.113030       -28.985049       -28.918061       -28.909719
    -28.825184       -28.688319       -28.652013       -28.640168       -28.597325
    -28.558035       -28.520566       -28.511170       -28.489405       -28.477186
    -28.446114       -28.442612       -28.441194       -28.438234       -28.379992
    -28.368074       -28.307057       -28.277670       -28.263659       -28.190082
    -28.167670       -28.154250       -28.127450       -28.097600       -28.068347
    -28.046907       -28.035568       -28.022775       -28.018188       -28.002674
    -27.980306       -27.950541       -27.909392       -27.819384       -27.763933
    -27.745808       -27.708684       -27.682774       -27.605600       -27.601928
    -27.591834       -27.563189       -27.545474       -27.530771       -27.449423
    -27.426665       -27.409880       -27.398623       -27.341399       -27.337541
    -27.333654       -27.330259       -27.328374       -27.291163       -27.274844
    -27.223924       -27.209998       -27.203606       -27.180732       -27.111871
    -27.054793       -27.046582       -26.991426       -26.896282       -26.857897
    -26.756400       -26.734790       -26.724434       -26.712634       -26.679743
    -26.641450       -26.595237       -26.571921       -26.558945       -26.536148
    -26.522245       -26.505178       -26.482425       -26.478359       -26.459370
    -26.436394       -26.381129       -26.378097       -26.362208       -26.353676
    -26.315009       -26.264225       -26.259978       -26.259083       -26.254260
    -26.252876       -26.249609       -26.240327       -26.170834       -26.166904
    -26.158285       -26.137074       -26.110850       -26.097524       -26.082152
    -26.068048       -26.048227       -26.031290       -26.020036       -25.989087
    -25.956303       -25.874941       -25.867178       -25.831165       -25.820003
    -25.801745       -25.791933       -25.774505       -25.767066       -25.732579
    -25.687389       -25.676118       -25.675202       -25.604850       -25.587615
    -25.581923       -25.547697       -25.545984       -25.535135       -25.288026
    -24.435162       -24.366886       -24.288697       -23.840697       -23.834032
    -23.788589       -23.767512       -23.678283       -23.677280       -23.656867
    -23.589396       -23.425549       -23.379688       -23.370720       -23.293091
    -23.180378       -23.148521       -23.031882       -23.006386       -22.970877
    -22.833950       -22.786695       -22.778486       -22.724785       -22.693117
    -22.618084       -22.603006       -22.430467       -22.382361       -22.205051
    -22.196327       -22.184391       -22.132889       -22.021301       -22.010788
    -21.935571       -21.927160       -21.658769       -21.631156       -21.473786
    -21.429212       -21.387871       -21.284758       -21.251643       -21.218444
    -21.215236       -21.207220       -21.183676       -21.144474       -21.054183
    -20.952692       -20.783076       -20.698259       -20.359014       -20.215031
    -19.005054       -18.624961       -18.432899       -18.248118       -18.206327
    -16.088034       -16.048765       -16.042480       -15.904265       -15.895228
    -15.755097       -15.688163       -15.591638       -15.569636       -15.558825
    -15.494156       -15.452296       -15.445214       -15.433164       -15.362411
    -15.352666       -15.259783       -15.250429       -15.176318       -15.073993
    -15.020754       -14.986309       -14.985004       -14.902074       -14.861735
    -14.765600       -14.723988       -14.669317       -14.657981       -14.631652
    -14.565810       -14.558712       -14.498469       -14.444448       -14.425499
    -14.388045       -14.362720       -14.348539       -14.305954       -14.248179
    -13.963164       -13.844391       -13.780834       -13.755072       -13.732453
    -13.715060       -13.652754       -13.635788       -13.594192       -13.525102
    -13.510170       -13.497818       -13.475830       -13.432964       -13.402768
    -13.372515       -13.366483       -13.334919       -13.319993       -13.294700
    -13.256629       -13.191462       -13.154495       -13.142878       -13.137001
    -13.110732       -13.069934       -13.029818       -12.996922       -12.948856
    -12.538639       -12.368687       -12.318523       -12.231791       -12.200428
    -12.188863       -12.113049       -12.054564       -12.040716       -12.007189
    -11.992144       -11.966111       -11.950872       -11.929195       -11.903615
    -11.886749       -11.823651       -11.778928       -11.772617       -11.761805
    -11.745386       -11.705624       -11.679484       -11.639605       -11.547205
    -11.526906       -11.519778       -11.508217       -11.484580       -11.438498
    -11.424420       -11.410046       -11.398065       -11.388110       -11.363447
    -11.360583       -11.345292       -11.333781       -11.280892       -11.217609
    -11.182475       -11.152002       -11.058362       -11.017298       -10.992881
    -10.919930       -10.893029       -10.886951       -10.809150       -10.761451
    -10.741067       -10.664486       -10.649565       -10.633248       -10.622939
    -10.614463       -10.596708       -10.569988       -10.551984       -10.540803
    -10.523667       -10.517003       -10.501058       -10.487801       -10.485142
    -10.466070       -10.462201       -10.461123       -10.457307       -10.453842
    -10.432245       -10.408632       -10.402174       -10.367203       -10.355036
    -10.352543       -10.342701       -10.336941       -10.323813       -10.319961
    -10.298562       -10.296202       -10.290185       -10.285727       -10.271888
    -10.260355       -10.249424       -10.238220       -10.232007       -10.223778
    -10.221724       -10.196450       -10.186019       -10.178937       -10.166157
    -10.153766       -10.144813       -10.132008       -10.115432       -10.096611
    -10.079542       -10.070117       -10.067810       -10.055892       -10.029280
    -10.023541       -10.007660        -9.977783        -9.956705        -9.939071
     -9.938553        -9.926916        -9.915009        -9.910723        -9.906520
     -9.888609        -9.882257        -9.874195        -9.867687        -9.815808
     -9.813767        -9.783180        -9.773312        -9.767852        -9.726674
     -9.720590        -9.700322        -9.689754        -9.672553        -9.657393
     -9.655319        -9.635312        -9.621937        -9.613428        -9.595775
     -9.577870        -9.570123        -9.567602        -9.560855        -9.535100
     -9.525767        -9.518381        -9.509944        -9.477668        -9.465672
     -9.437612        -9.433495        -9.413403        -9.410664        -9.400394
     -9.396154        -9.378538        -9.365343        -9.358064        -9.336384
     -9.289029        -9.275501        -9.258500        -9.245059        -9.231150
     -9.214116        -9.189228        -9.178984        -9.167961        -9.159721
     -9.144561        -9.133661        -9.130613        -9.120325        -9.114800
     -9.102274        -9.072289        -9.059138        -9.048375        -9.044851
     -9.032329        -9.024862        -9.008898        -8.996521        -8.961987
     -8.956540        -8.944394        -8.928315        -8.927301        -8.918617
     -8.914189        -8.907091        -8.890521        -8.861843        -8.848184
     -8.842917        -8.822787        -8.792817        -8.785992        -8.751912
     -8.705145        -8.702498        -8.674941        -8.658189        -8.616079
     -8.603256        -8.551688        -8.537511        -8.529057        -8.524239
     -8.486396        -8.459167        -8.448772        -8.429442        -8.421670
     -8.411826        -8.404923        -8.400116        -8.393493        -8.317861
     -8.274675        -8.266213        -8.252672        -8.248638        -8.225569
     -8.217127        -8.210503        -8.196168        -8.180729        -8.147586
     -8.123354        -8.099801        -8.026733        -7.985156        -7.971791
     -7.939051        -7.908417        -7.887907        -7.881692        -7.857265
     -7.844067        -7.838897        -7.799708        -7.787996        -7.752093
     -7.740055        -7.720778        -7.692967        -7.679106        -7.657561
     -7.621079        -7.613676        -7.599685        -7.574023        -7.568872
     -7.546545        -7.529361        -7.512923        -7.496234        -7.436200
     -7.430237        -7.387801        -7.372695        -7.364459        -7.344552
     -7.343690        -7.308787        -7.286407        -7.283660        -7.266490
     -7.258438        -7.246027        -7.242314        -7.205580        -7.203333
     -7.190616        -7.165541        -7.136058        -7.122965        -7.074417
     -7.063804        -7.054507        -7.040035        -7.019795        -7.004207
     -6.994365        -6.992002        -6.984846        -6.963574        -6.957157
     -6.929509        -6.915082        -6.900382        -6.883976        -6.882966
     -6.875429        -6.872572        -6.855137        -6.843483        -6.832935
     -6.821437        -6.804842        -6.788245        -6.784589        -6.764465
     -6.740082        -6.729159        -6.719623        -6.709881        -6.705425
     -6.692806        -6.681375        -6.664889        -6.659046        -6.650427
     -6.649118        -6.630024        -6.615679        -6.603853        -6.584247
     -6.582764        -6.570257        -6.558632        -6.552813        -6.500006
     -6.498112        -6.488893        -6.480273        -6.474353        -6.470834
     -6.450393        -6.443234        -6.437871        -6.431028        -6.416355
     -6.399143        -6.375514        -6.367274        -6.350142        -6.342762
     -6.334717        -6.313889        -6.309340        -6.301338        -6.286171
     -6.279849        -6.261896        -6.245210        -6.225589        -6.219939
     -6.209628        -6.200369        -6.199030        -6.178278        -6.176066
     -6.172665        -6.148298        -6.134494        -6.123376        -6.100007
     -6.094801        -6.089062        -6.079572        -6.074123        -6.063923
     -6.059870        -6.048347        -6.045202        -6.040750        -6.026565
     -6.015338        -6.011993        -6.003538        -5.998447        -5.992458
     -5.989427        -5.976743        -5.973949        -5.967412        -5.955132
     -5.948183        -5.943940        -5.929015        -5.914146        -5.911244
     -5.903493        -5.894558        -5.888375        -5.879627        -5.872271
     -5.862349        -5.847937        -5.844329        -5.835843        -5.831087
     -5.826276        -5.816323        -5.810118        -5.800842        -5.790784
     -5.784361        -5.772177        -5.762340        -5.757988        -5.747892
     -5.746110        -5.738898        -5.733928        -5.715411        -5.712571
     -5.710711        -5.702627        -5.701324        -5.686571        -5.678778
     -5.674669        -5.668915        -5.663283        -5.654611        -5.651667
     -5.643009        -5.629294        -5.624184        -5.613068        -5.610992
     -5.609295        -5.602647        -5.594979        -5.584979        -5.577648
     -5.573580        -5.568779        -5.562619        -5.552050        -5.546831
     -5.535552        -5.520483        -5.517371        -5.514235        -5.511017
     -5.508857        -5.502202        -5.490798        -5.480763        -5.476812
     -5.467571        -5.459114        -5.457833        -5.448376        -5.441791
     -5.438827        -5.431704        -5.428901        -5.421048        -5.412410
     -5.407805        -5.404362        -5.394776        -5.388568        -5.385228
     -5.376248        -5.372637        -5.370262        -5.358568        -5.347801
     -5.342280        -5.337104        -5.327953        -5.319021        -5.311724
     -5.308760        -5.302729        -5.284279        -5.273403        -5.250828
     -5.238456        -5.237045        -5.228058        -5.223132        -5.213838
     -5.207783        -5.204298        -5.201781        -5.188532        -5.187233
     -5.179484        -5.171916        -5.169266        -5.164133        -5.161766
     -5.157784        -5.149114        -5.146594        -5.138579        -5.136782
     -5.129082        -5.126947        -5.120279        -5.118806        -5.104898
     -5.101825        -5.096982        -5.094279        -5.088134        -5.074405
     -5.072698        -5.052092        -5.049962        -5.045650        -5.042642
     -5.034632        -5.033240        -5.023460        -5.016931        -5.015020
     -5.010666        -5.006597        -5.003667        -4.997538        -4.990464
     -4.977592        -4.970197        -4.954552        -4.951535        -4.950624
     -4.936633        -4.935932        -4.928002        -4.908321        -4.900454
     -4.896069        -4.878161        -4.868606        -4.864385        -4.859867
     -4.855597        -4.852126        -4.846222        -4.838169        -4.834250
     -4.828422        -4.821343        -4.816649        -4.811524        -4.809168
     -4.799436        -4.777345        -4.760297        -4.749049        -4.743617
     -4.730505        -4.719090        -4.698712        -4.690827        -4.678797
     -4.667392        -4.664995        -4.649582        -4.627275        -4.620165
     -4.600316        -4.595874        -4.592224        -4.580097        -4.552967
     -4.546122        -4.527573        -4.505503        -4.498313        -4.480116
     -4.473093        -4.443761        -4.434787        -4.422793        -4.413276
     -4.398701        -4.384487        -4.368818        -4.336425        -4.329398
     -4.298315        -4.292274        -4.283989        -4.260545        -4.255247
     -4.236961        -4.225088        -4.198217        -4.185737        -4.169263
     -4.155455        -4.141458        -4.113889        -4.109168        -4.098396
     -4.095579        -4.076218        -4.062878        -4.045469        -4.025041
     -4.018972        -4.010375        -3.995670        -3.985444        -3.965735
     -3.945090        -3.935429        -3.916373        -3.901370        -3.885093
     -3.814708        -3.801528        -3.755196        -3.726440        -3.722051
     -3.717698        -3.701950        -3.686396        -3.675259        -3.651250
     -3.640609        -3.616193        -3.590299        -3.557367        -3.501015
     -3.497397        -3.488679        -3.448280        -3.444700        -3.438372
     -3.385559        -3.367651        -3.353509        -3.342974        -3.307093
     -3.302646        -3.297167        -3.270669        -3.244699        -3.232815
     -3.214652        -3.195390        -3.183213        -3.167388        -3.152225
     -3.136511        -3.129716        -3.121806        -3.110611        -3.075037
     -3.068504        -3.067131        -3.047949        -3.045143        -3.011773
     -2.991086        -2.983546        -2.963664        -2.954251        -2.930448
     -2.901806        -2.882745        -2.860900        -2.845485        -2.843068
     -2.833289        -2.826873        -2.817620        -2.804355        -2.771596
     -2.766125        -2.756039        -2.747671        -2.734047        -2.722926
     -2.713312        -2.710410        -2.697779        -2.679604        -2.665504
     -2.663708        -2.628765        -2.626539        -2.615709        -2.578628
     -2.541109        -2.517478        -2.506168        -2.488621        -2.445849
     -2.435247        -2.384594        -2.375125        -2.362849        -2.320182
     -2.318588        -2.276924        -2.267646        -2.265277        -2.243818
     -2.211368        -2.162947        -2.135508        -2.132489        -2.074076
     -1.972153        -1.942474        -1.914897        -1.902850        -1.621603
      2.248619         2.490151         2.505201         2.601605         2.863911
      3.035062         3.072909         3.237500         3.298436         3.319475
      3.374544         3.483807         3.508457         3.566518         3.588385
      3.620779         3.711263         3.766897         3.816139         3.858058
      3.891026         3.940517         4.001956         4.051188         4.067170
      4.084318         4.108776         4.134159         4.134652         4.191035
      4.210962         4.228963         4.242529         4.270938         4.300672
      4.309891         4.320519         4.352144         4.373724         4.387473
      4.415107         4.431974         4.460967         4.477024         4.482816
      4.513025         4.540914         4.563295         4.603076         4.615661
      4.626517         4.687926         4.697666         4.738349         4.762480
      4.783323         4.827675         4.856102
 *********************************
 total computation time (sec)=   1991.92826294899     
