 AEM_Eatom=  5.474912745376710E-002
 AEM_Egroup=  3.229246254109183E-003
 AEM_Etot=  2.079953503392263E-003
 AEM_F=  0.581928700406811     
