 AEM_Eatom=  4.659703526989653E-003
 AEM_Egroup=  3.014859735673474E-004
 AEM_Etot=  7.291196731948763E-004
 AEM_F=  0.500313271459966     
