 AEM_Eatom=  3.264089004533909E-002
 AEM_Egroup=  2.884183737725328E-003
 AEM_Etot=  5.044578705310770E-004
 AEM_F=  0.509047277311144     
