 AEM_Eatom=  8.657547032444761E-002
 AEM_Egroup=  3.713892258663024E-003
 AEM_Etot=  9.799990208303941E-004
 AEM_F=  0.502320847447995     
