 AEM_Eatom=  7.776594934522607E-004
 AEM_Egroup=  9.867355531467499E-005
 AEM_Etot=  8.630014515232846E-004
 AEM_F=  0.500053487935473     
