 AEM_Eatom=  0.263095852933253     
 AEM_Egroup=  3.786279738301054E-002
 AEM_Etot=  1.362059738433720E-002
 AEM_F=  0.927659999833880     
