           4           1
 PRECISION  = SINGLE     
 JOB       = SCF
 IN.PSP1   = /home/sabs/shenjie/Pseudopotential/Li.nc.pbe.UPF
 IN.PSP2   = /home/sabs/shenjie/Pseudopotential/C.nc.pbe.UPF
 IN.PSP3   = /home/sabs/shenjie/Pseudopotential/O.nc.pbe.UPF
 IN.PSP4   = /home/sabs/shenjie/Pseudopotential/N.nc.pbe.UPF
 IN.PSP5   = /home/sabs/shenjie/Pseudopotential/S.nc.pbe.UPF
 IN.PSP6   = /home/sabs/shenjie/Pseudopotential/F.nc.pbe.UPF
 IN.PSP7   = /home/sabs/shenjie/Pseudopotential/H.nc.pbe.UPF
 IN.PSP8   = /home/sabs/shenjie/Pseudopotential/P.nc.pbe.UPF
 IN.ATOM   = atom.config         
 CONVERGENCE  = EASY
 ACCURACY  = NORM
 VFF_DETAIL =   1   500  0.50000000E-02     30.00000     4.00000     0.00000     1.00000  
 EGG_DETAIL =            3           3           3
 SPIN      =   1
 CONSTRAINT_MAG =           0
 RANDOM_SEED=           0
 QIJ_DETAIL =   0  1
 SCF_MIX = CHARGE
 PWSCF_OUTPUT     =  F
 Ecut      =    60.0000000000000     
 Ecut2     =    120.000000000000     
 Ecut2L    =    120.000000000000     
 EcutP    =    60.0000000000000     
 N123      =   120   120   120
 NS123     =    40    40    40
 N123L     =   120   120   120
 STRESS_CORR =   0.100000E+01  0.000000E+00  0.200000E+01  0.000000E+00
 XCFUNCTIONAL = LDA
 HSE_DETAIL    =      1.00000000    1     0.00000000    6 1 1
 RELAX_HSE    =    20   0.50000E-01     2
 VDW       = NONE
 LONDON_S6      =   0.000000000000000E+000
 LONDON_C6(1)      =   -1.00000000000000     
 LONDON_C6(2)      =   -1.00000000000000     
 LONDON_C6(3)      =   -1.00000000000000     
 LONDON_C6(4)      =   -1.00000000000000     
 LONDON_C6(5)      =   -1.00000000000000     
 LONDON_C6(6)      =   -1.00000000000000     
 LONDON_C6(7)      =   -1.00000000000000     
 LONDON_C6(8)      =   -1.00000000000000     
 LONDON_RCUT      =   0.000000000000000E+000
 DFTD3_S6        =   0.000000000000000E+000
 DFTD3_RS6        =   0.000000000000000E+000
 DFTD3_S18        =   0.000000000000000E+000
 DFTD3_RS18        =   0.000000000000000E+000
 DFTD3_ALPHA6        =   0.000000000000000E+000
 DFTD3_VERSION        =            0
 DFTD3_3BODY        =  F
 COULOMB   =    0
 IN.WG     =  F
 OUT.WG    =  F
 IN.RHO    =  F
 OUT.RHOATOM =  F
 OUT.RHO   =  F
 IN.VR     =  F
 OUT.VR    =  F
 OUT.ELF   =  F
 IN.VEXT   =  F
 OUT.VATOM   =  F
 OUT.FORCE =  T
 OUT.STRESS =  F
 IN.KPT    =  F
 IN.SYMM   =  F
 SYMM_PREC =    0.10000E-04
 MP_N123 =      1      1      1      0      0      0      0
 NUM_KPT =            1
 CHARGE_DECOMP = F
 ENERGY_DECOMP = F 
 IN.SOLVENT =  F
 NUM_ELECTRON =   1940.00000000000     
 FIX_FERMI =   F  0.000000E+00  0.000000E+00  0.000000E+00
 IN.NONSCF    =  F
 NUM_BAND  =  1028
 OUT.REAL.RHOWF_SP= 0
 WG_ERROR  =   1.000000000000000E-004
 E_ERROR   =   5.279008887880000E-003
 RHO_ERROR =   5.000000000000000E-005
 RHO_RELATIVE_ERROR      =   0.000000000000000E+000
 FORCE_RELATIVE_ERROR     =   0.000000000000000E+000
 MIN_SCF_ITER     =            1
 SYS_TYPE   =            1
 PULAY_MIX_OPT =     30  1  0       1.00000       0.00000
 PULAY_METRIC_Q0 =       -1.00000
 IN.OCC    =  F          -1
 IN.CC    =  F
 IN.OCC_ADIA    =  F
 SCF_ITER0_1 =    6   4    3    0.0000     0.02500    1
 SCF_ITER0_2 =   94   4    3    1.0000     0.02500    1
 SCF_ITER1_1 =   40   4    3    1.0000     0.02500    1
 NONLOCAL  =  2
 IN.A_FIELD =  F       0.00000       0.00000       0.00000
 RCUT      =    4.00000000000000     
 IN.PSP_RCUT1 =   4.00000000000000     
 IN.PSP_RCUT2 =   4.00000000000000     
 IN.PSP_RCUT3 =   4.00000000000000     
 IN.PSP_RCUT4 =   4.00000000000000     
 IN.PSP_RCUT5 =   4.00000000000000     
 IN.PSP_RCUT6 =   4.00000000000000     
 IN.PSP_RCUT7 =   4.00000000000000     
 IN.PSP_RCUT8 =   4.00000000000000     
 MD_VV_SCALE =    100
 LDAU_PSP1   =           -1  2.721138638331097E-009  2.721138638331097E-009  eV
 LDAU_PSP2   =           -1  2.721138638331097E-009  2.721138638331097E-009  eV
 LDAU_PSP3   =           -1  2.721138638331097E-009  2.721138638331097E-009  eV
 LDAU_PSP4   =           -1  2.721138638331097E-009  2.721138638331097E-009  eV
 LDAU_PSP5   =           -1  2.721138638331097E-009  2.721138638331097E-009  eV
 LDAU_PSP6   =           -1  2.721138638331097E-009  2.721138638331097E-009  eV
 LDAU_PSP7   =           -1  2.721138638331097E-009  2.721138638331097E-009  eV
 LDAU_PSP8   =           -1  2.721138638331097E-009  2.721138638331097E-009  eV
 NUM_BLOCKED_PSI=  F
 WF_STORE2DISK  =            0
 NUM_DOS_GRID =         4000
 NMAP_MAX =        50000
 KERK_AMIN =   0.300000000000000     
 KERK_AMIX =   0.400000000000000     
 KERK_AMIX_MAG =   0.800000000000000     
 KERK_BMIX =   0.500000000000000     
 LDAU_MIX =   0.700000000000000     
 PULAY_WEIGHT_SPIN =    1.00000000000000     
 PULAY_WEIGHT_NS =    1.00000000000000     
 OUT.MLMD    =  F
 NUM_MPI_PER_GPU =     1
 FLAG_CYLINDER =            0
 SET_OUT_FERMI_POS =  F           0
 E_FINITE =  F   0.00000E+00   0.00000E+00   0.00000E+00
 MLINE_EIGEN =      1
 
 ------------------------------------------------
 total number of K-point:           1
   0.00000     0.00000    0.00000     1.00000            
 ------------------------------------------------
 
 
 *********************************************
 *********** end of etot.input report ********
 minimum n1,n2,n3 from Ecut2
     118.970      119.148      119.089
 minimum n1L,n2L,n3L from Ecut2L
     118.970      119.148      119.089
 *********************************************
 
 
Weighted average num_of_PW for all kpoint=                       312673.000
 ************************************
 E_Hxc(eV)         49587.7977308560     
 E_ion(eV)        -219408.078203164     
 E_Coul(eV)        77815.0596982935     
 E_Hxc+E_ion(eV)  -169820.280472308     
 NONSCF     1          AVE_STATE_ERROR= 0.5918E+01
 NONSCF     2          AVE_STATE_ERROR= 0.1621E+01
 NONSCF     3          AVE_STATE_ERROR= 0.4979E+00
 NONSCF     4          AVE_STATE_ERROR= 0.9204E-01
 NONSCF     5          AVE_STATE_ERROR= 0.1551E-01
 NONSCF     6          AVE_STATE_ERROR= 0.3109E-02
 iter=   7   ave_lin=  4.0  iCGmth=   3
 Ef(eV)               = -.1985056E+01
 err of ug            = 0.1224E-02
 dv_ave, drho_tot     = 0.0000E+00 0.1225E+00
 E_tot(eV)            = -.13305200106267E+06    -.1331E+06
 -------------------------------------------
 iter=   8   ave_lin=  4.0  iCGmth=   3
 Ef(eV)               = -.9252786E-02
 err of ug            = 0.1071E-01
 dv_ave, drho_tot     = 0.1693E-01 0.7080E-01
 E_tot(eV)            = -.13294863447102E+06    0.1034E+03
 -------------------------------------------
 iter=   9   ave_lin=  4.0  iCGmth=   3
 Ef(eV)               = -.1099845E+01
 err of ug            = 0.6548E-02
 dv_ave, drho_tot     = 0.1337E-01 0.3042E-01
 E_tot(eV)            = -.13291730945970E+06    0.3133E+02
 -------------------------------------------
 iter=  10   ave_lin=  4.0  iCGmth=   3
 Ef(eV)               = 0.8549676E+00
 err of ug            = 0.2019E-02
 dv_ave, drho_tot     = 0.6895E-02 0.1044E-01
 E_tot(eV)            = -.13291211122857E+06    0.5198E+01
 -------------------------------------------
 iter=  11   ave_lin=  4.0  iCGmth=   3
 Ef(eV)               = 0.7829113E+00
 err of ug            = 0.5326E-03
 dv_ave, drho_tot     = 0.3019E-02 0.5866E-02
 E_tot(eV)            = -.13291145000394E+06    0.6612E+00
 -------------------------------------------
 iter=  12   ave_lin=  4.0  iCGmth=   3
 Ef(eV)               = 0.5540853E+00
 err of ug            = 0.3050E-03
 dv_ave, drho_tot     = 0.3546E-02 0.3693E-02
 E_tot(eV)            = -.13291090984166E+06    0.5402E+00
 -------------------------------------------
 iter=  13   ave_lin=  4.0  iCGmth=   3
 Ef(eV)               = 0.6173551E+00
 err of ug            = 0.3596E-03
 dv_ave, drho_tot     = 0.4288E-02 0.2887E-02
 E_tot(eV)            = -.13291036237432E+06    0.5475E+00
 -------------------------------------------
 iter=  14   ave_lin=  4.0  iCGmth=   3
 Ef(eV)               = 0.9735514E+00
 err of ug            = 0.3480E-03
 dv_ave, drho_tot     = 0.5868E-02 0.2279E-02
 E_tot(eV)            = -.13290987463095E+06    0.4877E+00
 -------------------------------------------
 iter=  15   ave_lin=  4.0  iCGmth=   3
 Ef(eV)               = 0.1272732E+01
 err of ug            = 0.3630E-03
 dv_ave, drho_tot     = 0.6346E-02 0.1823E-02
 E_tot(eV)            = -.13290955488152E+06    0.3197E+00
 -------------------------------------------
 iter=  16   ave_lin=  4.0  iCGmth=   3
 Ef(eV)               = 0.1463858E+01
 err of ug            = 0.2603E-03
 dv_ave, drho_tot     = 0.4125E-02 0.1390E-02
 E_tot(eV)            = -.13290948214728E+06    0.7273E-01
 -------------------------------------------
 iter=  17   ave_lin=  4.0  iCGmth=   3
 Ef(eV)               = 0.1573675E+01
 err of ug            = 0.2032E-03
 dv_ave, drho_tot     = 0.3610E-02 0.1079E-02
 E_tot(eV)            = -.13290945466809E+06    0.2748E-01
 -------------------------------------------
 iter=  18   ave_lin=  4.0  iCGmth=   3
 Ef(eV)               = 0.1681776E+01
 err of ug            = 0.1329E-03
 dv_ave, drho_tot     = 0.2858E-02 0.8077E-03
 E_tot(eV)            = -.13290944000713E+06    0.1466E-01
 -------------------------------------------
 iter=  19   ave_lin=  4.0  iCGmth=   3
 Ef(eV)               = 0.1816106E+01
 err of ug            = 0.1118E-03
 dv_ave, drho_tot     = 0.2517E-02 0.6174E-03
 E_tot(eV)            = -.13290942279630E+06    0.1721E-01
 -------------------------------------------
 iter=  20   ave_lin=  4.0  iCGmth=   3
 Ef(eV)               = 0.1914159E+01
 err of ug            = 0.1012E-03
 dv_ave, drho_tot     = 0.2298E-02 0.4627E-03
 E_tot(eV)            = -.13290940903425E+06    0.1376E-01
 -------------------------------------------
 iter=  21   ave_lin=  4.0  iCGmth=   3
 Ef(eV)               = 0.1962713E+01
 err of ug            = 0.6694E-04
 dv_ave, drho_tot     = 0.9810E-03 0.3764E-03
 E_tot(eV)            = -.13290940194288E+06    0.7091E-02
 -------------------------------------------
 iter=  22   ave_lin=  4.0  iCGmth=   3
 Ef(eV)               = 0.1984382E+01
 err of ug            = 0.6231E-04
 dv_ave, drho_tot     = 0.9979E-03 0.3030E-03
 E_tot(eV)            = -.13290939587188E+06    0.6071E-02
 -------------------------------------------
 iter=  23   ave_lin=  4.0  iCGmth=   3
 Ef(eV)               = 0.1997417E+01
 err of ug            = 0.4930E-04
 dv_ave, drho_tot     = 0.7645E-03 0.2483E-03
 E_tot(eV)            = -.13290939278105E+06    0.3091E-02
 -------------------------------------------
 E_Fermi(eV)=   1.99741661543918     
 ---------------------------------------------------
 Ef(eV)               = 0.1997417E+01
 dvE, dvE(n)-dvE(n-1) = 0.5845E-06 -.4112E-06
 dv_ave, drho_tot     = 0.7645E-03 0.2483E-03
 err of ug            = 0.4930E-04
 ---------------------------------------------------
 ending_scf_reason = tol Etot_err  5.279008887880000E-003
 Ewald        = -.42624334031446E+05
 Alpha        = 0.15207970391171E+04
 E_extV       = 0.00000000000000E+00    0.0000E+00
 E_NSC        = -.21262762175340E+05    0.6593E+00
 E[-rho*V_Hxc]= -.12128121664635E+06    -.6562E+00
 E_Hxc        = 0.50738123032969E+05    0.6597E+00
 -TS          = -.13309517435362E-12    -.5816E-13
 E_tot(eV)    = -.13290939278105E+06    0.3091E-02
 E_tot(Ryd)   = -.97686602720910E+04    0.1136E-03
 ---------------------------------------------------
 ---------------------------------------------------
 occup for:      kpt=1,spin=1,m=(totN/2-2,totN/2+2)
   1.000    1.000    1.000    0.000    0.000
 eigen(eV) for:  kpt=1,spin=1,m=(totN/2-2,totN/2+2)
  -2.044   -2.012   -1.785    2.751    2.832
 ---------------------------------------------------
 ---------------------------------------------------
 E_Hart,E_xc,E_ion =0.79468679516514E+05  -.28730556483545E+05  -.22169858081341E+06
 E_Hxc+E_ion       =-.17096045778044E+06
 E_kin+E_nonloc    =0.79154601991716E+05
 E_rhoVext,E_IVext     =0.00000000000000E+00  0.00000000000000E+00
 E_psiV,E_dDrho =-.10041744169981E+06  0.00000000000000E+00
 ave(vtot):v0 =-.77253309933655E+01
 ave(V_ion_s(or p,d))=ave(V_Hatree)=0; ave(Vtot)=ave(V_xc)=v0
 ---------------------------------------------------
 *********************************
 Eigen energies are values after setting ave(Vtot)=0
 For Vtot=V_ion+V_Hartree+V_xc, and
 ave(V_ion+V_Hatree)=0, ave(V_xc).ne.0:  E=E+v0
 *********************************
iislda,kpt=   1,    1      0.000000     0.000000     0.000000             kpoint in xyz unit 
 err of each states, A.U
  0.305581E-04     0.251971E-04     0.384519E-04     0.662004E-04     0.427004E-04
  0.183066E-04     0.160062E-04     0.141355E-04     0.158540E-04     0.296050E-04
  0.205969E-04     0.131586E-04     0.137699E-04     0.231119E-04     0.127079E-04
  0.172966E-04     0.123535E-04     0.170166E-04     0.641957E-04     0.144940E-04
  0.139289E-04     0.258454E-04     0.146375E-04     0.142068E-04     0.160711E-04
  0.134963E-04     0.140664E-04     0.122298E-04     0.145248E-04     0.166627E-04
  0.195768E-04     0.406393E-04     0.128984E-04     0.271325E-04     0.241232E-04
  0.124371E-04     0.203128E-04     0.406037E-04     0.189905E-04     0.280540E-04
  0.317956E-04     0.158687E-04     0.173044E-04     0.136509E-04     0.263829E-04
  0.146745E-04     0.148578E-04     0.135773E-04     0.143233E-04     0.193562E-04
  0.151799E-04     0.171828E-04     0.136229E-04     0.242229E-04     0.157130E-04
  0.175726E-04     0.183361E-04     0.266115E-04     0.164870E-04     0.540580E-04
  0.172397E-04     0.167394E-04     0.184326E-04     0.203928E-04     0.462033E-04
  0.148483E-04     0.385328E-04     0.199999E-04     0.274225E-04     0.154077E-04
  0.254510E-04     0.173561E-04     0.156560E-04     0.131310E-04     0.144544E-04
  0.193418E-04     0.119941E-04     0.237251E-04     0.968161E-05     0.118275E-04
  0.152227E-04     0.103095E-04     0.164071E-04     0.106211E-04     0.923144E-05
  0.122351E-04     0.155875E-04     0.137358E-04     0.134018E-04     0.118317E-04
  0.702642E-04     0.148847E-04     0.619639E-04     0.166130E-04     0.233983E-04
  0.120911E-04     0.349279E-04     0.189665E-04     0.642059E-04     0.154213E-04
  0.118364E-03     0.117383E-04     0.115814E-04     0.128274E-04     0.125845E-04
  0.199590E-04     0.132216E-04     0.151052E-04     0.125651E-04     0.962539E-05
  0.217028E-04     0.537983E-04     0.672040E-04     0.157693E-04     0.120902E-04
  0.145859E-04     0.125507E-04     0.176705E-04     0.240960E-04     0.214799E-04
  0.183934E-04     0.121862E-04     0.135237E-04     0.109341E-04     0.120653E-04
  0.114906E-04     0.122333E-04     0.177975E-04     0.130115E-04     0.300989E-04
  0.157222E-04     0.189185E-04     0.111811E-04     0.116053E-04     0.120526E-04
  0.142488E-04     0.168016E-04     0.110164E-04     0.223110E-04     0.158751E-04
  0.110630E-03     0.238269E-04     0.121109E-04     0.215992E-04     0.119804E-03
  0.437283E-04     0.416275E-04     0.159720E-04     0.178028E-04     0.136528E-04
  0.112092E-04     0.419132E-04     0.183137E-04     0.149890E-04     0.146939E-04
  0.107381E-04     0.239483E-04     0.178426E-04     0.139224E-04     0.202930E-04
  0.159250E-04     0.202844E-04     0.169627E-04     0.853969E-04     0.275656E-04
  0.205985E-04     0.138635E-04     0.101521E-04     0.677055E-04     0.542171E-04
  0.260006E-04     0.201196E-04     0.138965E-04     0.560600E-04     0.119087E-04
  0.118913E-04     0.663454E-04     0.241622E-04     0.309812E-04     0.124014E-04
  0.548588E-04     0.129432E-04     0.254753E-04     0.277461E-04     0.182041E-04
  0.101461E-04     0.184877E-04     0.103440E-04     0.101404E-04     0.111551E-04
  0.247999E-04     0.121753E-04     0.120476E-04     0.104603E-04     0.141979E-04
  0.185110E-04     0.136973E-04     0.150553E-04     0.120607E-04     0.110837E-04
  0.157701E-04     0.218912E-04     0.133746E-04     0.139803E-04     0.364379E-04
  0.168838E-04     0.124303E-04     0.118955E-04     0.171861E-04     0.130265E-04
  0.211721E-04     0.150245E-04     0.311926E-04     0.196244E-04     0.151104E-04
  0.233185E-04     0.110512E-04     0.198409E-04     0.159596E-04     0.154105E-04
  0.121823E-04     0.140454E-04     0.182092E-04     0.111163E-04     0.148756E-04
  0.164143E-04     0.154438E-04     0.124299E-04     0.119841E-04     0.147201E-04
  0.163255E-04     0.140097E-04     0.188636E-04     0.173267E-04     0.139872E-04
  0.979359E-05     0.132221E-04     0.128419E-04     0.163489E-04     0.194142E-04
  0.195304E-04     0.212370E-04     0.131169E-04     0.133836E-04     0.132728E-04
  0.141673E-04     0.144557E-04     0.134301E-04     0.124501E-04     0.146015E-04
  0.192110E-04     0.151484E-04     0.157924E-04     0.188521E-04     0.160448E-04
  0.105419E-04     0.116691E-04     0.199339E-04     0.115850E-04     0.144135E-04
  0.202210E-04     0.242149E-04     0.199914E-04     0.153561E-04     0.132213E-04
  0.132550E-04     0.226482E-04     0.151028E-04     0.146693E-04     0.154543E-04
  0.170076E-04     0.162710E-04     0.154767E-04     0.164292E-04     0.171304E-04
  0.333320E-04     0.194308E-04     0.179352E-04     0.177177E-04     0.228842E-04
  0.196270E-04     0.184816E-04     0.165712E-04     0.168029E-04     0.182048E-04
  0.169371E-04     0.168997E-04     0.139377E-04     0.143691E-04     0.181683E-04
  0.966759E-05     0.311544E-04     0.243453E-04     0.223656E-04     0.145692E-04
  0.180345E-04     0.291309E-04     0.172889E-04     0.151975E-04     0.146784E-04
  0.392568E-04     0.217984E-04     0.142901E-04     0.221012E-04     0.266247E-04
  0.180737E-04     0.182246E-04     0.234510E-04     0.292239E-04     0.196612E-04
  0.191017E-04     0.169138E-04     0.178033E-04     0.301867E-04     0.260303E-04
  0.211589E-04     0.223314E-04     0.231835E-04     0.209710E-04     0.251191E-04
  0.203569E-04     0.195902E-04     0.269165E-04     0.230329E-04     0.234731E-04
  0.201121E-04     0.216669E-04     0.233162E-04     0.301249E-04     0.256866E-04
  0.166595E-04     0.218092E-04     0.235968E-04     0.167833E-04     0.249299E-04
  0.226972E-04     0.209452E-04     0.314994E-04     0.197101E-04     0.169807E-04
  0.234802E-04     0.269508E-04     0.215880E-04     0.190294E-04     0.196718E-04
  0.212722E-04     0.196390E-04     0.222187E-04     0.246630E-04     0.178956E-04
  0.179965E-04     0.251237E-04     0.225282E-04     0.204604E-04     0.262012E-04
  0.215852E-04     0.220872E-04     0.243789E-04     0.247590E-04     0.279465E-04
  0.216340E-04     0.183184E-04     0.198733E-04     0.177063E-04     0.207210E-04
  0.184615E-04     0.201649E-04     0.185245E-04     0.248682E-04     0.246174E-04
  0.181400E-04     0.180879E-04     0.164636E-04     0.211020E-04     0.225181E-04
  0.185945E-04     0.252814E-04     0.226916E-04     0.186168E-04     0.229258E-04
  0.236358E-04     0.242957E-04     0.284039E-04     0.218477E-04     0.287261E-04
  0.165478E-04     0.192133E-04     0.267831E-04     0.270321E-04     0.298189E-04
  0.291071E-04     0.167855E-04     0.292933E-04     0.224806E-04     0.279772E-04
  0.215738E-04     0.290901E-04     0.234905E-04     0.162122E-04     0.220453E-04
  0.185982E-04     0.186593E-04     0.375831E-04     0.334262E-04     0.236098E-04
  0.215537E-04     0.235207E-04     0.231607E-04     0.242413E-04     0.233135E-04
  0.245145E-04     0.215611E-04     0.298376E-04     0.254522E-04     0.255411E-04
  0.339444E-04     0.223176E-04     0.345526E-04     0.212977E-04     0.250592E-04
  0.230546E-04     0.249160E-04     0.304896E-04     0.206449E-04     0.289899E-04
  0.250013E-04     0.280725E-04     0.309046E-04     0.281066E-04     0.412354E-04
  0.234849E-04     0.325954E-04     0.251863E-04     0.318637E-04     0.225916E-04
  0.249817E-04     0.345188E-04     0.309071E-04     0.283082E-04     0.292288E-04
  0.302573E-04     0.206686E-04     0.210153E-04     0.260657E-04     0.332455E-04
  0.295585E-04     0.256933E-04     0.214412E-04     0.243399E-04     0.223625E-04
  0.261242E-04     0.222625E-04     0.223442E-04     0.291788E-04     0.351910E-04
  0.262207E-04     0.373256E-04     0.245020E-04     0.269416E-04     0.227748E-04
  0.193209E-04     0.262573E-04     0.295227E-04     0.320461E-04     0.216773E-04
  0.227039E-04     0.315899E-04     0.352466E-04     0.205788E-04     0.359994E-04
  0.217902E-04     0.313328E-04     0.177414E-04     0.240029E-04     0.219647E-04
  0.247104E-04     0.229571E-04     0.300079E-04     0.360788E-04     0.285367E-04
  0.264322E-04     0.343144E-04     0.267462E-04     0.306937E-04     0.395993E-04
  0.183136E-04     0.218697E-04     0.190216E-04     0.129374E-04     0.197290E-04
  0.172636E-04     0.195537E-04     0.203813E-04     0.249361E-04     0.183899E-04
  0.191393E-04     0.199693E-04     0.228886E-04     0.230259E-04     0.180468E-04
  0.206115E-04     0.220754E-04     0.215166E-04     0.186450E-04     0.210508E-04
  0.184039E-04     0.206152E-04     0.259570E-04     0.246800E-04     0.200872E-04
  0.230182E-04     0.227384E-04     0.203613E-04     0.193201E-04     0.213306E-04
  0.288861E-04     0.173487E-04     0.284865E-04     0.284927E-04     0.229769E-04
  0.188165E-04     0.250204E-04     0.218267E-04     0.247159E-04     0.263293E-04
  0.290642E-04     0.296837E-04     0.192084E-04     0.187584E-04     0.138287E-04
  0.398767E-04     0.218966E-04     0.254238E-04     0.178647E-04     0.288833E-04
  0.179582E-04     0.244218E-04     0.216093E-04     0.208625E-04     0.213963E-04
  0.234267E-04     0.242355E-04     0.265434E-04     0.140631E-04     0.253589E-04
  0.172450E-04     0.331190E-04     0.166829E-04     0.109205E-04     0.228582E-04
  0.202134E-04     0.166764E-04     0.160874E-04     0.176067E-04     0.203536E-04
  0.192174E-04     0.194056E-04     0.184591E-04     0.197476E-04     0.216032E-04
  0.172549E-04     0.204281E-04     0.202338E-04     0.240192E-04     0.198294E-04
  0.237504E-04     0.251354E-04     0.251789E-04     0.194309E-04     0.191561E-04
  0.190800E-04     0.205810E-04     0.188589E-04     0.213958E-04     0.209266E-04
  0.193232E-04     0.213873E-04     0.182888E-04     0.198493E-04     0.176052E-04
  0.182724E-04     0.154027E-04     0.206576E-04     0.193853E-04     0.155196E-04
  0.209098E-04     0.203895E-04     0.194626E-04     0.213662E-04     0.206051E-04
  0.207610E-04     0.211638E-04     0.203218E-04     0.222640E-04     0.189698E-04
  0.241248E-04     0.297645E-04     0.274726E-04     0.195678E-04     0.214081E-04
  0.194784E-04     0.209995E-04     0.231380E-04     0.176985E-04     0.220591E-04
  0.197185E-04     0.204363E-04     0.209922E-04     0.180738E-04     0.199207E-04
  0.196869E-04     0.187741E-04     0.232112E-04     0.196164E-04     0.238839E-04
  0.172876E-04     0.209310E-04     0.212582E-04     0.166209E-04     0.213080E-04
  0.206370E-04     0.209825E-04     0.195996E-04     0.230206E-04     0.192580E-04
  0.224220E-04     0.259685E-04     0.216810E-04     0.225289E-04     0.195629E-04
  0.234925E-04     0.254388E-04     0.195094E-04     0.260038E-04     0.242396E-04
  0.186456E-04     0.162598E-04     0.209998E-04     0.194663E-04     0.187283E-04
  0.192039E-04     0.210250E-04     0.221191E-04     0.203384E-04     0.172530E-04
  0.212235E-04     0.170131E-04     0.219465E-04     0.188810E-04     0.215626E-04
  0.235128E-04     0.244253E-04     0.244142E-04     0.217171E-04     0.226886E-04
  0.207759E-04     0.220853E-04     0.231094E-04     0.224210E-04     0.283060E-04
  0.243554E-04     0.223280E-04     0.190920E-04     0.247156E-04     0.232933E-04
  0.219883E-04     0.233540E-04     0.233384E-04     0.220472E-04     0.244562E-04
  0.216386E-04     0.238229E-04     0.240583E-04     0.246796E-04     0.282079E-04
  0.291501E-04     0.212725E-04     0.227241E-04     0.229918E-04     0.225982E-04
  0.188358E-04     0.224503E-04     0.247118E-04     0.265665E-04     0.218178E-04
  0.251888E-04     0.271676E-04     0.234122E-04     0.223300E-04     0.220638E-04
  0.231765E-04     0.265557E-04     0.262630E-04     0.249856E-04     0.238111E-04
  0.246841E-04     0.232249E-04     0.207488E-04     0.250282E-04     0.216419E-04
  0.232223E-04     0.267364E-04     0.245841E-04     0.255045E-04     0.234088E-04
  0.276551E-04     0.235088E-04     0.207845E-04     0.259559E-04     0.247657E-04
  0.266819E-04     0.243402E-04     0.248999E-04     0.238032E-04     0.292288E-04
  0.242003E-04     0.269890E-04     0.234663E-04     0.268010E-04     0.259859E-04
  0.256522E-04     0.287973E-04     0.254253E-04     0.281405E-04     0.230862E-04
  0.289448E-04     0.227747E-04     0.238764E-04     0.274900E-04     0.276250E-04
  0.241163E-04     0.236518E-04     0.262708E-04     0.265304E-04     0.259360E-04
  0.283752E-04     0.263190E-04     0.258715E-04     0.226523E-04     0.282605E-04
  0.255121E-04     0.241449E-04     0.264445E-04     0.315678E-04     0.241256E-04
  0.245250E-04     0.378234E-04     0.269001E-04     0.281152E-04     0.276101E-04
  0.271793E-04     0.284629E-04     0.236429E-04     0.265495E-04     0.263830E-04
  0.255082E-04     0.275248E-04     0.328604E-04     0.267368E-04     0.243552E-04
  0.248911E-04     0.299899E-04     0.286978E-04     0.367746E-04     0.311703E-04
  0.346199E-04     0.294686E-04     0.289387E-04     0.308457E-04     0.255289E-04
  0.312525E-04     0.323981E-04     0.256182E-04     0.267163E-04     0.331587E-04
  0.283524E-04     0.295844E-04     0.325293E-04     0.262838E-04     0.343758E-04
  0.312795E-04     0.301867E-04     0.280920E-04     0.297522E-04     0.338846E-04
  0.324811E-04     0.294272E-04     0.324350E-04     0.306722E-04     0.332494E-04
  0.297184E-04     0.279114E-04     0.314465E-04     0.301471E-04     0.246502E-04
  0.282343E-04     0.244761E-04     0.332873E-04     0.322903E-04     0.274993E-04
  0.265034E-04     0.286355E-04     0.237713E-04     0.267772E-04     0.315077E-04
  0.269435E-04     0.246193E-04     0.303415E-04     0.282667E-04     0.326001E-04
  0.286792E-04     0.304885E-04     0.255254E-04     0.269852E-04     0.278740E-04
  0.333622E-04     0.288141E-04     0.282649E-04     0.277428E-04     0.349700E-04
  0.240624E-04     0.250879E-04     0.263305E-04     0.300754E-04     0.297064E-04
  0.270687E-04     0.265816E-04     0.350881E-04     0.318798E-04     0.319780E-04
  0.469167E-04     0.218617E-04     0.239212E-04     0.248328E-04     0.364985E-04
  0.311765E-04     0.286710E-04     0.250067E-04     0.279103E-04     0.280179E-04
  0.279606E-04     0.338581E-04     0.283126E-04     0.315938E-04     0.307453E-04
  0.270217E-04     0.320939E-04     0.312977E-04     0.293452E-04     0.221377E-04
  0.359733E-04     0.445123E-04     0.325690E-04     0.309812E-04     0.264865E-04
  0.325664E-04     0.392966E-04     0.323572E-04     0.335023E-04     0.346073E-04
  0.354553E-04     0.451857E-04     0.409600E-04     0.280150E-04     0.477576E-04
  0.277529E-04     0.452428E-04     0.386754E-04     0.321794E-04     0.472077E-04
  0.323193E-04     0.461403E-04     0.279500E-04     0.350794E-04     0.330580E-04
  0.437342E-04     0.415373E-04     0.359530E-04     0.463775E-04     0.390655E-04
  0.339502E-04     0.411035E-04     0.315936E-04     0.375160E-04     0.418717E-04
  0.339932E-04     0.450422E-04     0.422247E-04     0.245802E-04     0.329953E-04
  0.331971E-04     0.398086E-04     0.344610E-04     0.359417E-04     0.308506E-04
  0.565728E-04     0.347048E-04     0.314874E-04     0.404061E-04     0.417027E-04
  0.394657E-04     0.374898E-04     0.426338E-04     0.418079E-04     0.400275E-04
  0.472542E-04     0.412890E-04     0.321925E-04     0.384411E-04     0.280457E-04
  0.288999E-04     0.388920E-04     0.446854E-04     0.295686E-04     0.342038E-04
  0.467320E-04     0.314036E-04     0.401150E-04     0.475345E-04     0.440775E-04
  0.271264E-04     0.278572E-04     0.300077E-04     0.337089E-04     0.559111E-04
  0.549581E-04     0.253263E-04     0.305009E-04     0.411450E-04     0.339858E-04
  0.206334E-04     0.255760E-04     0.365101E-04     0.257818E-04     0.514035E-04
  0.279851E-04     0.210271E-04     0.458460E-04     0.234056E-04     0.486661E-04
  0.706380E-04     0.279982E-04     0.525290E-04     0.280409E-04     0.342467E-04
  0.432884E-04     0.342152E-04     0.344670E-04     0.329146E-04     0.279734E-04
  0.265583E-04     0.255107E-04     0.187405E-04     0.379064E-04     0.388210E-04
  0.280653E-04     0.241625E-04     0.243588E-04     0.315680E-04     0.422592E-04
  0.388119E-04     0.180035E-04     0.346164E-04     0.419990E-04     0.493370E-04
  0.390155E-04     0.399519E-04     0.340556E-04     0.252136E-04     0.267194E-04
  0.128642E-03     0.795764E-04     0.102551E-03     0.989213E-04     0.201910E-03
  0.146765E-03     0.227844E-03     0.179793E-03     0.154937E-03     0.402220E-03
  0.223946E-03     0.411493E-03     0.490082E-03     0.617040E-03     0.638632E-03
  0.912468E-03     0.636224E-03     0.621837E-03     0.731184E-03     0.123302E-02
  0.174411E-02     0.764394E-03     0.144946E-02     0.858620E-03     0.684950E-03
  0.204154E-02     0.212881E-02     0.177177E-02     0.325991E-02     0.248812E-02
  0.286627E-02     0.221519E-02     0.256493E-02     0.183047E-02     0.258196E-02
  0.505299E-02     0.394482E-02     0.426680E-02     0.310484E-02     0.369356E-02
  0.390869E-02     0.478572E-02     0.422081E-02     0.673981E-02     0.363810E-02
  0.502292E-02     0.590798E-02     0.650047E-02     0.637768E-02     0.598770E-02
  0.716415E-02     0.853747E-02     0.954754E-02     0.117863E-01     0.108798E-01
  0.846610E-02     0.891964E-02     0.127530E-01
 eigen energies, in eV 
    -44.342073       -44.336972       -44.256804       -44.255080       -43.890149
    -28.242372       -28.230364       -28.042945       -28.039222       -27.940879
    -27.925280       -27.912697       -27.866223       -27.861311       -27.852387
    -27.821995       -27.820755       -27.787647       -27.746158       -27.693340
    -27.677384       -27.667359       -27.644620       -27.611431       -27.585365
    -27.567375       -27.538783       -27.523593       -27.485693       -27.483394
    -27.432154       -27.431243       -27.414360       -27.394007       -27.382323
    -27.379372       -27.358322       -27.342775       -27.291369       -27.270984
    -27.264098       -27.245253       -27.233966       -27.226353       -27.190000
    -27.140467       -27.070733       -27.068864       -27.061291       -27.034980
    -27.034285       -27.009133       -27.004098       -26.990459       -26.939895
    -26.908582       -26.884326       -26.881334       -26.875165       -26.870796
    -26.832246       -26.758721       -26.730627       -26.699742       -26.648642
    -26.615130       -26.608469       -26.579112       -26.577021       -26.508296
    -26.502589       -26.408586       -26.376042       -26.358996       -26.298795
    -26.286184       -26.232625       -26.232402       -26.205508       -26.172153
    -26.170035       -26.125019       -26.087945       -26.083966       -26.046035
    -26.043888       -26.011854       -25.994677       -25.979212       -25.946553
    -25.942467       -25.929397       -25.918656       -25.906608       -25.840885
    -25.837224       -25.821291       -25.814620       -25.791463       -25.765145
    -25.761729       -25.746416       -25.711649       -25.705485       -25.686871
    -25.684454       -25.676082       -25.667052       -25.665805       -25.619887
    -25.614197       -25.609310       -25.602160       -25.581042       -25.538049
    -25.477404       -25.467315       -25.433886       -25.429329       -25.418125
    -25.406137       -25.405770       -25.370020       -25.368201       -25.341700
    -25.340480       -25.333428       -25.320966       -25.270656       -25.263548
    -25.234545       -25.176540       -25.117404       -25.116711       -25.063852
    -23.972874       -23.688461       -23.580040       -23.539620       -23.496791
    -23.494479       -23.493269       -23.476693       -23.431684       -23.428302
    -23.406594       -23.382307       -23.369374       -23.344231       -23.341773
    -23.298205       -23.260310       -23.244855       -23.203523       -23.197944
    -23.127431       -23.096134       -23.074312       -23.044731       -22.991208
    -22.989044       -22.938578       -22.916391       -22.903620       -22.898547
    -22.882662       -22.825433       -22.808740       -22.658616       -22.498631
    -21.757730       -21.622228       -21.394192       -21.387619       -21.301237
    -21.246431       -21.230613       -21.175653       -21.136878       -21.127513
    -21.110471       -21.098074       -21.091563       -21.067468       -21.059611
    -21.010614       -20.900492       -20.781826       -20.776870       -20.542354
    -18.491441       -18.379123       -18.364856       -18.203349       -18.092403
    -16.289136       -16.262392       -16.176171       -16.096380       -16.087764
    -16.076716       -16.064150       -16.045842       -15.940219       -15.874232
    -15.806177       -15.788236       -15.780390       -15.603902       -15.485909
    -14.978340       -14.972309       -14.964047       -14.960320       -14.832522
    -14.775994       -14.762673       -14.759441       -14.710089       -14.651824
    -14.648176       -14.631151       -14.595048       -14.574253       -14.570443
    -14.561952       -14.521400       -14.504743       -14.498519       -14.486901
    -14.430797       -14.377600       -14.347612       -14.128198       -14.104535
    -13.707448       -13.634632       -13.583152       -13.558478       -13.540288
    -13.512855       -13.508983       -13.447918       -13.433128       -13.414078
    -13.412853       -13.406981       -13.401014       -13.396286       -13.354185
    -13.351411       -13.329027       -13.322885       -13.311548       -13.295187
    -13.263801       -13.244062       -13.230986       -13.173666       -13.159757
    -13.155920       -13.141131       -13.121793       -13.115532       -12.785642
    -12.126812       -12.119403       -12.038089       -11.996212       -11.982844
    -11.972107       -11.964833       -11.947597       -11.900093       -11.870077
    -11.851184       -11.840549       -11.766216       -11.699763       -11.656403
    -11.648004       -11.555993       -11.509182       -11.500290       -11.484148
    -11.458693       -11.404072       -11.389519       -11.369784       -11.322560
    -11.304824       -11.236368       -11.200958       -11.197147       -11.096069
    -11.073844       -11.071134       -11.033494       -11.018726       -10.982607
    -10.928585       -10.886516       -10.860683       -10.768683       -10.746291
    -10.678943       -10.647104       -10.578573       -10.536919       -10.525661
    -10.515399       -10.502286       -10.471472       -10.458756       -10.433840
    -10.431484       -10.420435       -10.356048       -10.327794       -10.320248
    -10.314260       -10.306696       -10.299203       -10.287441       -10.276839
    -10.267993       -10.266840       -10.259948       -10.257030       -10.226627
    -10.207893       -10.199358       -10.196327       -10.191675       -10.174904
    -10.159236       -10.152229       -10.134909       -10.127351       -10.111964
    -10.077230       -10.075028       -10.030618       -10.028515       -10.025236
    -10.008118       -10.002028        -9.971186        -9.958591        -9.931469
     -9.930157        -9.913191        -9.908720        -9.901316        -9.892658
     -9.882500        -9.865851        -9.856776        -9.849991        -9.834959
     -9.802743        -9.793773        -9.784351        -9.781240        -9.773665
     -9.767566        -9.701743        -9.697928        -9.676952        -9.664202
     -9.662538        -9.659989        -9.655568        -9.632080        -9.613926
     -9.597646        -9.585150        -9.565494        -9.555529        -9.552844
     -9.547687        -9.532692        -9.508374        -9.500954        -9.492681
     -9.484490        -9.480522        -9.466975        -9.446446        -9.434004
     -9.414482        -9.390890        -9.385835        -9.355795        -9.339363
     -9.323433        -9.319868        -9.309690        -9.300065        -9.292296
     -9.283594        -9.265931        -9.250965        -9.215934        -9.188505
     -9.181024        -9.164390        -9.158284        -9.151959        -9.139221
     -9.122153        -9.088676        -9.084991        -9.061434        -9.047378
     -9.040886        -9.027722        -9.024266        -9.008185        -9.002718
     -8.996520        -8.980981        -8.975385        -8.964361        -8.945915
     -8.943864        -8.924880        -8.912396        -8.903353        -8.899359
     -8.883966        -8.873637        -8.866211        -8.859057        -8.843123
     -8.836416        -8.799293        -8.793020        -8.785609        -8.767162
     -8.749324        -8.741166        -8.734301        -8.721472        -8.705741
     -8.696673        -8.684758        -8.663355        -8.659714        -8.650750
     -8.635053        -8.608413        -8.591615        -8.576188        -8.568730
     -8.559065        -8.535119        -8.514218        -8.499914        -8.477984
     -8.462922        -8.458382        -8.392068        -8.387780        -8.361029
     -8.357746        -8.342294        -8.328562        -8.324404        -8.313847
     -8.294027        -8.271975        -8.260888        -8.233463        -8.223191
     -8.214949        -8.199032        -8.171604        -8.165356        -8.162598
     -8.112053        -8.079695        -8.071589        -8.065727        -8.027064
     -8.016221        -7.969589        -7.944156        -7.925612        -7.873618
     -7.844177        -7.832440        -7.818596        -7.814952        -7.800547
     -7.789129        -7.766193        -7.757635        -7.734251        -7.713373
     -7.704568        -7.676906        -7.669328        -7.627596        -7.609872
     -7.563209        -7.527885        -7.523510        -7.494895        -7.478438
     -7.441270        -7.427810        -7.409925        -7.386653        -7.361220
     -7.324481        -7.303695        -7.280471        -7.271524        -7.268695
     -7.256891        -7.227116        -7.223448        -7.214607        -7.145716
     -7.131411        -7.119463        -7.102079        -7.079252        -7.048600
     -7.034072        -7.016256        -7.012064        -6.979456        -6.954958
     -6.948240        -6.945161        -6.900979        -6.900329        -6.892644
     -6.876806        -6.855298        -6.846547        -6.796239        -6.790019
     -6.776269        -6.764544        -6.728836        -6.722837        -6.698453
     -6.690176        -6.689219        -6.653415        -6.647090        -6.642799
     -6.634973        -6.626162        -6.599588        -6.574598        -6.568507
     -6.550518        -6.537501        -6.526000        -6.508786        -6.502396
     -6.487561        -6.474074        -6.462765        -6.457197        -6.448956
     -6.427858        -6.398284        -6.382526        -6.374814        -6.368271
     -6.341473        -6.337954        -6.329151        -6.323553        -6.313575
     -6.308299        -6.280889        -6.267424        -6.258674        -6.255986
     -6.247381        -6.236234        -6.230325        -6.220171        -6.215218
     -6.200620        -6.193422        -6.187439        -6.183683        -6.169441
     -6.162885        -6.143932        -6.139391        -6.136719        -6.129191
     -6.120096        -6.116312        -6.099555        -6.090014        -6.083400
     -6.081689        -6.070440        -6.064400        -6.058812        -6.048296
     -6.040917        -6.038776        -6.019756        -6.017860        -6.010517
     -5.996144        -5.986179        -5.977429        -5.975896        -5.963946
     -5.956546        -5.947982        -5.936387        -5.933100        -5.922285
     -5.920872        -5.916090        -5.907103        -5.896035        -5.880644
     -5.869061        -5.863489        -5.854186        -5.852256        -5.835551
     -5.827978        -5.823232        -5.798683        -5.791313        -5.786295
     -5.784906        -5.766860        -5.764515        -5.759722        -5.752802
     -5.746216        -5.741015        -5.733131        -5.732456        -5.722155
     -5.720118        -5.715829        -5.703913        -5.689330        -5.686001
     -5.680304        -5.667521        -5.657726        -5.650013        -5.636543
     -5.634489        -5.627832        -5.619751        -5.608026        -5.601682
     -5.592659        -5.588260        -5.578822        -5.573503        -5.569928
     -5.562543        -5.559549        -5.554039        -5.548962        -5.539773
     -5.514553        -5.509797        -5.503182        -5.497910        -5.489603
     -5.483330        -5.473926        -5.472175        -5.465001        -5.461614
     -5.454943        -5.452396        -5.446452        -5.438387        -5.427255
     -5.426436        -5.423726        -5.412458        -5.404119        -5.403065
     -5.398334        -5.390115        -5.385130        -5.380097        -5.377789
     -5.363716        -5.355638        -5.352335        -5.346335        -5.337203
     -5.332994        -5.328660        -5.326988        -5.324430        -5.317123
     -5.312560        -5.305474        -5.298207        -5.295689        -5.288234
     -5.284253        -5.283961        -5.270654        -5.261015        -5.242699
     -5.233873        -5.229058        -5.223624        -5.218845        -5.214461
     -5.211958        -5.199800        -5.196621        -5.190162        -5.187957
     -5.175932        -5.171913        -5.168742        -5.159813        -5.153771
     -5.148465        -5.146405        -5.143013        -5.136222        -5.122808
     -5.122070        -5.113844        -5.110837        -5.107174        -5.100266
     -5.086698        -5.084410        -5.077019        -5.071640        -5.064164
     -5.064084        -5.058426        -5.054142        -5.047001        -5.041950
     -5.036310        -5.032756        -5.019587        -5.015677        -5.010996
     -5.001162        -4.998695        -4.987124        -4.983288        -4.970804
     -4.969116        -4.958667        -4.956292        -4.954511        -4.946750
     -4.944296        -4.939317        -4.929647        -4.924844        -4.911619
     -4.903687        -4.901857        -4.892104        -4.884195        -4.879856
     -4.874937        -4.873129        -4.863192        -4.859575        -4.850897
     -4.845329        -4.844162        -4.835315        -4.829485        -4.825825
     -4.808202        -4.801698        -4.797458        -4.792759        -4.790711
     -4.784387        -4.767862        -4.764892        -4.763750        -4.755153
     -4.746399        -4.738214        -4.728940        -4.717723        -4.716374
     -4.708504        -4.702035        -4.699931        -4.694866        -4.688710
     -4.682622        -4.679499        -4.670308        -4.662490        -4.653342
     -4.652462        -4.643356        -4.633772        -4.623903        -4.620195
     -4.611907        -4.600636        -4.588316        -4.576761        -4.561794
     -4.548382        -4.541523        -4.531991        -4.509619        -4.494869
     -4.491363        -4.480856        -4.468683        -4.462680        -4.452533
     -4.443447        -4.422892        -4.398417        -4.394012        -4.388124
     -4.352071        -4.333867        -4.315772        -4.306063        -4.300126
     -4.293304        -4.268790        -4.249999        -4.248493        -4.212382
     -4.201483        -4.176701        -4.138095        -4.137700        -4.116696
     -4.079243        -4.071544        -4.046410        -4.022642        -3.989509
     -3.961359        -3.944755        -3.933520        -3.919060        -3.890318
     -3.846502        -3.835071        -3.827620        -3.816043        -3.813337
     -3.801733        -3.793378        -3.789234        -3.772872        -3.765087
     -3.745982        -3.733289        -3.718970        -3.715836        -3.704896
     -3.697920        -3.681260        -3.663958        -3.654697        -3.645950
     -3.621297        -3.614177        -3.596212        -3.580771        -3.573897
     -3.556529        -3.540877        -3.539850        -3.535685        -3.530963
     -3.520724        -3.513870        -3.508680        -3.492716        -3.471835
     -3.448327        -3.445471        -3.435505        -3.433525        -3.414337
     -3.410302        -3.395773        -3.389180        -3.382812        -3.366908
     -3.358193        -3.351358        -3.342767        -3.332911        -3.322319
     -3.296851        -3.294477        -3.289110        -3.268903        -3.268308
     -3.252398        -3.245456        -3.207904        -3.197603        -3.195523
     -3.187604        -3.163422        -3.152882        -3.097978        -3.074372
     -3.062480        -3.058383        -2.986272        -2.979358        -2.959247
     -2.883436        -2.872003        -2.818154        -2.801559        -2.759023
     -2.732724        -2.709846        -2.700688        -2.666455        -2.633319
     -2.620069        -2.604967        -2.602801        -2.590797        -2.576312
     -2.571780        -2.545608        -2.520334        -2.470818        -2.452561
     -2.340443        -2.328655        -2.301906        -2.290895        -2.269084
     -2.260827        -2.235954        -2.216546        -2.186607        -2.161965
     -2.160404        -2.133434        -2.044069        -2.011747        -1.784508
      2.751014         2.831592         2.871576         2.925487         2.959328
      3.005814         3.095225         3.120875         3.168786         3.252969
      3.264893         3.314074         3.342347         3.380430         3.422869
      3.466707         3.493639         3.517177         3.566845         3.594182
      3.611726         3.624025         3.670789         3.691742         3.731888
      3.749099         3.785551         3.799408         3.811736         3.837064
      3.854950         3.867621         3.880891         3.921010         3.927058
      3.940931         3.974381         3.988626         4.008021         4.011009
      4.031496         4.066382         4.080552         4.085592         4.108971
      4.133943         4.143474         4.175685         4.184051         4.236752
      4.245312         4.254743         4.287172         4.307528         4.358962
      4.390090         4.449430         4.477411
 *********************************
 total computation time (sec)=   1997.40990805626     
