 AEM_Eatom=  6.840106864372736E-004
 AEM_Egroup=  6.646411409399724E-005
 AEM_Etot=  7.056957999643688E-004
 AEM_F=  0.500041358091245     
