 AEM_Eatom=  4.834950292533682E-002
 AEM_Egroup=  1.883151863031539E-003
 AEM_Etot=  1.075915630647261E-003
 AEM_F=  0.502210664928122     
