 AEM_Eatom=  3.200682204094310E-002
 AEM_Egroup=  2.412899297383278E-003
 AEM_Etot=  3.618708243407631E-003
 AEM_F=  0.525553935085846     
