 AEM_Eatom=  0.164425309324799     
 AEM_Egroup=  3.098441890992387E-002
 AEM_Etot=  1.249593723949449E-002
 AEM_F=  0.728853435387684     
