           4           1
 PRECISION  = SINGLE     
 JOB       = SCF
 IN.PSP1   = /home/sabs/shenjie/Pseudopotential/Li.nc.pbe.UPF
 IN.PSP2   = /home/sabs/shenjie/Pseudopotential/C.nc.pbe.UPF
 IN.PSP3   = /home/sabs/shenjie/Pseudopotential/O.nc.pbe.UPF
 IN.PSP4   = /home/sabs/shenjie/Pseudopotential/N.nc.pbe.UPF
 IN.PSP5   = /home/sabs/shenjie/Pseudopotential/S.nc.pbe.UPF
 IN.PSP6   = /home/sabs/shenjie/Pseudopotential/F.nc.pbe.UPF
 IN.PSP7   = /home/sabs/shenjie/Pseudopotential/H.nc.pbe.UPF
 IN.PSP8   = /home/sabs/shenjie/Pseudopotential/P.nc.pbe.UPF
 IN.ATOM   = atom.config         
 CONVERGENCE  = EASY
 ACCURACY  = NORM
 VFF_DETAIL =   1   500  0.50000000E-02     30.00000     4.00000     0.00000     1.00000  
 EGG_DETAIL =            3           3           3
 SPIN      =   1
 CONSTRAINT_MAG =           0
 RANDOM_SEED=           0
 QIJ_DETAIL =   0  1
 SCF_MIX = CHARGE
 PWSCF_OUTPUT     =  F
 Ecut      =    60.0000000000000     
 Ecut2     =    120.000000000000     
 Ecut2L    =    120.000000000000     
 EcutP    =    60.0000000000000     
 N123      =   120   120   120
 NS123     =    40    40    40
 N123L     =   120   120   120
 STRESS_CORR =   0.100000E+01  0.000000E+00  0.200000E+01  0.000000E+00
 XCFUNCTIONAL = LDA
 HSE_DETAIL    =      1.00000000    1     0.00000000    6 1 1
 RELAX_HSE    =    20   0.50000E-01     2
 VDW       = NONE
 LONDON_S6      =   0.000000000000000E+000
 LONDON_C6(1)      =   -1.00000000000000     
 LONDON_C6(2)      =   -1.00000000000000     
 LONDON_C6(3)      =   -1.00000000000000     
 LONDON_C6(4)      =   -1.00000000000000     
 LONDON_C6(5)      =   -1.00000000000000     
 LONDON_C6(6)      =   -1.00000000000000     
 LONDON_C6(7)      =   -1.00000000000000     
 LONDON_C6(8)      =   -1.00000000000000     
 LONDON_RCUT      =   0.000000000000000E+000
 DFTD3_S6        =   0.000000000000000E+000
 DFTD3_RS6        =   0.000000000000000E+000
 DFTD3_S18        =   0.000000000000000E+000
 DFTD3_RS18        =   0.000000000000000E+000
 DFTD3_ALPHA6        =   0.000000000000000E+000
 DFTD3_VERSION        =            0
 DFTD3_3BODY        =  F
 COULOMB   =    0
 IN.WG     =  F
 OUT.WG    =  F
 IN.RHO    =  F
 OUT.RHOATOM =  F
 OUT.RHO   =  F
 IN.VR     =  F
 OUT.VR    =  F
 OUT.ELF   =  F
 IN.VEXT   =  F
 OUT.VATOM   =  F
 OUT.FORCE =  T
 OUT.STRESS =  F
 IN.KPT    =  F
 IN.SYMM   =  F
 SYMM_PREC =    0.10000E-04
 MP_N123 =      1      1      1      0      0      0      0
 NUM_KPT =            1
 CHARGE_DECOMP = F
 ENERGY_DECOMP = F 
 IN.SOLVENT =  F
 NUM_ELECTRON =   1940.00000000000     
 FIX_FERMI =   F  0.000000E+00  0.000000E+00  0.000000E+00
 IN.NONSCF    =  F
 NUM_BAND  =  1028
 OUT.REAL.RHOWF_SP= 0
 WG_ERROR  =   1.000000000000000E-004
 E_ERROR   =   5.279008887880000E-003
 RHO_ERROR =   5.000000000000000E-005
 RHO_RELATIVE_ERROR      =   0.000000000000000E+000
 FORCE_RELATIVE_ERROR     =   0.000000000000000E+000
 MIN_SCF_ITER     =            1
 SYS_TYPE   =            1
 PULAY_MIX_OPT =     30  1  0       1.00000       0.00000
 PULAY_METRIC_Q0 =       -1.00000
 IN.OCC    =  F          -1
 IN.CC    =  F
 IN.OCC_ADIA    =  F
 SCF_ITER0_1 =    6   4    3    0.0000     0.02500    1
 SCF_ITER0_2 =   94   4    3    1.0000     0.02500    1
 SCF_ITER1_1 =   40   4    3    1.0000     0.02500    1
 NONLOCAL  =  2
 IN.A_FIELD =  F       0.00000       0.00000       0.00000
 RCUT      =    4.00000000000000     
 IN.PSP_RCUT1 =   4.00000000000000     
 IN.PSP_RCUT2 =   4.00000000000000     
 IN.PSP_RCUT3 =   4.00000000000000     
 IN.PSP_RCUT4 =   4.00000000000000     
 IN.PSP_RCUT5 =   4.00000000000000     
 IN.PSP_RCUT6 =   4.00000000000000     
 IN.PSP_RCUT7 =   4.00000000000000     
 IN.PSP_RCUT8 =   4.00000000000000     
 MD_VV_SCALE =    100
 LDAU_PSP1   =           -1  2.721138638331097E-009  2.721138638331097E-009  eV
 LDAU_PSP2   =           -1  2.721138638331097E-009  2.721138638331097E-009  eV
 LDAU_PSP3   =           -1  2.721138638331097E-009  2.721138638331097E-009  eV
 LDAU_PSP4   =           -1  2.721138638331097E-009  2.721138638331097E-009  eV
 LDAU_PSP5   =           -1  2.721138638331097E-009  2.721138638331097E-009  eV
 LDAU_PSP6   =           -1  2.721138638331097E-009  2.721138638331097E-009  eV
 LDAU_PSP7   =           -1  2.721138638331097E-009  2.721138638331097E-009  eV
 LDAU_PSP8   =           -1  2.721138638331097E-009  2.721138638331097E-009  eV
 NUM_BLOCKED_PSI=  F
 WF_STORE2DISK  =            0
 NUM_DOS_GRID =         4000
 NMAP_MAX =        50000
 KERK_AMIN =   0.300000000000000     
 KERK_AMIX =   0.400000000000000     
 KERK_AMIX_MAG =   0.800000000000000     
 KERK_BMIX =   0.500000000000000     
 LDAU_MIX =   0.700000000000000     
 PULAY_WEIGHT_SPIN =    1.00000000000000     
 PULAY_WEIGHT_NS =    1.00000000000000     
 OUT.MLMD    =  F
 NUM_MPI_PER_GPU =     1
 FLAG_CYLINDER =            0
 SET_OUT_FERMI_POS =  F           0
 E_FINITE =  F   0.00000E+00   0.00000E+00   0.00000E+00
 MLINE_EIGEN =      1
 
 ------------------------------------------------
 total number of K-point:           1
   0.00000     0.00000    0.00000     1.00000            
 ------------------------------------------------
 
 
 *********************************************
 *********** end of etot.input report ********
 minimum n1,n2,n3 from Ecut2
     118.970      119.148      119.089
 minimum n1L,n2L,n3L from Ecut2L
     118.970      119.148      119.089
 *********************************************
 
 
Weighted average num_of_PW for all kpoint=                       312673.000
 ************************************
 E_Hxc(eV)         50304.7595062811     
 E_ion(eV)        -221207.425529079     
 E_Coul(eV)        78576.0972046165     
 E_Hxc+E_ion(eV)  -170902.666022798     
 NONSCF     1          AVE_STATE_ERROR= 0.5919E+01
 NONSCF     2          AVE_STATE_ERROR= 0.1630E+01
 NONSCF     3          AVE_STATE_ERROR= 0.5036E+00
 NONSCF     4          AVE_STATE_ERROR= 0.9297E-01
 NONSCF     5          AVE_STATE_ERROR= 0.1555E-01
 NONSCF     6          AVE_STATE_ERROR= 0.3079E-02
 iter=   7   ave_lin=  4.0  iCGmth=   3
 Ef(eV)               = -.1700405E+01
 err of ug            = 0.1204E-02
 dv_ave, drho_tot     = 0.0000E+00 0.1242E+00
 E_tot(eV)            = -.13306041591287E+06    -.1331E+06
 -------------------------------------------
 iter=   8   ave_lin=  4.0  iCGmth=   3
 Ef(eV)               = -.1341492E+00
 err of ug            = 0.1081E-01
 dv_ave, drho_tot     = 0.1743E-01 0.7178E-01
 E_tot(eV)            = -.13295075013261E+06    0.1097E+03
 -------------------------------------------
 iter=   9   ave_lin=  4.0  iCGmth=   3
 Ef(eV)               = -.1029117E+01
 err of ug            = 0.6818E-02
 dv_ave, drho_tot     = 0.1407E-01 0.3044E-01
 E_tot(eV)            = -.13291635725775E+06    0.3439E+02
 -------------------------------------------
 iter=  10   ave_lin=  4.0  iCGmth=   3
 Ef(eV)               = -.9551597E+00
 err of ug            = 0.2084E-02
 dv_ave, drho_tot     = 0.6936E-02 0.1084E-01
 E_tot(eV)            = -.13291096363665E+06    0.5394E+01
 -------------------------------------------
 iter=  11   ave_lin=  4.0  iCGmth=   3
 Ef(eV)               = -.9498695E+00
 err of ug            = 0.5561E-03
 dv_ave, drho_tot     = 0.3146E-02 0.6025E-02
 E_tot(eV)            = -.13291026936660E+06    0.6943E+00
 -------------------------------------------
 iter=  12   ave_lin=  4.0  iCGmth=   3
 Ef(eV)               = 0.8846647E+00
 err of ug            = 0.3050E-03
 dv_ave, drho_tot     = 0.3566E-02 0.3724E-02
 E_tot(eV)            = -.13290974336272E+06    0.5260E+00
 -------------------------------------------
 iter=  13   ave_lin=  4.0  iCGmth=   3
 Ef(eV)               = 0.7657167E+00
 err of ug            = 0.3554E-03
 dv_ave, drho_tot     = 0.4207E-02 0.2885E-02
 E_tot(eV)            = -.13290922075240E+06    0.5226E+00
 -------------------------------------------
 iter=  14   ave_lin=  4.0  iCGmth=   3
 Ef(eV)               = 0.8037124E+00
 err of ug            = 0.3304E-03
 dv_ave, drho_tot     = 0.5706E-02 0.2289E-02
 E_tot(eV)            = -.13290875047180E+06    0.4703E+00
 -------------------------------------------
 iter=  15   ave_lin=  4.0  iCGmth=   3
 Ef(eV)               = 0.9813108E+00
 err of ug            = 0.3597E-03
 dv_ave, drho_tot     = 0.6587E-02 0.1831E-02
 E_tot(eV)            = -.13290840979852E+06    0.3407E+00
 -------------------------------------------
 iter=  16   ave_lin=  4.0  iCGmth=   3
 Ef(eV)               = 0.1069691E+01
 err of ug            = 0.2640E-03
 dv_ave, drho_tot     = 0.4363E-02 0.1396E-02
 E_tot(eV)            = -.13290832996984E+06    0.7983E-01
 -------------------------------------------
 iter=  17   ave_lin=  4.0  iCGmth=   3
 Ef(eV)               = 0.1283110E+01
 err of ug            = 0.2033E-03
 dv_ave, drho_tot     = 0.3773E-02 0.1084E-02
 E_tot(eV)            = -.13290830240901E+06    0.2756E-01
 -------------------------------------------
 iter=  18   ave_lin=  4.0  iCGmth=   3
 Ef(eV)               = 0.1435828E+01
 err of ug            = 0.1315E-03
 dv_ave, drho_tot     = 0.2952E-02 0.8039E-03
 E_tot(eV)            = -.13290828786671E+06    0.1454E-01
 -------------------------------------------
 iter=  19   ave_lin=  4.0  iCGmth=   3
 Ef(eV)               = 0.1558233E+01
 err of ug            = 0.1101E-03
 dv_ave, drho_tot     = 0.2536E-02 0.6131E-03
 E_tot(eV)            = -.13290827084998E+06    0.1702E-01
 -------------------------------------------
 iter=  20   ave_lin=  4.0  iCGmth=   3
 Ef(eV)               = 0.1656531E+01
 err of ug            = 0.9760E-04
 dv_ave, drho_tot     = 0.2362E-02 0.4614E-03
 E_tot(eV)            = -.13290825756797E+06    0.1328E-01
 -------------------------------------------
 iter=  21   ave_lin=  4.0  iCGmth=   3
 Ef(eV)               = 0.1695664E+01
 err of ug            = 0.6558E-04
 dv_ave, drho_tot     = 0.1042E-02 0.3810E-03
 E_tot(eV)            = -.13290824989279E+06    0.7675E-02
 -------------------------------------------
 iter=  22   ave_lin=  4.0  iCGmth=   3
 Ef(eV)               = 0.1684038E+01
 err of ug            = 0.6452E-04
 dv_ave, drho_tot     = 0.1080E-02 0.3089E-03
 E_tot(eV)            = -.13290824324523E+06    0.6648E-02
 -------------------------------------------
 iter=  23   ave_lin=  4.0  iCGmth=   3
 Ef(eV)               = 0.1660793E+01
 err of ug            = 0.5419E-04
 dv_ave, drho_tot     = 0.8907E-03 0.2485E-03
 E_tot(eV)            = -.13290823958999E+06    0.3655E-02
 -------------------------------------------
 E_Fermi(eV)=   1.66079270490965     
 ---------------------------------------------------
 Ef(eV)               = 0.1660793E+01
 dvE, dvE(n)-dvE(n-1) = 0.7933E-06 -.3735E-06
 dv_ave, drho_tot     = 0.8907E-03 0.2485E-03
 err of ug            = 0.5419E-04
 ---------------------------------------------------
 ending_scf_reason = tol Etot_err  5.279008887880000E-003
 Ewald        = -.41626950748797E+05
 Alpha        = 0.15207970391171E+04
 E_extV       = 0.00000000000000E+00    0.0000E+00
 E_NSC        = -.21414904001785E+05    0.7139E+00
 E[-rho*V_Hxc]= -.12292195385538E+06    -.7103E+00
 E_Hxc        = 0.51534771976861E+05    0.7232E+00
 -TS          = -.47603035089146E-15    0.1222E-14
 E_tot(eV)    = -.13290823958999E+06    0.3655E-02
 E_tot(Ryd)   = -.97685755141103E+04    0.1343E-03
 ---------------------------------------------------
 ---------------------------------------------------
 occup for:      kpt=1,spin=1,m=(totN/2-2,totN/2+2)
   1.000    1.000    1.000    0.000    0.000
 eigen(eV) for:  kpt=1,spin=1,m=(totN/2-2,totN/2+2)
  -1.935   -1.909   -1.859    2.558    2.760
 ---------------------------------------------------
 ---------------------------------------------------
 E_Hart,E_xc,E_ion =0.80334948102520E+05  -.28800176125659E+05  -.22372534041041E+06
 E_Hxc+E_ion       =-.17219056843355E+06
 E_kin+E_nonloc    =0.79388482553244E+05
 E_rhoVext,E_IVext     =0.00000000000000E+00  0.00000000000000E+00
 E_psiV,E_dDrho =-.10080368405613E+06  0.00000000000000E+00
 ave(vtot):v0 =-.76906029508724E+01
 ave(V_ion_s(or p,d))=ave(V_Hatree)=0; ave(Vtot)=ave(V_xc)=v0
 ---------------------------------------------------
 *********************************
 Eigen energies are values after setting ave(Vtot)=0
 For Vtot=V_ion+V_Hartree+V_xc, and
 ave(V_ion+V_Hatree)=0, ave(V_xc).ne.0:  E=E+v0
 *********************************
iislda,kpt=   1,    1      0.000000     0.000000     0.000000             kpoint in xyz unit 
 err of each states, A.U
  0.173183E-04     0.628153E-04     0.306126E-04     0.198076E-04     0.337158E-04
  0.408498E-04     0.285216E-04     0.991347E-04     0.195829E-04     0.173949E-04
  0.333790E-04     0.161448E-04     0.166588E-04     0.213229E-04     0.125101E-04
  0.291011E-04     0.240981E-04     0.232742E-04     0.346611E-04     0.155944E-04
  0.193590E-04     0.326175E-04     0.165469E-04     0.259736E-04     0.810703E-04
  0.381198E-04     0.282939E-04     0.177551E-04     0.234894E-04     0.176120E-04
  0.348990E-04     0.167615E-04     0.325069E-04     0.212042E-04     0.146872E-04
  0.160067E-04     0.200360E-04     0.129340E-04     0.138450E-04     0.136165E-04
  0.271652E-04     0.193065E-04     0.289546E-04     0.173835E-04     0.462993E-04
  0.241326E-04     0.214772E-04     0.191049E-04     0.221991E-04     0.256756E-04
  0.156163E-04     0.174899E-04     0.344359E-04     0.137316E-04     0.603583E-04
  0.414985E-04     0.669929E-04     0.213842E-04     0.265559E-04     0.239421E-04
  0.611983E-04     0.198235E-04     0.168153E-04     0.194779E-04     0.126001E-04
  0.160542E-04     0.186845E-04     0.265077E-04     0.263374E-04     0.179141E-04
  0.203753E-04     0.301813E-04     0.141903E-03     0.514263E-04     0.158320E-04
  0.630416E-04     0.129695E-04     0.670974E-04     0.128647E-04     0.267753E-04
  0.995150E-05     0.107877E-04     0.120187E-04     0.130404E-04     0.134750E-04
  0.417848E-04     0.123743E-04     0.993944E-04     0.145454E-04     0.188227E-04
  0.657798E-04     0.117981E-04     0.113869E-04     0.142026E-04     0.217059E-04
  0.233265E-04     0.104570E-04     0.130316E-04     0.139484E-04     0.521019E-04
  0.634639E-04     0.118551E-04     0.176962E-04     0.119838E-04     0.145897E-04
  0.279402E-04     0.208272E-04     0.118991E-04     0.189501E-04     0.156293E-04
  0.536575E-04     0.109951E-04     0.115799E-04     0.158274E-04     0.694097E-04
  0.286250E-04     0.167300E-04     0.127657E-04     0.132043E-04     0.131176E-04
  0.252642E-04     0.112775E-04     0.482884E-04     0.126696E-04     0.129498E-04
  0.136131E-04     0.383763E-04     0.185240E-04     0.166569E-04     0.409234E-04
  0.182245E-04     0.198606E-04     0.240545E-04     0.129152E-04     0.121736E-04
  0.143611E-04     0.225443E-04     0.632077E-04     0.150229E-04     0.139315E-04
  0.551893E-04     0.136115E-04     0.371537E-04     0.624459E-04     0.290350E-04
  0.156970E-04     0.121323E-04     0.149914E-04     0.217440E-04     0.191519E-04
  0.115114E-04     0.150321E-04     0.107314E-04     0.622265E-04     0.170442E-04
  0.364253E-04     0.895435E-04     0.153346E-04     0.195050E-04     0.381757E-04
  0.120822E-04     0.114842E-04     0.132994E-04     0.202031E-04     0.346524E-04
  0.263491E-04     0.127538E-04     0.184336E-04     0.174177E-04     0.219809E-04
  0.300312E-04     0.164997E-04     0.117700E-04     0.301153E-04     0.220046E-04
  0.181296E-04     0.183741E-04     0.173054E-04     0.274515E-04     0.258676E-04
  0.175257E-04     0.102285E-04     0.124989E-04     0.102480E-04     0.228897E-04
  0.125290E-04     0.102031E-04     0.136988E-04     0.116172E-04     0.101154E-04
  0.133871E-04     0.230272E-04     0.375668E-04     0.104207E-04     0.277494E-04
  0.182105E-04     0.148052E-04     0.157792E-04     0.199621E-04     0.121147E-04
  0.192676E-04     0.110311E-04     0.117803E-04     0.192735E-04     0.210265E-04
  0.113802E-04     0.139998E-04     0.353539E-04     0.142760E-04     0.140242E-04
  0.252245E-04     0.247259E-04     0.250297E-04     0.151069E-04     0.189910E-04
  0.122391E-04     0.188909E-04     0.148575E-04     0.226057E-04     0.221091E-04
  0.205398E-04     0.272570E-04     0.172427E-04     0.131132E-04     0.172055E-04
  0.155021E-04     0.207589E-04     0.137579E-04     0.117142E-04     0.219986E-04
  0.123426E-04     0.195873E-04     0.135572E-04     0.185848E-04     0.126170E-04
  0.123183E-04     0.141872E-04     0.139766E-04     0.152485E-04     0.211473E-04
  0.135248E-04     0.132422E-04     0.208378E-04     0.180089E-04     0.194253E-04
  0.130428E-04     0.144755E-04     0.200558E-04     0.149635E-04     0.193443E-04
  0.173182E-04     0.151000E-04     0.145859E-04     0.153537E-04     0.229790E-04
  0.150806E-04     0.149063E-04     0.200843E-04     0.170560E-04     0.144727E-04
  0.227147E-04     0.155795E-04     0.156438E-04     0.145650E-04     0.173214E-04
  0.199817E-04     0.320112E-04     0.162563E-04     0.165340E-04     0.251068E-04
  0.152976E-04     0.148891E-04     0.167125E-04     0.232673E-04     0.179624E-04
  0.172372E-04     0.221348E-04     0.256684E-04     0.317240E-04     0.172767E-04
  0.221973E-04     0.217292E-04     0.237322E-04     0.263412E-04     0.228063E-04
  0.296628E-04     0.169968E-04     0.177479E-04     0.207513E-04     0.209753E-04
  0.136689E-04     0.323918E-04     0.181253E-04     0.177269E-04     0.158733E-04
  0.236190E-04     0.194263E-04     0.243855E-04     0.211348E-04     0.243161E-04
  0.235047E-04     0.204191E-04     0.133976E-04     0.150988E-04     0.147158E-04
  0.199916E-04     0.207462E-04     0.231312E-04     0.306303E-04     0.246081E-04
  0.211847E-04     0.202570E-04     0.469888E-04     0.209131E-04     0.160708E-04
  0.216001E-04     0.322617E-04     0.447432E-04     0.251957E-04     0.205106E-04
  0.214670E-04     0.237894E-04     0.200897E-04     0.267472E-04     0.264369E-04
  0.263874E-04     0.233066E-04     0.330993E-04     0.321901E-04     0.230850E-04
  0.222293E-04     0.262445E-04     0.194449E-04     0.266224E-04     0.256730E-04
  0.241886E-04     0.306168E-04     0.313918E-04     0.219136E-04     0.118405E-04
  0.214400E-04     0.244177E-04     0.276474E-04     0.248397E-04     0.295081E-04
  0.283346E-04     0.232865E-04     0.206040E-04     0.235073E-04     0.228525E-04
  0.221135E-04     0.227998E-04     0.312707E-04     0.225856E-04     0.261454E-04
  0.231247E-04     0.217088E-04     0.219886E-04     0.291276E-04     0.161333E-04
  0.236896E-04     0.208448E-04     0.228616E-04     0.241760E-04     0.296585E-04
  0.198056E-04     0.263076E-04     0.251167E-04     0.277932E-04     0.189021E-04
  0.155092E-04     0.239546E-04     0.267344E-04     0.276196E-04     0.219626E-04
  0.227219E-04     0.206734E-04     0.250627E-04     0.271851E-04     0.269279E-04
  0.251063E-04     0.218482E-04     0.189504E-04     0.172172E-04     0.208037E-04
  0.211010E-04     0.326755E-04     0.221061E-04     0.314432E-04     0.346757E-04
  0.276037E-04     0.291614E-04     0.238807E-04     0.257980E-04     0.316624E-04
  0.264074E-04     0.300773E-04     0.173288E-04     0.201099E-04     0.296076E-04
  0.330799E-04     0.287211E-04     0.265051E-04     0.255168E-04     0.278780E-04
  0.251080E-04     0.259064E-04     0.248318E-04     0.301008E-04     0.237306E-04
  0.230423E-04     0.382916E-04     0.296163E-04     0.448810E-04     0.213544E-04
  0.268413E-04     0.307973E-04     0.291277E-04     0.287277E-04     0.283011E-04
  0.326934E-04     0.368240E-04     0.291435E-04     0.268039E-04     0.298752E-04
  0.422296E-04     0.344868E-04     0.371264E-04     0.312385E-04     0.353627E-04
  0.271833E-04     0.251204E-04     0.352659E-04     0.312026E-04     0.359182E-04
  0.343014E-04     0.227675E-04     0.297082E-04     0.282856E-04     0.299455E-04
  0.286335E-04     0.497946E-04     0.250826E-04     0.255791E-04     0.293948E-04
  0.333563E-04     0.285875E-04     0.216953E-04     0.394404E-04     0.301315E-04
  0.204338E-04     0.539559E-04     0.223591E-04     0.238386E-04     0.267121E-04
  0.307853E-04     0.274541E-04     0.281894E-04     0.277581E-04     0.274727E-04
  0.247438E-04     0.242775E-04     0.216886E-04     0.395888E-04     0.309034E-04
  0.330477E-04     0.403560E-04     0.395339E-04     0.215144E-04     0.240522E-04
  0.278847E-04     0.234600E-04     0.150850E-04     0.193006E-04     0.179508E-04
  0.292282E-04     0.290145E-04     0.286583E-04     0.288470E-04     0.431888E-04
  0.253942E-04     0.216597E-04     0.431599E-04     0.353376E-04     0.216514E-04
  0.282343E-04     0.285562E-04     0.281517E-04     0.193483E-04     0.175023E-04
  0.209775E-04     0.219763E-04     0.198890E-04     0.203801E-04     0.151448E-04
  0.169368E-04     0.200188E-04     0.191446E-04     0.233465E-04     0.217760E-04
  0.232739E-04     0.211820E-04     0.178833E-04     0.189708E-04     0.210004E-04
  0.172209E-04     0.239219E-04     0.175423E-04     0.208115E-04     0.223638E-04
  0.201002E-04     0.189383E-04     0.284765E-04     0.243585E-04     0.213636E-04
  0.299623E-04     0.230010E-04     0.234179E-04     0.324855E-04     0.191745E-04
  0.251469E-04     0.279665E-04     0.273915E-04     0.211942E-04     0.241444E-04
  0.379140E-04     0.343711E-04     0.203438E-04     0.329269E-04     0.242373E-04
  0.256721E-04     0.242763E-04     0.269502E-04     0.225390E-04     0.144930E-04
  0.306991E-04     0.208085E-04     0.146858E-04     0.181234E-04     0.178516E-04
  0.233050E-04     0.229174E-04     0.264719E-04     0.230197E-04     0.230967E-04
  0.292325E-04     0.231927E-04     0.260931E-04     0.209399E-04     0.171301E-04
  0.254758E-04     0.255846E-04     0.277962E-04     0.198446E-04     0.169426E-04
  0.212704E-04     0.199887E-04     0.178648E-04     0.218089E-04     0.227066E-04
  0.262724E-04     0.297594E-04     0.223313E-04     0.236604E-04     0.168148E-04
  0.203720E-04     0.238109E-04     0.186378E-04     0.223813E-04     0.234667E-04
  0.238184E-04     0.205519E-04     0.204010E-04     0.295116E-04     0.192057E-04
  0.228643E-04     0.231973E-04     0.278210E-04     0.202720E-04     0.259989E-04
  0.195354E-04     0.222438E-04     0.243290E-04     0.254363E-04     0.276151E-04
  0.207837E-04     0.234537E-04     0.161863E-04     0.252660E-04     0.186449E-04
  0.297950E-04     0.246203E-04     0.223248E-04     0.205620E-04     0.221783E-04
  0.222975E-04     0.234402E-04     0.241508E-04     0.215507E-04     0.207622E-04
  0.232346E-04     0.209232E-04     0.223160E-04     0.223803E-04     0.224492E-04
  0.204147E-04     0.220637E-04     0.231792E-04     0.198806E-04     0.216290E-04
  0.228260E-04     0.213692E-04     0.230242E-04     0.198063E-04     0.285375E-04
  0.246108E-04     0.238186E-04     0.161429E-04     0.260769E-04     0.224926E-04
  0.230706E-04     0.234211E-04     0.297422E-04     0.331670E-04     0.200932E-04
  0.268166E-04     0.232400E-04     0.261194E-04     0.217587E-04     0.201935E-04
  0.230675E-04     0.204138E-04     0.238487E-04     0.230522E-04     0.231102E-04
  0.204713E-04     0.209994E-04     0.249383E-04     0.235961E-04     0.252017E-04
  0.226300E-04     0.224463E-04     0.210213E-04     0.186360E-04     0.224012E-04
  0.266676E-04     0.246391E-04     0.287469E-04     0.246788E-04     0.260567E-04
  0.203158E-04     0.236531E-04     0.225081E-04     0.265687E-04     0.224697E-04
  0.216243E-04     0.253310E-04     0.238665E-04     0.201381E-04     0.231107E-04
  0.195856E-04     0.236089E-04     0.192044E-04     0.239974E-04     0.241250E-04
  0.239532E-04     0.268516E-04     0.271398E-04     0.271653E-04     0.251004E-04
  0.287986E-04     0.240548E-04     0.299078E-04     0.230748E-04     0.247813E-04
  0.256180E-04     0.246353E-04     0.270017E-04     0.275305E-04     0.241666E-04
  0.281686E-04     0.281109E-04     0.270709E-04     0.290324E-04     0.330974E-04
  0.262677E-04     0.284669E-04     0.271123E-04     0.300470E-04     0.293140E-04
  0.251892E-04     0.262809E-04     0.274014E-04     0.235130E-04     0.255077E-04
  0.292339E-04     0.230258E-04     0.281611E-04     0.272740E-04     0.261778E-04
  0.322597E-04     0.245620E-04     0.282943E-04     0.254820E-04     0.251172E-04
  0.280784E-04     0.281025E-04     0.254785E-04     0.274857E-04     0.292864E-04
  0.239438E-04     0.261041E-04     0.306862E-04     0.302019E-04     0.291479E-04
  0.278340E-04     0.287859E-04     0.305100E-04     0.323935E-04     0.323032E-04
  0.310623E-04     0.285192E-04     0.305414E-04     0.310493E-04     0.314901E-04
  0.328007E-04     0.309654E-04     0.306502E-04     0.375686E-04     0.316037E-04
  0.310723E-04     0.339397E-04     0.314013E-04     0.306927E-04     0.339597E-04
  0.282029E-04     0.291149E-04     0.269723E-04     0.317625E-04     0.308475E-04
  0.327468E-04     0.411817E-04     0.281712E-04     0.377544E-04     0.257635E-04
  0.339259E-04     0.313543E-04     0.288587E-04     0.317756E-04     0.307342E-04
  0.351505E-04     0.328596E-04     0.308651E-04     0.318544E-04     0.259654E-04
  0.304508E-04     0.277829E-04     0.317611E-04     0.300993E-04     0.298940E-04
  0.286755E-04     0.305895E-04     0.446370E-04     0.338974E-04     0.280424E-04
  0.294472E-04     0.308166E-04     0.356320E-04     0.292562E-04     0.305188E-04
  0.275362E-04     0.273941E-04     0.303368E-04     0.324100E-04     0.329574E-04
  0.297701E-04     0.293633E-04     0.302900E-04     0.327675E-04     0.377068E-04
  0.314786E-04     0.311925E-04     0.292224E-04     0.271771E-04     0.339775E-04
  0.335871E-04     0.370818E-04     0.302804E-04     0.321528E-04     0.282085E-04
  0.376142E-04     0.346889E-04     0.329016E-04     0.312895E-04     0.293295E-04
  0.238208E-04     0.290233E-04     0.290846E-04     0.251376E-04     0.331051E-04
  0.317565E-04     0.384951E-04     0.307652E-04     0.288748E-04     0.326283E-04
  0.303508E-04     0.393792E-04     0.309915E-04     0.354343E-04     0.239822E-04
  0.272162E-04     0.299708E-04     0.355899E-04     0.463510E-04     0.382502E-04
  0.305254E-04     0.296872E-04     0.334233E-04     0.310465E-04     0.264902E-04
  0.317532E-04     0.346062E-04     0.330049E-04     0.260504E-04     0.296433E-04
  0.308715E-04     0.334883E-04     0.308007E-04     0.376616E-04     0.384221E-04
  0.374716E-04     0.343428E-04     0.270842E-04     0.399828E-04     0.382032E-04
  0.474669E-04     0.306159E-04     0.344255E-04     0.520851E-04     0.330228E-04
  0.251989E-04     0.228129E-04     0.328312E-04     0.527366E-04     0.355303E-04
  0.237626E-04     0.312750E-04     0.320039E-04     0.268355E-04     0.317315E-04
  0.250036E-04     0.284509E-04     0.288395E-04     0.259093E-04     0.234691E-04
  0.256434E-04     0.291543E-04     0.376774E-04     0.319270E-04     0.265096E-04
  0.255000E-04     0.293746E-04     0.263480E-04     0.322354E-04     0.456460E-04
  0.313643E-04     0.422446E-04     0.301007E-04     0.402629E-04     0.399330E-04
  0.395695E-04     0.339970E-04     0.628614E-04     0.333382E-04     0.361658E-04
  0.446876E-04     0.436352E-04     0.475793E-04     0.463265E-04     0.364706E-04
  0.442196E-04     0.249189E-04     0.631877E-04     0.474468E-04     0.342750E-04
  0.551113E-04     0.319396E-04     0.607666E-04     0.407121E-04     0.592348E-04
  0.346142E-04     0.466444E-04     0.379543E-04     0.403454E-04     0.380143E-04
  0.365471E-04     0.269264E-04     0.335339E-04     0.390678E-04     0.510951E-04
  0.376376E-04     0.460271E-04     0.367912E-04     0.360154E-04     0.348891E-04
  0.298423E-04     0.521726E-04     0.355071E-04     0.402562E-04     0.389588E-04
  0.570267E-04     0.651998E-04     0.273970E-04     0.544732E-04     0.506753E-04
  0.293912E-04     0.279075E-04     0.447503E-04     0.321521E-04     0.501955E-04
  0.265939E-04     0.440754E-04     0.410973E-04     0.330090E-04     0.622025E-04
  0.331274E-04     0.518297E-04     0.378255E-04     0.309958E-04     0.383547E-04
  0.537608E-04     0.288569E-04     0.465590E-04     0.277153E-04     0.756664E-04
  0.468372E-04     0.249882E-04     0.267603E-04     0.416760E-04     0.328166E-04
  0.319799E-04     0.387331E-04     0.283571E-04     0.272880E-04     0.447396E-04
  0.328587E-04     0.266234E-04     0.375693E-04     0.280703E-04     0.528769E-04
  0.275151E-04     0.310623E-04     0.281079E-04     0.240015E-04     0.362774E-04
  0.362122E-04     0.460538E-04     0.331240E-04     0.467940E-04     0.420955E-04
  0.384967E-04     0.467318E-04     0.341226E-04     0.328945E-04     0.410489E-04
  0.175423E-04     0.356082E-04     0.416048E-04     0.283070E-04     0.272670E-04
  0.708764E-04     0.952090E-04     0.208247E-03     0.139408E-03     0.166613E-03
  0.135968E-03     0.199962E-03     0.121871E-03     0.184988E-03     0.305115E-03
  0.372378E-03     0.382662E-03     0.379508E-03     0.642695E-03     0.596974E-03
  0.393636E-03     0.452203E-03     0.804276E-03     0.775767E-03     0.873142E-03
  0.117901E-02     0.104328E-02     0.816760E-03     0.111453E-02     0.142782E-02
  0.175334E-02     0.140651E-02     0.860802E-03     0.127870E-02     0.206548E-02
  0.147014E-02     0.145185E-02     0.320787E-02     0.264709E-02     0.272258E-02
  0.217138E-02     0.305747E-02     0.137702E-02     0.283922E-02     0.386977E-02
  0.327509E-02     0.375867E-02     0.501555E-02     0.410397E-02     0.399335E-02
  0.490468E-02     0.408388E-02     0.370221E-02     0.881037E-02     0.561725E-02
  0.775736E-02     0.650636E-02     0.553249E-02     0.104421E-01     0.986558E-02
  0.136665E-01     0.982451E-02     0.112708E-01
 eigen energies, in eV 
    -44.521292       -44.477637       -44.384721       -44.149338       -43.938523
    -28.526932       -28.449767       -28.442798       -28.381117       -28.257634
    -28.237880       -28.224802       -28.218854       -28.119352       -28.082021
    -28.000024       -27.993217       -27.989100       -27.987128       -27.932038
    -27.918474       -27.910687       -27.900874       -27.891559       -27.880436
    -27.848097       -27.813383       -27.773903       -27.763574       -27.759013
    -27.711898       -27.699683       -27.687269       -27.683711       -27.669735
    -27.632799       -27.615337       -27.613411       -27.584441       -27.459133
    -27.448453       -27.433151       -27.378511       -27.378451       -27.343970
    -27.339186       -27.327450       -27.312830       -27.310402       -27.260423
    -27.235513       -27.220461       -27.211708       -27.196444       -27.184234
    -27.180662       -27.180383       -27.144826       -27.133146       -27.110804
    -27.090181       -27.072532       -27.068943       -26.970018       -26.927295
    -26.902426       -26.890879       -26.888642       -26.768823       -26.719199
    -26.701261       -26.675018       -26.611484       -26.586703       -26.562652
    -26.503251       -26.496481       -26.424003       -26.378416       -26.369108
    -26.349138       -26.303539       -26.283043       -26.272984       -26.249378
    -26.197738       -26.196980       -26.180635       -26.168936       -26.080861
    -26.078424       -26.063896       -26.056729       -26.036271       -25.977056
    -25.963034       -25.961043       -25.925395       -25.908846       -25.902216
    -25.881761       -25.872897       -25.851061       -25.850113       -25.830401
    -25.824983       -25.821083       -25.803644       -25.781656       -25.776361
    -25.738232       -25.726062       -25.705531       -25.698835       -25.690217
    -25.689436       -25.683705       -25.680536       -25.672077       -25.631715
    -25.621920       -25.607153       -25.556380       -25.496297       -25.486110
    -25.450914       -25.437013       -25.429404       -25.428580       -25.404250
    -25.363323       -25.320922       -25.191563       -25.077661       -25.059181
    -24.036241       -23.929371       -23.873655       -23.706504       -23.580913
    -23.503927       -23.491859       -23.410116       -23.345831       -23.344071
    -23.302051       -23.284795       -23.206390       -23.190670       -23.157734
    -23.150813       -23.149790       -23.118730       -23.086198       -23.057907
    -23.053114       -23.011285       -22.995760       -22.933666       -22.900610
    -22.872694       -22.867264       -22.859738       -22.813866       -22.763563
    -22.703158       -22.530423       -22.386160       -22.185467       -22.107281
    -21.984339       -21.580050       -21.452450       -21.406975       -21.341385
    -21.336897       -21.303938       -21.215203       -21.181407       -21.130960
    -21.074274       -21.046521       -21.044379       -21.044022       -20.889917
    -20.842775       -20.810852       -20.770201       -20.745282       -20.666902
    -18.463623       -18.412091       -18.168517       -18.124803       -18.064050
    -16.549775       -16.216967       -16.170157       -16.077903       -16.075622
    -16.020041       -15.954937       -15.949135       -15.917465       -15.828243
    -15.731858       -15.686052       -15.620701       -15.536182       -15.528492
    -15.403910       -15.332287       -15.065968       -15.024914       -14.979033
    -14.945236       -14.941117       -14.865252       -14.843449       -14.840541
    -14.763222       -14.749331       -14.631644       -14.612988       -14.578579
    -14.551749       -14.497189       -14.465846       -14.448539       -14.437984
    -14.396965       -14.346208       -14.332057       -14.325340       -14.265628
    -14.006756       -13.797297       -13.764575       -13.758415       -13.742835
    -13.607667       -13.581232       -13.557887       -13.522704       -13.507003
    -13.494009       -13.486128       -13.480127       -13.455562       -13.452930
    -13.433972       -13.412157       -13.393504       -13.382976       -13.355892
    -13.344299       -13.313632       -13.298781       -13.262776       -13.253288
    -13.199587       -13.184814       -13.176606       -12.958264       -12.906969
    -12.281715       -12.216081       -12.200607       -12.184810       -12.129648
    -12.017201       -11.945146       -11.939471       -11.931556       -11.927328
    -11.910731       -11.838161       -11.828742       -11.818695       -11.809070
    -11.663133       -11.658133       -11.644421       -11.616171       -11.592379
    -11.557701       -11.552975       -11.547826       -11.492157       -11.466309
    -11.441136       -11.425431       -11.417073       -11.381093       -11.375732
    -11.356518       -11.344238       -11.323725       -11.273456       -11.241350
    -11.222765       -11.066161       -10.991234       -10.905851       -10.882933
    -10.835181       -10.789297       -10.778041       -10.744704       -10.728483
    -10.680367       -10.675816       -10.657798       -10.614762       -10.577175
    -10.541011       -10.514715       -10.494381       -10.476990       -10.472969
    -10.459453       -10.448664       -10.410772       -10.400577       -10.393766
    -10.365806       -10.362888       -10.348468       -10.344010       -10.334654
    -10.333019       -10.315790       -10.298524       -10.277780       -10.263518
    -10.259669       -10.230382       -10.228252       -10.210529       -10.205193
    -10.184862       -10.173546       -10.152615       -10.105758       -10.093761
    -10.093006       -10.047742       -10.036550       -10.031495       -10.019554
    -10.015312       -10.013880        -9.997482        -9.986497        -9.982994
     -9.966838        -9.953707        -9.938858        -9.934741        -9.921895
     -9.916123        -9.911303        -9.907722        -9.890930        -9.861367
     -9.855335        -9.850949        -9.843844        -9.817321        -9.813105
     -9.789859        -9.756593        -9.745730        -9.732316        -9.725262
     -9.721908        -9.714482        -9.695061        -9.688813        -9.681536
     -9.679798        -9.668525        -9.629450        -9.623029        -9.616130
     -9.612083        -9.593955        -9.560958        -9.554418        -9.542792
     -9.540230        -9.526250        -9.520502        -9.517661        -9.511929
     -9.490221        -9.489219        -9.462949        -9.460053        -9.445087
     -9.374217        -9.371848        -9.363897        -9.332164        -9.326493
     -9.313131        -9.308476        -9.306139        -9.277692        -9.265601
     -9.255904        -9.246667        -9.243271        -9.220351        -9.203531
     -9.196619        -9.151781        -9.117546        -9.106469        -9.100330
     -9.092958        -9.088385        -9.082813        -9.079054        -9.073794
     -9.066209        -9.054624        -9.045727        -9.024836        -9.018458
     -8.998254        -8.991534        -8.959808        -8.936861        -8.929731
     -8.925011        -8.915238        -8.894223        -8.892632        -8.878488
     -8.864335        -8.852429        -8.836691        -8.826254        -8.813530
     -8.796261        -8.781710        -8.778824        -8.762061        -8.751594
     -8.731228        -8.712077        -8.699505        -8.690929        -8.664704
     -8.658958        -8.625370        -8.614354        -8.611016        -8.604975
     -8.590449        -8.566434        -8.565438        -8.517328        -8.500056
     -8.473020        -8.464725        -8.458863        -8.440307        -8.409302
     -8.393318        -8.383840        -8.353558        -8.311508        -8.291215
     -8.290368        -8.287839        -8.257974        -8.248674        -8.229100
     -8.223271        -8.216038        -8.171799        -8.145230        -8.097307
     -8.086129        -8.071004        -8.037758        -7.999405        -7.979263
     -7.960799        -7.953914        -7.918244        -7.875866        -7.865561
     -7.847262        -7.832713        -7.790643        -7.770914        -7.765668
     -7.754356        -7.727197        -7.718831        -7.703632        -7.681278
     -7.671833        -7.655495        -7.646648        -7.592109        -7.581391
     -7.556780        -7.500348        -7.490647        -7.469132        -7.454115
     -7.415164        -7.402023        -7.397455        -7.354459        -7.322267
     -7.267095        -7.264292        -7.250152        -7.234920        -7.232758
     -7.216192        -7.206997        -7.188429        -7.183062        -7.169203
     -7.154506        -7.141444        -7.121335        -7.109148        -7.098282
     -7.067133        -7.040856        -7.025916        -7.004734        -7.000919
     -6.992997        -6.966001        -6.959571        -6.949740        -6.913063
     -6.899757        -6.863062        -6.852619        -6.837559        -6.825722
     -6.815722        -6.811638        -6.771913        -6.754431        -6.742000
     -6.722583        -6.714297        -6.698176        -6.688681        -6.674759
     -6.656407        -6.648611        -6.637436        -6.604392        -6.603284
     -6.601154        -6.596627        -6.581533        -6.555130        -6.545531
     -6.536349        -6.517102        -6.509972        -6.507405        -6.498812
     -6.475692        -6.462428        -6.449766        -6.444864        -6.439726
     -6.416014        -6.401395        -6.395408        -6.385526        -6.379472
     -6.368138        -6.362515        -6.352132        -6.339964        -6.330819
     -6.312604        -6.307883        -6.302541        -6.297801        -6.286996
     -6.283951        -6.280980        -6.272027        -6.266002        -6.253673
     -6.236907        -6.230745        -6.207948        -6.195440        -6.189964
     -6.187367        -6.182077        -6.166383        -6.146202        -6.135492
     -6.130397        -6.117966        -6.106884        -6.085335        -6.081866
     -6.079622        -6.074648        -6.060217        -6.050597        -6.048926
     -6.041340        -6.034079        -6.021057        -6.009479        -6.002533
     -5.992824        -5.989414        -5.984322        -5.978052        -5.960510
     -5.958834        -5.951462        -5.945501        -5.939123        -5.933671
     -5.926762        -5.916567        -5.903039        -5.884765        -5.880105
     -5.869343        -5.859693        -5.855264        -5.851670        -5.836081
     -5.834856        -5.817642        -5.803098        -5.789672        -5.781366
     -5.779226        -5.772024        -5.760415        -5.754866        -5.750611
     -5.739835        -5.738558        -5.726558        -5.718555        -5.713285
     -5.706199        -5.701574        -5.691919        -5.681024        -5.677604
     -5.671426        -5.664395        -5.659600        -5.649379        -5.645721
     -5.632269        -5.626787        -5.618159        -5.614571        -5.612982
     -5.607460        -5.601158        -5.593293        -5.590156        -5.580132
     -5.568567        -5.567089        -5.562252        -5.553186        -5.547498
     -5.544730        -5.540689        -5.528057        -5.522480        -5.519804
     -5.517749        -5.509565        -5.505239        -5.497662        -5.492722
     -5.485973        -5.469948        -5.460549        -5.451581        -5.449380
     -5.439699        -5.425500        -5.422870        -5.418323        -5.413087
     -5.410701        -5.405442        -5.397544        -5.391387        -5.384086
     -5.376910        -5.362585        -5.360185        -5.351283        -5.346640
     -5.338227        -5.328547        -5.316780        -5.314579        -5.303987
     -5.300462        -5.293518        -5.290925        -5.285158        -5.277540
     -5.270590        -5.262752        -5.257319        -5.253054        -5.237650
     -5.230897        -5.228533        -5.225388        -5.216466        -5.213534
     -5.209969        -5.197129        -5.192568        -5.188926        -5.185938
     -5.179864        -5.176510        -5.171908        -5.159962        -5.148112
     -5.142729        -5.127785        -5.126398        -5.119908        -5.116655
     -5.112109        -5.099747        -5.093273        -5.090313        -5.086279
     -5.071498        -5.067402        -5.063433        -5.052966        -5.049138
     -5.039403        -5.037861        -5.031998        -5.029099        -5.020705
     -5.019995        -5.012946        -5.006325        -4.986636        -4.986181
     -4.975287        -4.962849        -4.955553        -4.944176        -4.940148
     -4.938247        -4.932028        -4.925425        -4.918661        -4.917281
     -4.907788        -4.904510        -4.895111        -4.891158        -4.887778
     -4.881972        -4.877285        -4.874341        -4.872565        -4.862953
     -4.858384        -4.853462        -4.848189        -4.843685        -4.835038
     -4.829570        -4.822465        -4.820998        -4.807124        -4.800840
     -4.797838        -4.791135        -4.788604        -4.772049        -4.766108
     -4.751993        -4.748067        -4.739562        -4.730661        -4.714142
     -4.702858        -4.699211        -4.697671        -4.687168        -4.682276
     -4.673634        -4.663269        -4.642315        -4.635278        -4.620998
     -4.613349        -4.606341        -4.598124        -4.595637        -4.592164
     -4.554296        -4.548133        -4.541450        -4.531453        -4.511364
     -4.509276        -4.501421        -4.493765        -4.488989        -4.475114
     -4.464545        -4.456333        -4.437025        -4.429449        -4.414987
     -4.380999        -4.374349        -4.312694        -4.308366        -4.293979
     -4.289360        -4.283713        -4.267562        -4.252868        -4.239339
     -4.234949        -4.217904        -4.165495        -4.154851        -4.141426
     -4.126726        -4.120832        -4.095914        -4.083205        -4.050852
     -4.030371        -4.004147        -3.989228        -3.939105        -3.911363
     -3.894242        -3.874865        -3.866467        -3.847770        -3.838417
     -3.830520        -3.816538        -3.796372        -3.774693        -3.756257
     -3.746191        -3.720275        -3.690682        -3.676043        -3.667891
     -3.635154        -3.628370        -3.602672        -3.602193        -3.586472
     -3.576574        -3.561249        -3.538116        -3.535956        -3.523439
     -3.516444        -3.510554        -3.495881        -3.480230        -3.474271
     -3.459621        -3.426440        -3.406163        -3.396679        -3.392099
     -3.376861        -3.372963        -3.362083        -3.358436        -3.358211
     -3.341430        -3.333188        -3.328416        -3.319031        -3.315159
     -3.301572        -3.270006        -3.260852        -3.252065        -3.241220
     -3.224079        -3.218198        -3.184532        -3.167243        -3.143305
     -3.132143        -3.113307        -3.093368        -3.077476        -3.065615
     -3.034546        -3.020083        -2.995465        -2.989925        -2.982914
     -2.952784        -2.946491        -2.937475        -2.909356        -2.889902
     -2.879481        -2.846680        -2.784673        -2.754398        -2.743083
     -2.733876        -2.726090        -2.701727        -2.696788        -2.627447
     -2.597798        -2.596908        -2.586887        -2.581500        -2.540977
     -2.510393        -2.493002        -2.450270        -2.439711        -2.371543
     -2.362070        -2.316474        -2.287040        -2.281210        -2.265301
     -2.231883        -2.227672        -2.190419        -2.185496        -2.097983
     -2.091014        -1.980862        -1.935484        -1.909340        -1.858789
      2.558037         2.759583         2.870795         2.999925         3.026185
      3.070965         3.105373         3.116492         3.136869         3.198193
      3.336864         3.393677         3.446240         3.477946         3.494555
      3.511870         3.543697         3.634913         3.649464         3.689158
      3.737653         3.770109         3.789374         3.840954         3.863969
      3.865479         3.890835         3.919323         3.953154         3.986096
      4.020751         4.042843         4.056191         4.079250         4.086470
      4.096548         4.141803         4.149690         4.171428         4.177641
      4.211611         4.236440         4.246186         4.258340         4.278820
      4.308469         4.324732         4.358858         4.374478         4.419547
      4.431498         4.450051         4.492912         4.500332         4.522445
      4.536134         4.574005         4.631901
 *********************************
 total computation time (sec)=   1996.43341803551     
