 AEM_Eatom=  5.101386317684635E-002
 AEM_Egroup=  3.520642035451607E-003
 AEM_Etot=  1.352352705722834E-003
 AEM_F=  0.537755241940312     
