 AEM_Eatom=  0.110262847015279     
 AEM_Egroup=  1.134413394303572E-002
 AEM_Etot=  2.179633924215256E-003
 AEM_F=  0.536332190111003     
