 AEM_Eatom=  1.172319465135309E-002
 AEM_Egroup=  9.064317608376073E-004
 AEM_Etot=  7.187673812746468E-004
 AEM_F=  0.500687952754490     
