 AEM_Eatom=  2.169476340055804E-002
 AEM_Egroup=  1.611408396912702E-003
 AEM_Etot=  8.517107047349474E-004
 AEM_F=  0.503104833701061     
