 AEM_Eatom=  0.828261559272787     
 AEM_Egroup=  0.120702169187688     
 AEM_Etot=  1.056919229408207E-002
 AEM_F=   1.48010708400449     
