 AEM_Eatom=  1.449652696468870E-002
 AEM_Egroup=  2.084560705282990E-003
 AEM_Etot=  5.533427320396886E-004
 AEM_F=  0.501181729273855     
