 AEM_Eatom=  0.119020746092456     
 AEM_Egroup=  2.170620140134534E-002
 AEM_Etot=  1.464489907492925E-002
 AEM_F=  0.665727244346294     
