 AEM_Eatom=  1.293898066048695E-002
 AEM_Egroup=  1.753213449256661E-003
 AEM_Etot=  7.878614192613663E-004
 AEM_F=  0.501252495791056     
