 AEM_Eatom=  4.162304821741823E-003
 AEM_Egroup=  5.919391737173154E-004
 AEM_Etot=  7.094542783203493E-004
 AEM_F=  0.501096413741325     
