 AEM_Eatom=  3.184580370483438E-002
 AEM_Egroup=  2.202427678715053E-003
 AEM_Etot=  1.897223470907076E-003
 AEM_F=  0.570332831679331     
