           4           1
 PRECISION  = SINGLE     
 JOB       = SCF
 IN.PSP1   = /home/sabs/shenjie/Pseudopotential/Li.nc.pbe.UPF
 IN.PSP2   = /home/sabs/shenjie/Pseudopotential/C.nc.pbe.UPF
 IN.PSP3   = /home/sabs/shenjie/Pseudopotential/O.nc.pbe.UPF
 IN.PSP4   = /home/sabs/shenjie/Pseudopotential/N.nc.pbe.UPF
 IN.PSP5   = /home/sabs/shenjie/Pseudopotential/S.nc.pbe.UPF
 IN.PSP6   = /home/sabs/shenjie/Pseudopotential/F.nc.pbe.UPF
 IN.PSP7   = /home/sabs/shenjie/Pseudopotential/H.nc.pbe.UPF
 IN.PSP8   = /home/sabs/shenjie/Pseudopotential/P.nc.pbe.UPF
 IN.ATOM   = atom.config         
 CONVERGENCE  = EASY
 ACCURACY  = NORM
 VFF_DETAIL =   1   500  0.50000000E-02     30.00000     4.00000     0.00000     1.00000  
 EGG_DETAIL =            3           3           3
 SPIN      =   1
 CONSTRAINT_MAG =           0
 RANDOM_SEED=           0
 QIJ_DETAIL =   0  1
 SCF_MIX = CHARGE
 PWSCF_OUTPUT     =  F
 Ecut      =    60.0000000000000     
 Ecut2     =    120.000000000000     
 Ecut2L    =    120.000000000000     
 EcutP    =    60.0000000000000     
 N123      =   120   120   120
 NS123     =    40    40    40
 N123L     =   120   120   120
 STRESS_CORR =   0.100000E+01  0.000000E+00  0.200000E+01  0.000000E+00
 XCFUNCTIONAL = LDA
 HSE_DETAIL    =      1.00000000    1     0.00000000    6 1 1
 RELAX_HSE    =    20   0.50000E-01     2
 VDW       = NONE
 LONDON_S6      =   0.000000000000000E+000
 LONDON_C6(1)      =   -1.00000000000000     
 LONDON_C6(2)      =   -1.00000000000000     
 LONDON_C6(3)      =   -1.00000000000000     
 LONDON_C6(4)      =   -1.00000000000000     
 LONDON_C6(5)      =   -1.00000000000000     
 LONDON_C6(6)      =   -1.00000000000000     
 LONDON_C6(7)      =   -1.00000000000000     
 LONDON_C6(8)      =   -1.00000000000000     
 LONDON_RCUT      =   0.000000000000000E+000
 DFTD3_S6        =   0.000000000000000E+000
 DFTD3_RS6        =   0.000000000000000E+000
 DFTD3_S18        =   0.000000000000000E+000
 DFTD3_RS18        =   0.000000000000000E+000
 DFTD3_ALPHA6        =   0.000000000000000E+000
 DFTD3_VERSION        =            0
 DFTD3_3BODY        =  F
 COULOMB   =    0
 IN.WG     =  F
 OUT.WG    =  F
 IN.RHO    =  F
 OUT.RHOATOM =  F
 OUT.RHO   =  F
 IN.VR     =  F
 OUT.VR    =  F
 OUT.ELF   =  F
 IN.VEXT   =  F
 OUT.VATOM   =  F
 OUT.FORCE =  T
 OUT.STRESS =  F
 IN.KPT    =  F
 IN.SYMM   =  F
 SYMM_PREC =    0.10000E-04
 MP_N123 =      1      1      1      0      0      0      0
 NUM_KPT =            1
 CHARGE_DECOMP = F
 ENERGY_DECOMP = F 
 IN.SOLVENT =  F
 NUM_ELECTRON =   1940.00000000000     
 FIX_FERMI =   F  0.000000E+00  0.000000E+00  0.000000E+00
 IN.NONSCF    =  F
 NUM_BAND  =  1028
 OUT.REAL.RHOWF_SP= 0
 WG_ERROR  =   1.000000000000000E-004
 E_ERROR   =   5.279008887880000E-003
 RHO_ERROR =   5.000000000000000E-005
 RHO_RELATIVE_ERROR      =   0.000000000000000E+000
 FORCE_RELATIVE_ERROR     =   0.000000000000000E+000
 MIN_SCF_ITER     =            1
 SYS_TYPE   =            1
 PULAY_MIX_OPT =     30  1  0       1.00000       0.00000
 PULAY_METRIC_Q0 =       -1.00000
 IN.OCC    =  F          -1
 IN.CC    =  F
 IN.OCC_ADIA    =  F
 SCF_ITER0_1 =    6   4    3    0.0000     0.02500    1
 SCF_ITER0_2 =   94   4    3    1.0000     0.02500    1
 SCF_ITER1_1 =   40   4    3    1.0000     0.02500    1
 NONLOCAL  =  2
 IN.A_FIELD =  F       0.00000       0.00000       0.00000
 RCUT      =    4.00000000000000     
 IN.PSP_RCUT1 =   4.00000000000000     
 IN.PSP_RCUT2 =   4.00000000000000     
 IN.PSP_RCUT3 =   4.00000000000000     
 IN.PSP_RCUT4 =   4.00000000000000     
 IN.PSP_RCUT5 =   4.00000000000000     
 IN.PSP_RCUT6 =   4.00000000000000     
 IN.PSP_RCUT7 =   4.00000000000000     
 IN.PSP_RCUT8 =   4.00000000000000     
 MD_VV_SCALE =    100
 LDAU_PSP1   =           -1  2.721138638331097E-009  2.721138638331097E-009  eV
 LDAU_PSP2   =           -1  2.721138638331097E-009  2.721138638331097E-009  eV
 LDAU_PSP3   =           -1  2.721138638331097E-009  2.721138638331097E-009  eV
 LDAU_PSP4   =           -1  2.721138638331097E-009  2.721138638331097E-009  eV
 LDAU_PSP5   =           -1  2.721138638331097E-009  2.721138638331097E-009  eV
 LDAU_PSP6   =           -1  2.721138638331097E-009  2.721138638331097E-009  eV
 LDAU_PSP7   =           -1  2.721138638331097E-009  2.721138638331097E-009  eV
 LDAU_PSP8   =           -1  2.721138638331097E-009  2.721138638331097E-009  eV
 NUM_BLOCKED_PSI=  F
 WF_STORE2DISK  =            0
 NUM_DOS_GRID =         4000
 NMAP_MAX =        50000
 KERK_AMIN =   0.300000000000000     
 KERK_AMIX =   0.400000000000000     
 KERK_AMIX_MAG =   0.800000000000000     
 KERK_BMIX =   0.500000000000000     
 LDAU_MIX =   0.700000000000000     
 PULAY_WEIGHT_SPIN =    1.00000000000000     
 PULAY_WEIGHT_NS =    1.00000000000000     
 OUT.MLMD    =  F
 NUM_MPI_PER_GPU =     1
 FLAG_CYLINDER =            0
 SET_OUT_FERMI_POS =  F           0
 E_FINITE =  F   0.00000E+00   0.00000E+00   0.00000E+00
 MLINE_EIGEN =      1
 
 ------------------------------------------------
 total number of K-point:           1
   0.00000     0.00000    0.00000     1.00000            
 ------------------------------------------------
 
 
 *********************************************
 *********** end of etot.input report ********
 minimum n1,n2,n3 from Ecut2
     118.970      119.148      119.089
 minimum n1L,n2L,n3L from Ecut2L
     118.970      119.148      119.089
 *********************************************
 
 
Weighted average num_of_PW for all kpoint=                       312673.000
 ************************************
 E_Hxc(eV)         50662.9336058278     
 E_ion(eV)        -221967.254190782     
 E_Coul(eV)        78939.6662847604     
 E_Hxc+E_ion(eV)  -171304.320584954     
 NONSCF     1          AVE_STATE_ERROR= 0.5919E+01
 NONSCF     2          AVE_STATE_ERROR= 0.1629E+01
 NONSCF     3          AVE_STATE_ERROR= 0.5059E+00
 NONSCF     4          AVE_STATE_ERROR= 0.9413E-01
 NONSCF     5          AVE_STATE_ERROR= 0.1567E-01
 NONSCF     6          AVE_STATE_ERROR= 0.3044E-02
 iter=   7   ave_lin=  4.0  iCGmth=   3
 Ef(eV)               = -.1318267E+01
 err of ug            = 0.1193E-02
 dv_ave, drho_tot     = 0.0000E+00 0.1224E+00
 E_tot(eV)            = -.13304835800269E+06    -.1330E+06
 -------------------------------------------
 iter=   8   ave_lin=  4.0  iCGmth=   3
 Ef(eV)               = -.1356573E+01
 err of ug            = 0.1071E-01
 dv_ave, drho_tot     = 0.1717E-01 0.7070E-01
 E_tot(eV)            = -.13294346850006E+06    0.1049E+03
 -------------------------------------------
 iter=   9   ave_lin=  4.0  iCGmth=   3
 Ef(eV)               = -.9075638E+00
 err of ug            = 0.6609E-02
 dv_ave, drho_tot     = 0.1368E-01 0.3040E-01
 E_tot(eV)            = -.13291119179296E+06    0.3228E+02
 -------------------------------------------
 iter=  10   ave_lin=  4.0  iCGmth=   3
 Ef(eV)               = -.8296810E+00
 err of ug            = 0.2088E-02
 dv_ave, drho_tot     = 0.6932E-02 0.1063E-01
 E_tot(eV)            = -.13290584059298E+06    0.5351E+01
 -------------------------------------------
 iter=  11   ave_lin=  4.0  iCGmth=   3
 Ef(eV)               = -.8046282E+00
 err of ug            = 0.5495E-03
 dv_ave, drho_tot     = 0.3034E-02 0.6010E-02
 E_tot(eV)            = -.13290517175758E+06    0.6688E+00
 -------------------------------------------
 iter=  12   ave_lin=  4.0  iCGmth=   3
 Ef(eV)               = -.7779152E+00
 err of ug            = 0.3109E-03
 dv_ave, drho_tot     = 0.3522E-02 0.3676E-02
 E_tot(eV)            = -.13290464906917E+06    0.5227E+00
 -------------------------------------------
 iter=  13   ave_lin=  4.0  iCGmth=   3
 Ef(eV)               = -.7394257E+00
 err of ug            = 0.3564E-03
 dv_ave, drho_tot     = 0.4047E-02 0.2850E-02
 E_tot(eV)            = -.13290414742583E+06    0.5016E+00
 -------------------------------------------
 iter=  14   ave_lin=  4.0  iCGmth=   3
 Ef(eV)               = 0.1164520E+01
 err of ug            = 0.3363E-03
 dv_ave, drho_tot     = 0.5541E-02 0.2256E-02
 E_tot(eV)            = -.13290368962685E+06    0.4578E+00
 -------------------------------------------
 iter=  15   ave_lin=  4.0  iCGmth=   3
 Ef(eV)               = 0.1329303E+01
 err of ug            = 0.3503E-03
 dv_ave, drho_tot     = 0.6278E-02 0.1805E-02
 E_tot(eV)            = -.13290336972959E+06    0.3199E+00
 -------------------------------------------
 iter=  16   ave_lin=  4.0  iCGmth=   3
 Ef(eV)               = 0.1459358E+01
 err of ug            = 0.2575E-03
 dv_ave, drho_tot     = 0.4265E-02 0.1376E-02
 E_tot(eV)            = -.13290328699177E+06    0.8274E-01
 -------------------------------------------
 iter=  17   ave_lin=  4.0  iCGmth=   3
 Ef(eV)               = 0.1669011E+01
 err of ug            = 0.1983E-03
 dv_ave, drho_tot     = 0.3690E-02 0.1063E-02
 E_tot(eV)            = -.13290325590980E+06    0.3108E-01
 -------------------------------------------
 iter=  18   ave_lin=  4.0  iCGmth=   3
 Ef(eV)               = 0.1751273E+01
 err of ug            = 0.1294E-03
 dv_ave, drho_tot     = 0.2857E-02 0.7891E-03
 E_tot(eV)            = -.13290323982817E+06    0.1608E-01
 -------------------------------------------
 iter=  19   ave_lin=  4.0  iCGmth=   3
 Ef(eV)               = -.3563374E+00
 err of ug            = 0.1080E-03
 dv_ave, drho_tot     = 0.2408E-02 0.6013E-03
 E_tot(eV)            = -.13290322265473E+06    0.1717E-01
 -------------------------------------------
 iter=  20   ave_lin=  4.0  iCGmth=   3
 Ef(eV)               = -.3248584E+00
 err of ug            = 0.9375E-04
 dv_ave, drho_tot     = 0.2311E-02 0.4543E-03
 E_tot(eV)            = -.13290321017293E+06    0.1248E-01
 -------------------------------------------
 iter=  21   ave_lin=  4.0  iCGmth=   3
 Ef(eV)               = -.3148110E+00
 err of ug            = 0.6620E-04
 dv_ave, drho_tot     = 0.1085E-02 0.3770E-03
 E_tot(eV)            = -.13290320246143E+06    0.7711E-02
 -------------------------------------------
 iter=  22   ave_lin=  4.0  iCGmth=   3
 Ef(eV)               = -.3295390E+00
 err of ug            = 0.6456E-04
 dv_ave, drho_tot     = 0.1078E-02 0.3063E-03
 E_tot(eV)            = -.13290319603262E+06    0.6429E-02
 -------------------------------------------
 iter=  23   ave_lin=  4.0  iCGmth=   3
 Ef(eV)               = 0.1867396E+01
 err of ug            = 0.5232E-04
 dv_ave, drho_tot     = 0.8447E-03 0.2475E-03
 E_tot(eV)            = -.13290319245570E+06    0.3577E-02
 -------------------------------------------
 E_Fermi(eV)=   1.86739631497073     
 ---------------------------------------------------
 Ef(eV)               = 0.1867396E+01
 dvE, dvE(n)-dvE(n-1) = 0.7135E-06 -.4487E-06
 dv_ave, drho_tot     = 0.8447E-03 0.2475E-03
 err of ug            = 0.5232E-04
 ---------------------------------------------------
 ending_scf_reason = tol Etot_err  5.279008887880000E-003
 Ewald        = -.41256653223331E+05
 Alpha        = 0.15207970391171E+04
 E_extV       = 0.00000000000000E+00    0.0000E+00
 E_NSC        = -.21442619127438E+05    0.6427E+00
 E[-rho*V_Hxc]= -.12359960843392E+06    -.6391E+00
 E_Hxc        = 0.51874891289867E+05    0.6598E+00
 -TS          = -.39521365387174E-09    -.3952E-09
 E_tot(eV)    = -.13290319245570E+06    0.3577E-02
 E_tot(Ryd)   = -.97682045565794E+04    0.1314E-03
 ---------------------------------------------------
 ---------------------------------------------------
 occup for:      kpt=1,spin=1,m=(totN/2-2,totN/2+2)
   1.000    1.000    1.000    0.000    0.000
 eigen(eV) for:  kpt=1,spin=1,m=(totN/2-2,totN/2+2)
  -1.940   -1.848   -1.760    2.412    2.672
 ---------------------------------------------------
 ---------------------------------------------------
 E_Hart,E_xc,E_ion =0.80671396446260E+05  -.28796505156393E+05  -.22442220442327E+06
 E_Hxc+E_ion       =-.17254731313341E+06
 E_kin+E_nonloc    =0.79379976861918E+05
 E_rhoVext,E_IVext     =0.00000000000000E+00  0.00000000000000E+00
 E_psiV,E_dDrho =-.10082279613684E+06  0.00000000000000E+00
 ave(vtot):v0 =-.77002701549414E+01
 ave(V_ion_s(or p,d))=ave(V_Hatree)=0; ave(Vtot)=ave(V_xc)=v0
 ---------------------------------------------------
 *********************************
 Eigen energies are values after setting ave(Vtot)=0
 For Vtot=V_ion+V_Hartree+V_xc, and
 ave(V_ion+V_Hatree)=0, ave(V_xc).ne.0:  E=E+v0
 *********************************
iislda,kpt=   1,    1      0.000000     0.000000     0.000000             kpoint in xyz unit 
 err of each states, A.U
  0.363481E-04     0.632339E-04     0.182189E-04     0.385376E-04     0.240287E-04
  0.115365E-03     0.784839E-04     0.166073E-04     0.218653E-04     0.171557E-04
  0.168510E-04     0.448343E-04     0.898761E-04     0.233751E-04     0.148681E-04
  0.148057E-04     0.242784E-04     0.150577E-04     0.147419E-04     0.135004E-04
  0.144445E-04     0.302008E-04     0.294503E-04     0.258413E-04     0.476458E-04
  0.120383E-04     0.164443E-04     0.148076E-04     0.166425E-04     0.550372E-04
  0.684387E-04     0.426429E-04     0.434958E-04     0.666879E-04     0.149497E-04
  0.181048E-04     0.382542E-04     0.148611E-04     0.194296E-04     0.230715E-04
  0.175395E-04     0.193591E-04     0.149365E-04     0.202170E-04     0.336248E-04
  0.156242E-04     0.228949E-04     0.154711E-04     0.292558E-04     0.170198E-04
  0.248766E-04     0.764597E-04     0.284684E-04     0.168291E-04     0.160396E-04
  0.344667E-04     0.201482E-04     0.360134E-04     0.134634E-04     0.179659E-04
  0.181774E-04     0.177008E-04     0.369794E-04     0.220777E-04     0.204628E-04
  0.164757E-04     0.139902E-04     0.341910E-04     0.152418E-03     0.166194E-04
  0.258697E-04     0.237993E-04     0.383883E-04     0.135468E-04     0.173392E-04
  0.137313E-04     0.147019E-04     0.177019E-04     0.116181E-04     0.136829E-04
  0.167125E-04     0.104354E-04     0.230133E-04     0.560744E-04     0.119401E-04
  0.119317E-04     0.173371E-04     0.192327E-04     0.129521E-04     0.252069E-04
  0.335874E-04     0.122471E-04     0.111435E-04     0.129414E-04     0.184089E-04
  0.356947E-04     0.135227E-04     0.112087E-04     0.244168E-04     0.235596E-04
  0.114717E-04     0.127074E-04     0.132042E-04     0.239774E-04     0.837891E-04
  0.121623E-04     0.171792E-04     0.191767E-04     0.107125E-04     0.673068E-04
  0.393817E-04     0.162240E-04     0.152826E-04     0.265575E-04     0.775598E-04
  0.135588E-04     0.180240E-04     0.296697E-04     0.136128E-04     0.854092E-04
  0.149309E-04     0.136172E-04     0.285960E-04     0.185015E-04     0.181774E-04
  0.344260E-04     0.117429E-04     0.130662E-04     0.651403E-04     0.163860E-04
  0.155230E-04     0.180739E-04     0.239955E-04     0.140008E-04     0.112524E-04
  0.180493E-04     0.308144E-04     0.538407E-04     0.220264E-04     0.511185E-04
  0.119906E-04     0.468774E-04     0.384818E-04     0.135057E-04     0.155159E-04
  0.170478E-04     0.136704E-04     0.113735E-04     0.199254E-04     0.275982E-04
  0.224125E-04     0.275333E-04     0.229889E-04     0.182137E-04     0.141718E-04
  0.277140E-04     0.775062E-04     0.658795E-04     0.126474E-04     0.543091E-04
  0.191239E-04     0.113674E-04     0.340020E-04     0.411091E-04     0.120698E-04
  0.239412E-04     0.160503E-04     0.164615E-04     0.170785E-04     0.629698E-04
  0.304657E-04     0.965761E-05     0.235688E-04     0.722925E-04     0.183101E-04
  0.188427E-04     0.235934E-04     0.131027E-04     0.141496E-04     0.150639E-04
  0.126391E-04     0.111551E-04     0.133458E-04     0.990500E-05     0.247248E-04
  0.275078E-04     0.156169E-04     0.115508E-04     0.134286E-04     0.113807E-04
  0.128979E-04     0.198230E-04     0.269178E-04     0.189468E-04     0.110102E-04
  0.191968E-04     0.134648E-04     0.188520E-04     0.194928E-04     0.120761E-04
  0.152980E-04     0.115142E-04     0.107859E-04     0.110287E-04     0.213897E-04
  0.176475E-04     0.239573E-04     0.328412E-04     0.136089E-04     0.135351E-04
  0.267760E-04     0.135429E-04     0.129092E-04     0.122768E-04     0.192711E-04
  0.219485E-04     0.255273E-04     0.274163E-04     0.166121E-04     0.206302E-04
  0.167082E-04     0.161361E-04     0.126088E-04     0.212348E-04     0.160459E-04
  0.156305E-04     0.123964E-04     0.138181E-04     0.128079E-04     0.160647E-04
  0.117355E-04     0.191936E-04     0.129657E-04     0.155764E-04     0.118467E-04
  0.120712E-04     0.134236E-04     0.140820E-04     0.136000E-04     0.196613E-04
  0.121185E-04     0.140497E-04     0.208059E-04     0.115374E-04     0.138950E-04
  0.214460E-04     0.172146E-04     0.180464E-04     0.177005E-04     0.236476E-04
  0.191502E-04     0.157530E-04     0.154191E-04     0.166409E-04     0.125663E-04
  0.202080E-04     0.193369E-04     0.128096E-04     0.122675E-04     0.180226E-04
  0.163003E-04     0.204936E-04     0.143273E-04     0.139397E-04     0.173510E-04
  0.192273E-04     0.204325E-04     0.311946E-04     0.149215E-04     0.242493E-04
  0.165270E-04     0.237445E-04     0.170765E-04     0.156414E-04     0.155884E-04
  0.208368E-04     0.180689E-04     0.154060E-04     0.210904E-04     0.350122E-04
  0.210632E-04     0.239744E-04     0.213712E-04     0.218974E-04     0.162994E-04
  0.172357E-04     0.270949E-04     0.275540E-04     0.213444E-04     0.148598E-04
  0.156625E-04     0.236742E-04     0.342486E-04     0.186845E-04     0.167828E-04
  0.182600E-04     0.234759E-04     0.142752E-04     0.230890E-04     0.183457E-04
  0.243853E-04     0.207824E-04     0.181355E-04     0.158228E-04     0.170916E-04
  0.256044E-04     0.218430E-04     0.251874E-04     0.237996E-04     0.164156E-04
  0.314114E-04     0.501606E-04     0.174329E-04     0.180769E-04     0.156751E-04
  0.231421E-04     0.275435E-04     0.254745E-04     0.273338E-04     0.214166E-04
  0.209467E-04     0.260982E-04     0.197303E-04     0.286088E-04     0.276725E-04
  0.274762E-04     0.353159E-04     0.230874E-04     0.231172E-04     0.252013E-04
  0.208038E-04     0.200869E-04     0.272652E-04     0.296082E-04     0.254904E-04
  0.219909E-04     0.203240E-04     0.251220E-04     0.225603E-04     0.176657E-04
  0.136304E-04     0.187503E-04     0.277317E-04     0.281296E-04     0.181209E-04
  0.182787E-04     0.222598E-04     0.224245E-04     0.195547E-04     0.239722E-04
  0.221285E-04     0.300042E-04     0.247417E-04     0.258956E-04     0.266281E-04
  0.132015E-04     0.233190E-04     0.186285E-04     0.209536E-04     0.226899E-04
  0.234588E-04     0.225902E-04     0.277162E-04     0.281025E-04     0.233236E-04
  0.148976E-04     0.224136E-04     0.209854E-04     0.204086E-04     0.245261E-04
  0.231845E-04     0.293583E-04     0.212657E-04     0.261508E-04     0.270808E-04
  0.229813E-04     0.198035E-04     0.268471E-04     0.268250E-04     0.168667E-04
  0.144160E-04     0.193674E-04     0.294102E-04     0.306488E-04     0.192552E-04
  0.323484E-04     0.176550E-04     0.204955E-04     0.250140E-04     0.257553E-04
  0.217757E-04     0.297108E-04     0.287031E-04     0.259954E-04     0.207884E-04
  0.243819E-04     0.308998E-04     0.218381E-04     0.241519E-04     0.295495E-04
  0.203841E-04     0.277771E-04     0.265338E-04     0.297971E-04     0.237811E-04
  0.185168E-04     0.369559E-04     0.246500E-04     0.381165E-04     0.270421E-04
  0.237401E-04     0.235177E-04     0.242961E-04     0.230086E-04     0.342642E-04
  0.275344E-04     0.201052E-04     0.189140E-04     0.230147E-04     0.380646E-04
  0.246302E-04     0.249178E-04     0.225857E-04     0.275276E-04     0.301015E-04
  0.324894E-04     0.287316E-04     0.244518E-04     0.316445E-04     0.326415E-04
  0.246770E-04     0.343867E-04     0.326469E-04     0.310574E-04     0.238409E-04
  0.217669E-04     0.239156E-04     0.227784E-04     0.338985E-04     0.327069E-04
  0.341039E-04     0.327596E-04     0.252995E-04     0.364878E-04     0.227332E-04
  0.175263E-04     0.246355E-04     0.468778E-04     0.255274E-04     0.251052E-04
  0.398228E-04     0.241052E-04     0.252153E-04     0.329978E-04     0.227719E-04
  0.249375E-04     0.282533E-04     0.251654E-04     0.247292E-04     0.179892E-04
  0.232441E-04     0.325166E-04     0.261622E-04     0.229498E-04     0.257259E-04
  0.327217E-04     0.419772E-04     0.256901E-04     0.165010E-04     0.250217E-04
  0.202934E-04     0.234483E-04     0.150395E-04     0.183884E-04     0.276805E-04
  0.248656E-04     0.258441E-04     0.294898E-04     0.332255E-04     0.296600E-04
  0.256923E-04     0.282705E-04     0.264929E-04     0.373595E-04     0.285483E-04
  0.273041E-04     0.262972E-04     0.196598E-04     0.234477E-04     0.174213E-04
  0.206427E-04     0.162271E-04     0.170714E-04     0.193736E-04     0.166145E-04
  0.126886E-04     0.168898E-04     0.177379E-04     0.199131E-04     0.148321E-04
  0.183455E-04     0.191953E-04     0.214018E-04     0.202303E-04     0.192852E-04
  0.198638E-04     0.171550E-04     0.209306E-04     0.194709E-04     0.192677E-04
  0.193097E-04     0.191878E-04     0.208806E-04     0.230865E-04     0.210912E-04
  0.230753E-04     0.281516E-04     0.218436E-04     0.298477E-04     0.181420E-04
  0.181502E-04     0.261816E-04     0.259114E-04     0.238138E-04     0.235253E-04
  0.235037E-04     0.247000E-04     0.143972E-04     0.258797E-04     0.192779E-04
  0.269551E-04     0.186655E-04     0.301378E-04     0.160916E-04     0.265136E-04
  0.263929E-04     0.180290E-04     0.286361E-04     0.241862E-04     0.278139E-04
  0.240524E-04     0.241620E-04     0.238289E-04     0.175038E-04     0.190697E-04
  0.261207E-04     0.173305E-04     0.230383E-04     0.227680E-04     0.238427E-04
  0.215892E-04     0.224097E-04     0.229333E-04     0.229298E-04     0.190400E-04
  0.230851E-04     0.197441E-04     0.249528E-04     0.161899E-04     0.344948E-04
  0.229110E-04     0.227725E-04     0.252815E-04     0.168534E-04     0.170602E-04
  0.206340E-04     0.227042E-04     0.299992E-04     0.220557E-04     0.231974E-04
  0.178310E-04     0.211720E-04     0.260422E-04     0.251302E-04     0.217445E-04
  0.221473E-04     0.268358E-04     0.225659E-04     0.270558E-04     0.212457E-04
  0.240938E-04     0.195087E-04     0.217310E-04     0.194954E-04     0.196572E-04
  0.238842E-04     0.158251E-04     0.214388E-04     0.153435E-04     0.180169E-04
  0.156545E-04     0.231594E-04     0.230480E-04     0.212415E-04     0.204275E-04
  0.223529E-04     0.228034E-04     0.267473E-04     0.246010E-04     0.215733E-04
  0.214660E-04     0.190939E-04     0.231740E-04     0.200568E-04     0.201505E-04
  0.225495E-04     0.238357E-04     0.221296E-04     0.222868E-04     0.207369E-04
  0.205459E-04     0.281351E-04     0.209952E-04     0.213929E-04     0.192368E-04
  0.221722E-04     0.187967E-04     0.200768E-04     0.176812E-04     0.223711E-04
  0.286597E-04     0.302677E-04     0.207892E-04     0.239928E-04     0.221362E-04
  0.205162E-04     0.238633E-04     0.295662E-04     0.176245E-04     0.220284E-04
  0.215215E-04     0.238278E-04     0.186515E-04     0.207243E-04     0.197863E-04
  0.166408E-04     0.233891E-04     0.177024E-04     0.224803E-04     0.220881E-04
  0.198636E-04     0.201976E-04     0.213517E-04     0.238058E-04     0.230125E-04
  0.216787E-04     0.209758E-04     0.221491E-04     0.225131E-04     0.238525E-04
  0.230333E-04     0.257300E-04     0.241568E-04     0.264989E-04     0.251377E-04
  0.227874E-04     0.217267E-04     0.232999E-04     0.218614E-04     0.269783E-04
  0.220403E-04     0.226685E-04     0.266412E-04     0.254735E-04     0.210374E-04
  0.311432E-04     0.234981E-04     0.242996E-04     0.233154E-04     0.218832E-04
  0.230901E-04     0.267757E-04     0.250647E-04     0.244572E-04     0.271476E-04
  0.271086E-04     0.238546E-04     0.245016E-04     0.248797E-04     0.295178E-04
  0.262047E-04     0.233559E-04     0.272760E-04     0.259464E-04     0.274232E-04
  0.295457E-04     0.265627E-04     0.204499E-04     0.252670E-04     0.280287E-04
  0.232631E-04     0.270929E-04     0.280171E-04     0.224831E-04     0.267136E-04
  0.236896E-04     0.264219E-04     0.249628E-04     0.243599E-04     0.288305E-04
  0.255242E-04     0.251024E-04     0.226625E-04     0.264014E-04     0.290482E-04
  0.285260E-04     0.268213E-04     0.253028E-04     0.269814E-04     0.272677E-04
  0.299872E-04     0.282501E-04     0.308692E-04     0.269933E-04     0.291311E-04
  0.303115E-04     0.308976E-04     0.265667E-04     0.282385E-04     0.327122E-04
  0.289617E-04     0.299171E-04     0.321163E-04     0.317308E-04     0.265093E-04
  0.317097E-04     0.303745E-04     0.283641E-04     0.255096E-04     0.259072E-04
  0.305360E-04     0.309233E-04     0.292277E-04     0.306057E-04     0.320678E-04
  0.296018E-04     0.266030E-04     0.300382E-04     0.273303E-04     0.320412E-04
  0.303882E-04     0.237121E-04     0.293233E-04     0.298632E-04     0.255135E-04
  0.316304E-04     0.304579E-04     0.278827E-04     0.400116E-04     0.307350E-04
  0.282555E-04     0.341340E-04     0.304798E-04     0.283127E-04     0.271637E-04
  0.308509E-04     0.323330E-04     0.465582E-04     0.369247E-04     0.280903E-04
  0.292883E-04     0.307110E-04     0.341709E-04     0.348433E-04     0.364947E-04
  0.260212E-04     0.260200E-04     0.291581E-04     0.306094E-04     0.293925E-04
  0.371572E-04     0.328344E-04     0.309864E-04     0.459566E-04     0.376465E-04
  0.291027E-04     0.342983E-04     0.282664E-04     0.295196E-04     0.297048E-04
  0.264350E-04     0.312877E-04     0.327965E-04     0.313373E-04     0.336120E-04
  0.264258E-04     0.312362E-04     0.313343E-04     0.305858E-04     0.327910E-04
  0.258949E-04     0.345823E-04     0.284522E-04     0.288863E-04     0.332911E-04
  0.332665E-04     0.318643E-04     0.275768E-04     0.311694E-04     0.289685E-04
  0.254340E-04     0.294905E-04     0.254840E-04     0.239768E-04     0.260690E-04
  0.259433E-04     0.221047E-04     0.210228E-04     0.229819E-04     0.216946E-04
  0.209206E-04     0.245183E-04     0.264655E-04     0.257020E-04     0.253731E-04
  0.286585E-04     0.379163E-04     0.331282E-04     0.311855E-04     0.315703E-04
  0.263219E-04     0.265515E-04     0.326238E-04     0.357715E-04     0.353488E-04
  0.330240E-04     0.352621E-04     0.340782E-04     0.348103E-04     0.338479E-04
  0.300696E-04     0.328099E-04     0.334898E-04     0.264527E-04     0.493391E-04
  0.403367E-04     0.420193E-04     0.401964E-04     0.316683E-04     0.494801E-04
  0.347346E-04     0.352775E-04     0.262675E-04     0.227997E-04     0.260021E-04
  0.243072E-04     0.276155E-04     0.259865E-04     0.232338E-04     0.285200E-04
  0.267780E-04     0.294485E-04     0.365255E-04     0.309209E-04     0.329331E-04
  0.401791E-04     0.249609E-04     0.270540E-04     0.278739E-04     0.240882E-04
  0.262418E-04     0.387541E-04     0.235240E-04     0.298501E-04     0.334975E-04
  0.412521E-04     0.282035E-04     0.522054E-04     0.282714E-04     0.315902E-04
  0.428743E-04     0.411955E-04     0.349992E-04     0.291583E-04     0.362181E-04
  0.290196E-04     0.308307E-04     0.478961E-04     0.585449E-04     0.338450E-04
  0.433817E-04     0.586863E-04     0.296898E-04     0.340565E-04     0.691232E-04
  0.431065E-04     0.334325E-04     0.385960E-04     0.369860E-04     0.473473E-04
  0.315257E-04     0.386248E-04     0.403559E-04     0.303661E-04     0.240110E-04
  0.237201E-04     0.384232E-04     0.246351E-04     0.445677E-04     0.548348E-04
  0.433352E-04     0.445353E-04     0.662218E-04     0.392462E-04     0.410233E-04
  0.305528E-04     0.421612E-04     0.328984E-04     0.250556E-04     0.344501E-04
  0.509510E-04     0.293105E-04     0.354854E-04     0.353978E-04     0.282053E-04
  0.213154E-04     0.517353E-04     0.516624E-04     0.256964E-04     0.518499E-04
  0.390470E-04     0.303039E-04     0.403353E-04     0.282499E-04     0.266844E-04
  0.315311E-04     0.348019E-04     0.407255E-04     0.357646E-04     0.687770E-04
  0.327368E-04     0.323954E-04     0.358564E-04     0.628545E-04     0.448733E-04
  0.290226E-04     0.287035E-04     0.363113E-04     0.435081E-04     0.261846E-04
  0.393442E-04     0.351143E-04     0.318225E-04     0.338837E-04     0.451846E-04
  0.287124E-04     0.449531E-04     0.226785E-04     0.293535E-04     0.324454E-04
  0.231785E-04     0.323046E-04     0.343233E-04     0.350839E-04     0.266177E-04
  0.392932E-04     0.396144E-04     0.270040E-04     0.439908E-04     0.434577E-04
  0.462661E-04     0.478011E-04     0.371861E-04     0.420644E-04     0.156637E-04
  0.316154E-04     0.285267E-04     0.329377E-04     0.415818E-04     0.236063E-04
  0.622689E-04     0.115786E-03     0.927035E-04     0.170702E-03     0.211311E-03
  0.108943E-03     0.161151E-03     0.160166E-03     0.326551E-03     0.154850E-03
  0.116409E-03     0.353189E-03     0.383228E-03     0.367734E-03     0.419978E-03
  0.611425E-03     0.611717E-03     0.722548E-03     0.877497E-03     0.101442E-02
  0.103408E-02     0.844385E-03     0.915566E-03     0.100921E-02     0.115434E-02
  0.116575E-02     0.105839E-02     0.801372E-03     0.154015E-02     0.174556E-02
  0.163481E-02     0.197761E-02     0.271828E-02     0.126220E-02     0.197654E-02
  0.207606E-02     0.171120E-02     0.365298E-02     0.131893E-02     0.253034E-02
  0.233869E-02     0.503122E-02     0.400799E-02     0.374196E-02     0.366738E-02
  0.361678E-02     0.361590E-02     0.345136E-02     0.707274E-02     0.756007E-02
  0.618435E-02     0.590904E-02     0.724554E-02     0.807241E-02     0.103566E-01
  0.811668E-02     0.103645E-01     0.126028E-01
 eigen energies, in eV 
    -44.608938       -44.517374       -44.397765       -44.076603       -44.017100
    -28.823976       -28.787221       -28.591156       -28.575847       -28.560278
    -28.531561       -28.502558       -28.490793       -28.410751       -28.408266
    -28.403488       -28.364272       -28.343105       -28.229644       -28.168150
    -28.131815       -28.110212       -28.094329       -28.083310       -28.077927
    -28.047596       -28.043777       -28.011491       -28.007228       -27.993051
    -27.981613       -27.967898       -27.943616       -27.928731       -27.887664
    -27.882735       -27.784992       -27.744057       -27.738354       -27.623348
    -27.581648       -27.576524       -27.570667       -27.560764       -27.557441
    -27.488498       -27.486659       -27.476380       -27.468683       -27.434140
    -27.427237       -27.423510       -27.370826       -27.361341       -27.341935
    -27.334629       -27.301577       -27.300726       -27.253734       -27.241383
    -27.234180       -27.201429       -27.195130       -27.139607       -27.119114
    -27.063082       -27.042379       -27.041360       -27.013302       -26.983599
    -26.957710       -26.794135       -26.683454       -26.661323       -26.637881
    -26.606914       -26.600456       -26.559998       -26.546367       -26.539875
    -26.515535       -26.473767       -26.393148       -26.393025       -26.387562
    -26.379672       -26.363222       -26.362685       -26.357549       -26.245510
    -26.227904       -26.223627       -26.207396       -26.129102       -26.127577
    -26.108138       -26.070910       -26.063418       -26.028895       -26.018672
    -26.014660       -26.001176       -25.977581       -25.973528       -25.963974
    -25.935542       -25.931918       -25.922084       -25.914399       -25.897235
    -25.896535       -25.878546       -25.862443       -25.848323       -25.823206
    -25.822264       -25.798803       -25.783624       -25.770551       -25.724807
    -25.696432       -25.692274       -25.670767       -25.569759       -25.484622
    -25.481803       -25.460101       -25.451804       -25.364460       -25.328576
    -25.252870       -25.161397       -25.087311       -24.984469       -24.972785
    -24.259301       -24.085195       -23.962341       -23.741967       -23.686935
    -23.613525       -23.571891       -23.464691       -23.400824       -23.381416
    -23.320277       -23.310256       -23.288253       -23.240406       -23.224237
    -23.209068       -23.186252       -23.125881       -23.054911       -23.015634
    -23.009297       -22.989629       -22.950024       -22.947706       -22.910841
    -22.891332       -22.776947       -22.556555       -22.539371       -22.511545
    -22.435626       -22.354015       -22.290084       -22.131960       -21.879543
    -21.740918       -21.635239       -21.614298       -21.429996       -21.427288
    -21.392952       -21.323907       -21.237462       -21.088138       -21.059338
    -21.047869       -21.028728       -20.999516       -20.993679       -20.981063
    -20.927267       -20.910193       -20.743903       -20.685138       -20.489055
    -18.578411       -18.341809       -18.166621       -18.121077       -18.087237
    -16.468994       -16.135309       -15.965186       -15.948000       -15.933155
    -15.932884       -15.885001       -15.823003       -15.720270       -15.690507
    -15.639609       -15.558658       -15.465981       -15.431598       -15.397694
    -15.391759       -15.281873       -15.129802       -15.100143       -15.054648
    -15.040944       -14.939950       -14.847062       -14.805696       -14.787340
    -14.732262       -14.696588       -14.625630       -14.562677       -14.553935
    -14.519329       -14.446018       -14.429801       -14.429008       -14.385392
    -14.375993       -14.314892       -14.268661       -14.235690       -14.187340
    -13.935030       -13.779972       -13.751378       -13.722387       -13.606688
    -13.594484       -13.566681       -13.541902       -13.461430       -13.432169
    -13.419874       -13.409836       -13.397775       -13.365002       -13.357063
    -13.346117       -13.332201       -13.311179       -13.285864       -13.264498
    -13.207490       -13.200776       -13.196426       -13.183339       -13.163424
    -13.111844       -13.110701       -13.021173       -12.911241       -12.706033
    -12.412817       -12.254685       -12.251407       -12.241796       -12.144006
    -12.044602       -11.979580       -11.933681       -11.930596       -11.897828
    -11.890094       -11.886585       -11.879935       -11.841557       -11.801755
    -11.699299       -11.693422       -11.660698       -11.612054       -11.595994
    -11.588652       -11.571340       -11.523239       -11.514809       -11.476566
    -11.465759       -11.451835       -11.448280       -11.431342       -11.411660
    -11.368208       -11.330692       -11.304752       -11.274340       -11.267506
    -11.257739       -11.179342       -10.914949       -10.910763       -10.868644
    -10.856836       -10.844048       -10.829491       -10.813497       -10.809970
    -10.774501       -10.770969       -10.680915       -10.656018       -10.624888
    -10.619198       -10.587455       -10.573249       -10.540328       -10.522831
    -10.515088       -10.485118       -10.476380       -10.470789       -10.466458
    -10.448989       -10.438487       -10.435199       -10.396123       -10.387686
    -10.369402       -10.359918       -10.348669       -10.305917       -10.287892
    -10.280312       -10.274121       -10.259160       -10.251609       -10.239353
    -10.234218       -10.221605       -10.207083       -10.199457       -10.178997
    -10.176439       -10.125221       -10.108259       -10.094402       -10.089428
    -10.086825       -10.080950       -10.075441       -10.059617       -10.051689
    -10.048372       -10.025586       -10.014988       -10.013134        -9.981767
     -9.980470        -9.965079        -9.959339        -9.951791        -9.939404
     -9.921400        -9.914494        -9.902459        -9.897329        -9.882297
     -9.879578        -9.866063        -9.844210        -9.842485        -9.830506
     -9.824279        -9.798365        -9.786487        -9.769553        -9.766304
     -9.732930        -9.729691        -9.686306        -9.670729        -9.635147
     -9.621092        -9.608263        -9.595427        -9.589851        -9.584603
     -9.573596        -9.570172        -9.564921        -9.561065        -9.531209
     -9.516072        -9.513515        -9.489437        -9.486339        -9.460890
     -9.423337        -9.412417        -9.404880        -9.394332        -9.368540
     -9.365482        -9.346079        -9.331638        -9.314215        -9.302297
     -9.300000        -9.294396        -9.260939        -9.257745        -9.239168
     -9.236038        -9.214706        -9.207741        -9.154234        -9.144151
     -9.134400        -9.126675        -9.122439        -9.106298        -9.071664
     -9.065351        -9.057988        -9.054465        -9.045911        -9.036975
     -9.019791        -9.007133        -8.980868        -8.973168        -8.964101
     -8.946480        -8.942285        -8.926783        -8.911855        -8.907560
     -8.862268        -8.857483        -8.844367        -8.829880        -8.822950
     -8.816829        -8.804823        -8.781062        -8.773772        -8.765761
     -8.759553        -8.745544        -8.723142        -8.718317        -8.699569
     -8.696663        -8.688032        -8.686528        -8.658001        -8.645353
     -8.630829        -8.608707        -8.602394        -8.595408        -8.579451
     -8.512929        -8.492946        -8.463604        -8.449910        -8.422594
     -8.391022        -8.376840        -8.344797        -8.330612        -8.309113
     -8.302680        -8.295753        -8.274120        -8.271062        -8.264924
     -8.262961        -8.244423        -8.239850        -8.172706        -8.165956
     -8.081234        -8.071660        -8.030139        -8.023241        -7.978355
     -7.976311        -7.945373        -7.933183        -7.905997        -7.848595
     -7.826075        -7.794556        -7.779899        -7.773973        -7.762800
     -7.754592        -7.745929        -7.737943        -7.724688        -7.677175
     -7.664036        -7.642582        -7.627536        -7.606408        -7.591593
     -7.538043        -7.485055        -7.477437        -7.423028        -7.396949
     -7.388422        -7.382884        -7.373106        -7.358298        -7.337728
     -7.313331        -7.286831        -7.274275        -7.263575        -7.257866
     -7.242304        -7.210425        -7.187495        -7.171292        -7.147762
     -7.141691        -7.130352        -7.123734        -7.118184        -7.103714
     -7.083805        -7.059099        -7.043603        -7.041776        -7.039534
     -7.017817        -7.012537        -7.004222        -6.933429        -6.922077
     -6.875119        -6.870937        -6.856513        -6.851534        -6.831459
     -6.821276        -6.812890        -6.807476        -6.793414        -6.778295
     -6.762609        -6.757592        -6.742094        -6.738172        -6.726721
     -6.715121        -6.708309        -6.701789        -6.689708        -6.681451
     -6.674599        -6.652892        -6.640094        -6.628638        -6.614676
     -6.603916        -6.579296        -6.550414        -6.546372        -6.533746
     -6.527635        -6.520124        -6.511181        -6.493808        -6.491247
     -6.477588        -6.470360        -6.460188        -6.447944        -6.439594
     -6.425695        -6.411705        -6.398086        -6.392371        -6.384788
     -6.374902        -6.367644        -6.360524        -6.344343        -6.335778
     -6.324927        -6.302246        -6.291333        -6.281164        -6.268951
     -6.265584        -6.259411        -6.252411        -6.231656        -6.214572
     -6.208727        -6.203593        -6.201537        -6.187039        -6.175304
     -6.162100        -6.158709        -6.154083        -6.142496        -6.117024
     -6.107738        -6.089573        -6.076727        -6.064912        -6.057091
     -6.047204        -6.045698        -6.033669        -6.029959        -6.026566
     -6.019825        -6.010073        -6.005785        -5.987635        -5.986407
     -5.978373        -5.969151        -5.959874        -5.956665        -5.950963
     -5.937211        -5.920252        -5.910406        -5.900521        -5.893519
     -5.886312        -5.882738        -5.867589        -5.859999        -5.854909
     -5.847030        -5.840796        -5.830780        -5.820840        -5.816901
     -5.806102        -5.804658        -5.783038        -5.776193        -5.771483
     -5.767728        -5.763772        -5.758088        -5.753291        -5.747937
     -5.745098        -5.735951        -5.730980        -5.723675        -5.720123
     -5.713919        -5.698391        -5.679835        -5.675632        -5.671750
     -5.664538        -5.654244        -5.640902        -5.639327        -5.631004
     -5.629873        -5.618342        -5.613523        -5.609355        -5.605271
     -5.599134        -5.594613        -5.588955        -5.575996        -5.569482
     -5.558279        -5.555384        -5.548999        -5.542341        -5.534020
     -5.525450        -5.519814        -5.516418        -5.512795        -5.507882
     -5.499873        -5.488424        -5.475400        -5.469974        -5.463272
     -5.453584        -5.444554        -5.443053        -5.436407        -5.428547
     -5.417690        -5.413815        -5.404081        -5.397399        -5.392375
     -5.383070        -5.373653        -5.360321        -5.355423        -5.348609
     -5.345395        -5.332023        -5.328185        -5.322059        -5.318454
     -5.307110        -5.300398        -5.288315        -5.276162        -5.270254
     -5.259804        -5.253042        -5.245505        -5.239406        -5.237042
     -5.230958        -5.223324        -5.222661        -5.209627        -5.206483
     -5.203265        -5.197363        -5.190162        -5.186019        -5.183638
     -5.173519        -5.171649        -5.167249        -5.161087        -5.158255
     -5.150720        -5.129583        -5.127539        -5.121434        -5.116400
     -5.106952        -5.101015        -5.099092        -5.096871        -5.090294
     -5.087477        -5.081156        -5.070718        -5.067353        -5.061267
     -5.055015        -5.046712        -5.032939        -5.029552        -5.016664
     -5.008342        -5.001517        -4.990094        -4.983663        -4.977538
     -4.966026        -4.962134        -4.954459        -4.944015        -4.940814
     -4.930910        -4.926875        -4.922182        -4.909422        -4.898070
     -4.892690        -4.883847        -4.879095        -4.875796        -4.873162
     -4.863902        -4.859434        -4.850498        -4.842098        -4.838119
     -4.829738        -4.828934        -4.828510        -4.820171        -4.810092
     -4.804785        -4.799461        -4.791049        -4.788463        -4.785331
     -4.771416        -4.761595        -4.755446        -4.732965        -4.728041
     -4.721750        -4.702258        -4.693417        -4.683181        -4.676459
     -4.667245        -4.662305        -4.650705        -4.637300        -4.625081
     -4.622901        -4.601700        -4.584475        -4.578828        -4.562028
     -4.542771        -4.536798        -4.528314        -4.517165        -4.510051
     -4.506804        -4.493561        -4.487529        -4.447114        -4.441880
     -4.425861        -4.404648        -4.384839        -4.363713        -4.356973
     -4.352178        -4.341213        -4.325288        -4.310572        -4.289907
     -4.273995        -4.251303        -4.241619        -4.228698        -4.213127
     -4.200702        -4.190208        -4.187314        -4.184745        -4.171665
     -4.151221        -4.134017        -4.131272        -4.112435        -4.081953
     -4.078226        -4.045775        -4.036510        -4.001147        -3.991596
     -3.951613        -3.923755        -3.865983        -3.834763        -3.827181
     -3.825393        -3.803392        -3.791129        -3.777487        -3.747591
     -3.733642        -3.719139        -3.690457        -3.680547        -3.664361
     -3.659405        -3.629736        -3.621098        -3.589196        -3.582669
     -3.564088        -3.551703        -3.522911        -3.511798        -3.506340
     -3.498692        -3.480934        -3.468085        -3.462423        -3.437181
     -3.431539        -3.413760        -3.408044        -3.398154        -3.389626
     -3.355057        -3.328426        -3.326073        -3.316448        -3.284256
     -3.272522        -3.262764        -3.256979        -3.250869        -3.240286
     -3.207901        -3.202838        -3.197904        -3.184430        -3.180988
     -3.170754        -3.156018        -3.147858        -3.135100        -3.117894
     -3.085095        -3.066755        -3.063797        -3.047314        -3.034542
     -3.019868        -2.987546        -2.977685        -2.975162        -2.962625
     -2.914522        -2.909142        -2.905826        -2.864008        -2.827779
     -2.820955        -2.798987        -2.795114        -2.776129        -2.763029
     -2.741243        -2.711380        -2.703965        -2.663537        -2.647007
     -2.619841        -2.614623        -2.606606        -2.574880        -2.550810
     -2.524883        -2.509973        -2.497325        -2.471375        -2.460765
     -2.443169        -2.425698        -2.404981        -2.340435        -2.304503
     -2.296541        -2.287588        -2.260157        -2.254086        -2.218339
     -2.173224        -2.150011        -2.147163        -2.042334        -2.020103
     -1.995678        -1.962458        -1.940468        -1.848050        -1.759718
      2.411943         2.672319         2.714837         2.831682         2.858054
      2.955464         3.109978         3.124766         3.213138         3.280941
      3.347553         3.378757         3.424191         3.499389         3.530072
      3.569287         3.602084         3.682773         3.725089         3.745604
      3.756238         3.814207         3.823130         3.854054         3.891451
      3.925592         3.929873         3.963899         3.977727         4.025670
      4.070445         4.087760         4.088815         4.125629         4.145596
      4.161163         4.181096         4.201018         4.216389         4.219221
      4.263752         4.277809         4.307037         4.329439         4.339894
      4.357570         4.376100         4.417934         4.433688         4.469120
      4.477302         4.517574         4.537176         4.556348         4.597210
      4.634440         4.640528         4.671533
 *********************************
 total computation time (sec)=   1996.33334803581     
