 AEM_Eatom=  2.341852661086250E-002
 AEM_Egroup=  1.789374954333744E-003
 AEM_Etot=  3.056065379732829E-003
 AEM_F=  0.510798645978709     
