 AEM_Eatom=  3.585556617740269E-002
 AEM_Egroup=  1.482233628904977E-003
 AEM_Etot=  1.270305602376047E-003
 AEM_F=  0.503634580398395     
