 AEM_Eatom=  1.101405627338729E-003
 AEM_Egroup=  1.021266882731954E-004
 AEM_Etot=  4.757388218068519E-004
 AEM_F=  0.500055072575877     
