 AEM_Eatom=  0.105208327793075     
 AEM_Egroup=  4.683290243789454E-003
 AEM_Etot=  1.219301262700927E-003
 AEM_F=  0.503174117978490     
