 AEM_Eatom=  1.504561927724252E-002
 AEM_Egroup=  9.727704910442811E-004
 AEM_Etot=  2.806424675463110E-003
 AEM_F=  0.520342921228866     
