 AEM_Eatom=  9.211784495233792E-002
 AEM_Egroup=  6.484904249777290E-003
 AEM_Etot=  3.945352539578017E-003
 AEM_F=  0.513591000188100     
