           4           1
 PRECISION  = SINGLE     
 JOB       = SCF
 IN.PSP1   = /home/sabs/shenjie/Pseudopotential/Li.nc.pbe.UPF
 IN.PSP2   = /home/sabs/shenjie/Pseudopotential/C.nc.pbe.UPF
 IN.PSP3   = /home/sabs/shenjie/Pseudopotential/O.nc.pbe.UPF
 IN.PSP4   = /home/sabs/shenjie/Pseudopotential/N.nc.pbe.UPF
 IN.PSP5   = /home/sabs/shenjie/Pseudopotential/S.nc.pbe.UPF
 IN.PSP6   = /home/sabs/shenjie/Pseudopotential/F.nc.pbe.UPF
 IN.PSP7   = /home/sabs/shenjie/Pseudopotential/H.nc.pbe.UPF
 IN.PSP8   = /home/sabs/shenjie/Pseudopotential/P.nc.pbe.UPF
 IN.ATOM   = atom.config         
 CONVERGENCE  = EASY
 ACCURACY  = NORM
 VFF_DETAIL =   1   500  0.50000000E-02     30.00000     4.00000     0.00000     1.00000  
 EGG_DETAIL =            3           3           3
 SPIN      =   1
 CONSTRAINT_MAG =           0
 RANDOM_SEED=           0
 QIJ_DETAIL =   0  1
 SCF_MIX = CHARGE
 PWSCF_OUTPUT     =  F
 Ecut      =    60.0000000000000     
 Ecut2     =    120.000000000000     
 Ecut2L    =    120.000000000000     
 EcutP    =    60.0000000000000     
 N123      =   120   120   120
 NS123     =    40    40    40
 N123L     =   120   120   120
 STRESS_CORR =   0.100000E+01  0.000000E+00  0.200000E+01  0.000000E+00
 XCFUNCTIONAL = LDA
 HSE_DETAIL    =      1.00000000    1     0.00000000    6 1 1
 RELAX_HSE    =    20   0.50000E-01     2
 VDW       = NONE
 LONDON_S6      =   0.000000000000000E+000
 LONDON_C6(1)      =   -1.00000000000000     
 LONDON_C6(2)      =   -1.00000000000000     
 LONDON_C6(3)      =   -1.00000000000000     
 LONDON_C6(4)      =   -1.00000000000000     
 LONDON_C6(5)      =   -1.00000000000000     
 LONDON_C6(6)      =   -1.00000000000000     
 LONDON_C6(7)      =   -1.00000000000000     
 LONDON_C6(8)      =   -1.00000000000000     
 LONDON_RCUT      =   0.000000000000000E+000
 DFTD3_S6        =   0.000000000000000E+000
 DFTD3_RS6        =   0.000000000000000E+000
 DFTD3_S18        =   0.000000000000000E+000
 DFTD3_RS18        =   0.000000000000000E+000
 DFTD3_ALPHA6        =   0.000000000000000E+000
 DFTD3_VERSION        =            0
 DFTD3_3BODY        =  F
 COULOMB   =    0
 IN.WG     =  F
 OUT.WG    =  F
 IN.RHO    =  F
 OUT.RHOATOM =  F
 OUT.RHO   =  F
 IN.VR     =  F
 OUT.VR    =  F
 OUT.ELF   =  F
 IN.VEXT   =  F
 OUT.VATOM   =  F
 OUT.FORCE =  T
 OUT.STRESS =  F
 IN.KPT    =  F
 IN.SYMM   =  F
 SYMM_PREC =    0.10000E-04
 MP_N123 =      1      1      1      0      0      0      0
 NUM_KPT =            1
 CHARGE_DECOMP = F
 ENERGY_DECOMP = F 
 IN.SOLVENT =  F
 NUM_ELECTRON =   1940.00000000000     
 FIX_FERMI =   F  0.000000E+00  0.000000E+00  0.000000E+00
 IN.NONSCF    =  F
 NUM_BAND  =  1028
 OUT.REAL.RHOWF_SP= 0
 WG_ERROR  =   1.000000000000000E-004
 E_ERROR   =   5.279008887880000E-003
 RHO_ERROR =   5.000000000000000E-005
 RHO_RELATIVE_ERROR      =   0.000000000000000E+000
 FORCE_RELATIVE_ERROR     =   0.000000000000000E+000
 MIN_SCF_ITER     =            1
 SYS_TYPE   =            1
 PULAY_MIX_OPT =     30  1  0       1.00000       0.00000
 PULAY_METRIC_Q0 =       -1.00000
 IN.OCC    =  F          -1
 IN.CC    =  F
 IN.OCC_ADIA    =  F
 SCF_ITER0_1 =    6   4    3    0.0000     0.02500    1
 SCF_ITER0_2 =   94   4    3    1.0000     0.02500    1
 SCF_ITER1_1 =   40   4    3    1.0000     0.02500    1
 NONLOCAL  =  2
 IN.A_FIELD =  F       0.00000       0.00000       0.00000
 RCUT      =    4.00000000000000     
 IN.PSP_RCUT1 =   4.00000000000000     
 IN.PSP_RCUT2 =   4.00000000000000     
 IN.PSP_RCUT3 =   4.00000000000000     
 IN.PSP_RCUT4 =   4.00000000000000     
 IN.PSP_RCUT5 =   4.00000000000000     
 IN.PSP_RCUT6 =   4.00000000000000     
 IN.PSP_RCUT7 =   4.00000000000000     
 IN.PSP_RCUT8 =   4.00000000000000     
 MD_VV_SCALE =    100
 LDAU_PSP1   =           -1  2.721138638331097E-009  2.721138638331097E-009  eV
 LDAU_PSP2   =           -1  2.721138638331097E-009  2.721138638331097E-009  eV
 LDAU_PSP3   =           -1  2.721138638331097E-009  2.721138638331097E-009  eV
 LDAU_PSP4   =           -1  2.721138638331097E-009  2.721138638331097E-009  eV
 LDAU_PSP5   =           -1  2.721138638331097E-009  2.721138638331097E-009  eV
 LDAU_PSP6   =           -1  2.721138638331097E-009  2.721138638331097E-009  eV
 LDAU_PSP7   =           -1  2.721138638331097E-009  2.721138638331097E-009  eV
 LDAU_PSP8   =           -1  2.721138638331097E-009  2.721138638331097E-009  eV
 NUM_BLOCKED_PSI=  F
 WF_STORE2DISK  =            0
 NUM_DOS_GRID =         4000
 NMAP_MAX =        50000
 KERK_AMIN =   0.300000000000000     
 KERK_AMIX =   0.400000000000000     
 KERK_AMIX_MAG =   0.800000000000000     
 KERK_BMIX =   0.500000000000000     
 LDAU_MIX =   0.700000000000000     
 PULAY_WEIGHT_SPIN =    1.00000000000000     
 PULAY_WEIGHT_NS =    1.00000000000000     
 OUT.MLMD    =  F
 NUM_MPI_PER_GPU =     1
 FLAG_CYLINDER =            0
 SET_OUT_FERMI_POS =  F           0
 E_FINITE =  F   0.00000E+00   0.00000E+00   0.00000E+00
 MLINE_EIGEN =      1
 
 ------------------------------------------------
 total number of K-point:           1
   0.00000     0.00000    0.00000     1.00000            
 ------------------------------------------------
 
 
 *********************************************
 *********** end of etot.input report ********
 minimum n1,n2,n3 from Ecut2
     118.970      119.148      119.089
 minimum n1L,n2L,n3L from Ecut2L
     118.970      119.148      119.089
 *********************************************
 
 
Weighted average num_of_PW for all kpoint=                       312673.000
 ************************************
 E_Hxc(eV)         49513.0587986243     
 E_ion(eV)        -219217.606559976     
 E_Coul(eV)        77735.2017773123     
 E_Hxc+E_ion(eV)  -169704.547761352     
 NONSCF     1          AVE_STATE_ERROR= 0.5918E+01
 NONSCF     2          AVE_STATE_ERROR= 0.1620E+01
 NONSCF     3          AVE_STATE_ERROR= 0.4974E+00
 NONSCF     4          AVE_STATE_ERROR= 0.9198E-01
 NONSCF     5          AVE_STATE_ERROR= 0.1553E-01
 NONSCF     6          AVE_STATE_ERROR= 0.3116E-02
 iter=   7   ave_lin=  4.0  iCGmth=   3
 Ef(eV)               = -.1752833E+01
 err of ug            = 0.1229E-02
 dv_ave, drho_tot     = 0.0000E+00 0.1222E+00
 E_tot(eV)            = -.13304994935586E+06    -.1330E+06
 -------------------------------------------
 iter=   8   ave_lin=  4.0  iCGmth=   3
 Ef(eV)               = 0.8639896E-01
 err of ug            = 0.1070E-01
 dv_ave, drho_tot     = 0.1686E-01 0.7063E-01
 E_tot(eV)            = -.13294748698132E+06    0.1025E+03
 -------------------------------------------
 iter=   9   ave_lin=  4.0  iCGmth=   3
 Ef(eV)               = -.1119172E+01
 err of ug            = 0.6506E-02
 dv_ave, drho_tot     = 0.1327E-01 0.3043E-01
 E_tot(eV)            = -.13291661051753E+06    0.3088E+02
 -------------------------------------------
 iter=  10   ave_lin=  4.0  iCGmth=   3
 Ef(eV)               = 0.8008459E+00
 err of ug            = 0.2012E-02
 dv_ave, drho_tot     = 0.6896E-02 0.1039E-01
 E_tot(eV)            = -.13291142856206E+06    0.5182E+01
 -------------------------------------------
 iter=  11   ave_lin=  4.0  iCGmth=   3
 Ef(eV)               = 0.7326177E+00
 err of ug            = 0.5297E-03
 dv_ave, drho_tot     = 0.2997E-02 0.5852E-02
 E_tot(eV)            = -.13291077283586E+06    0.6557E+00
 -------------------------------------------
 iter=  12   ave_lin=  4.0  iCGmth=   3
 Ef(eV)               = 0.5744714E+00
 err of ug            = 0.3063E-03
 dv_ave, drho_tot     = 0.3547E-02 0.3680E-02
 E_tot(eV)            = -.13291023173564E+06    0.5411E+00
 -------------------------------------------
 iter=  13   ave_lin=  4.0  iCGmth=   3
 Ef(eV)               = 0.7892561E+00
 err of ug            = 0.3603E-03
 dv_ave, drho_tot     = 0.4265E-02 0.2879E-02
 E_tot(eV)            = -.13290968746045E+06    0.5443E+00
 -------------------------------------------
 iter=  14   ave_lin=  4.0  iCGmth=   3
 Ef(eV)               = 0.1047694E+01
 err of ug            = 0.3495E-03
 dv_ave, drho_tot     = 0.5851E-02 0.2269E-02
 E_tot(eV)            = -.13290920243948E+06    0.4850E+00
 -------------------------------------------
 iter=  15   ave_lin=  4.0  iCGmth=   3
 Ef(eV)               = 0.1284041E+01
 err of ug            = 0.3608E-03
 dv_ave, drho_tot     = 0.6279E-02 0.1814E-02
 E_tot(eV)            = -.13290888869131E+06    0.3137E+00
 -------------------------------------------
 iter=  16   ave_lin=  4.0  iCGmth=   3
 Ef(eV)               = 0.1477132E+01
 err of ug            = 0.2576E-03
 dv_ave, drho_tot     = 0.4042E-02 0.1387E-02
 E_tot(eV)            = -.13290881647044E+06    0.7222E-01
 -------------------------------------------
 iter=  17   ave_lin=  4.0  iCGmth=   3
 Ef(eV)               = 0.1586689E+01
 err of ug            = 0.2018E-03
 dv_ave, drho_tot     = 0.3582E-02 0.1077E-02
 E_tot(eV)            = -.13290878821160E+06    0.2826E-01
 -------------------------------------------
 iter=  18   ave_lin=  4.0  iCGmth=   3
 Ef(eV)               = 0.1667401E+01
 err of ug            = 0.1326E-03
 dv_ave, drho_tot     = 0.2863E-02 0.8078E-03
 E_tot(eV)            = -.13290877317528E+06    0.1504E-01
 -------------------------------------------
 iter=  19   ave_lin=  4.0  iCGmth=   3
 Ef(eV)               = 0.1777114E+01
 err of ug            = 0.1132E-03
 dv_ave, drho_tot     = 0.2519E-02 0.6177E-03
 E_tot(eV)            = -.13290875572544E+06    0.1745E-01
 -------------------------------------------
 iter=  20   ave_lin=  4.0  iCGmth=   3
 Ef(eV)               = 0.1875429E+01
 err of ug            = 0.1025E-03
 dv_ave, drho_tot     = 0.2268E-02 0.4616E-03
 E_tot(eV)            = -.13290874223807E+06    0.1349E-01
 -------------------------------------------
 iter=  21   ave_lin=  4.0  iCGmth=   3
 Ef(eV)               = 0.1933423E+01
 err of ug            = 0.6682E-04
 dv_ave, drho_tot     = 0.9628E-03 0.3771E-03
 E_tot(eV)            = -.13290873523346E+06    0.7005E-02
 -------------------------------------------
 iter=  22   ave_lin=  4.0  iCGmth=   3
 Ef(eV)               = 0.1967315E+01
 err of ug            = 0.6015E-04
 dv_ave, drho_tot     = 0.9671E-03 0.3022E-03
 E_tot(eV)            = -.13290872942700E+06    0.5806E-02
 -------------------------------------------
 iter=  23   ave_lin=  4.0  iCGmth=   3
 Ef(eV)               = 0.1985019E+01
 err of ug            = 0.4863E-04
 dv_ave, drho_tot     = 0.7554E-03 0.2512E-03
 E_tot(eV)            = -.13290872623003E+06    0.3197E-02
 -------------------------------------------
 E_Fermi(eV)=   1.98501919555803     
 ---------------------------------------------------
 Ef(eV)               = 0.1985019E+01
 dvE, dvE(n)-dvE(n-1) = 0.5707E-06 -.3646E-06
 dv_ave, drho_tot     = 0.7554E-03 0.2512E-03
 err of ug            = 0.4863E-04
 ---------------------------------------------------
 ending_scf_reason = tol Etot_err  5.279008887880000E-003
 Ewald        = -.42730849053369E+05
 Alpha        = 0.15207970391171E+04
 E_extV       = 0.00000000000000E+00    0.0000E+00
 E_NSC        = -.21246207786800E+05    0.5735E+00
 E[-rho*V_Hxc]= -.12110578381220E+06    -.5703E+00
 E_Hxc        = 0.50653317383224E+05    0.5922E+00
 -TS          = -.20580068558634E-12    -.1096E-12
 E_tot(eV)    = -.13290872623003E+06    0.3197E-02
 E_tot(Ryd)   = -.97686112814939E+04    0.1175E-03
 ---------------------------------------------------
 ---------------------------------------------------
 occup for:      kpt=1,spin=1,m=(totN/2-2,totN/2+2)
   1.000    1.000    1.000    0.000    0.000
 eigen(eV) for:  kpt=1,spin=1,m=(totN/2-2,totN/2+2)
  -2.057   -2.041   -1.780    2.726    2.839
 ---------------------------------------------------
 ---------------------------------------------------
 E_Hart,E_xc,E_ion =0.79375339135912E+05  -.28722021752688E+05  -.22147864464648E+06
 E_Hxc+E_ion       =-.17082532726325E+06
 E_kin+E_nonloc    =0.79126653047476E+05
 E_rhoVext,E_IVext     =0.00000000000000E+00  0.00000000000000E+00
 E_psiV,E_dDrho =-.10037302116845E+06  0.00000000000000E+00
 ave(vtot):v0 =-.77298088765984E+01
 ave(V_ion_s(or p,d))=ave(V_Hatree)=0; ave(Vtot)=ave(V_xc)=v0
 ---------------------------------------------------
 *********************************
 Eigen energies are values after setting ave(Vtot)=0
 For Vtot=V_ion+V_Hartree+V_xc, and
 ave(V_ion+V_Hatree)=0, ave(V_xc).ne.0:  E=E+v0
 *********************************
iislda,kpt=   1,    1      0.000000     0.000000     0.000000             kpoint in xyz unit 
 err of each states, A.U
  0.279673E-04     0.177571E-04     0.255916E-04     0.326420E-03     0.552665E-04
  0.150215E-04     0.229968E-04     0.175896E-04     0.149517E-04     0.181374E-04
  0.453985E-04     0.205202E-04     0.141701E-04     0.170373E-04     0.159275E-04
  0.155079E-04     0.107745E-04     0.129762E-04     0.136494E-04     0.131443E-03
  0.147776E-04     0.257008E-04     0.136351E-04     0.139490E-04     0.286789E-04
  0.374244E-04     0.132727E-04     0.222689E-04     0.134304E-04     0.147994E-04
  0.184484E-04     0.141106E-04     0.303703E-04     0.260475E-04     0.256973E-04
  0.194212E-04     0.176615E-04     0.199075E-04     0.151228E-04     0.286621E-04
  0.440127E-04     0.265694E-04     0.129060E-04     0.143539E-04     0.153936E-04
  0.135568E-04     0.183255E-04     0.160472E-04     0.198417E-04     0.230583E-04
  0.150931E-04     0.242187E-04     0.203025E-04     0.162757E-04     0.145708E-04
  0.122652E-04     0.145321E-04     0.226712E-04     0.565225E-04     0.160834E-04
  0.434336E-04     0.190363E-04     0.287832E-04     0.173411E-04     0.138035E-04
  0.379398E-04     0.245638E-04     0.373323E-04     0.152003E-04     0.141821E-04
  0.173723E-04     0.206386E-04     0.130030E-04     0.147726E-04     0.258933E-04
  0.263959E-04     0.108640E-04     0.119924E-04     0.114693E-04     0.121613E-04
  0.587578E-04     0.109831E-04     0.150487E-04     0.107665E-04     0.134854E-04
  0.123597E-04     0.118646E-04     0.108876E-04     0.421504E-04     0.137565E-04
  0.108763E-04     0.132622E-04     0.141490E-04     0.321967E-04     0.782751E-04
  0.114267E-04     0.200909E-04     0.171312E-04     0.198261E-04     0.232565E-04
  0.124547E-04     0.108280E-04     0.114565E-04     0.134586E-04     0.116100E-04
  0.195600E-04     0.849287E-04     0.119618E-04     0.552995E-04     0.425218E-04
  0.369300E-04     0.142774E-04     0.161166E-04     0.147075E-04     0.116167E-04
  0.155710E-04     0.267736E-04     0.148275E-04     0.138028E-04     0.234749E-04
  0.123963E-04     0.141711E-04     0.175253E-04     0.139330E-04     0.131613E-04
  0.132478E-04     0.116677E-04     0.397100E-04     0.165011E-04     0.143057E-04
  0.242408E-04     0.279880E-04     0.610969E-04     0.112628E-04     0.530736E-04
  0.109494E-04     0.121121E-04     0.491984E-04     0.149000E-04     0.182873E-04
  0.206814E-04     0.207477E-04     0.198807E-04     0.178595E-04     0.831437E-04
  0.616653E-04     0.120886E-04     0.164683E-04     0.603799E-04     0.123359E-04
  0.172765E-04     0.111210E-04     0.211614E-04     0.154962E-04     0.156985E-04
  0.108033E-04     0.148643E-04     0.227690E-04     0.117716E-04     0.379512E-04
  0.135315E-04     0.262414E-04     0.199722E-04     0.290021E-04     0.174440E-04
  0.146139E-04     0.101431E-04     0.208227E-04     0.177785E-04     0.499653E-04
  0.522920E-04     0.176649E-04     0.178843E-04     0.145737E-04     0.113706E-04
  0.233400E-04     0.464447E-04     0.120982E-04     0.140526E-04     0.406898E-04
  0.126058E-04     0.202333E-04     0.108514E-04     0.228270E-04     0.362415E-04
  0.995259E-05     0.125667E-04     0.104523E-04     0.126637E-04     0.100892E-04
  0.232888E-04     0.108895E-04     0.126455E-04     0.112833E-04     0.129701E-04
  0.133057E-04     0.172904E-04     0.150703E-04     0.119485E-04     0.117241E-04
  0.134359E-04     0.192312E-04     0.214508E-04     0.136782E-04     0.350431E-04
  0.111317E-04     0.115942E-04     0.154083E-04     0.191049E-04     0.126866E-04
  0.153006E-04     0.181879E-04     0.158675E-04     0.245410E-04     0.135069E-04
  0.100441E-04     0.141710E-04     0.170578E-04     0.169373E-04     0.140909E-04
  0.109933E-04     0.122240E-04     0.136480E-04     0.136542E-04     0.114284E-04
  0.169583E-04     0.139185E-04     0.110956E-04     0.153581E-04     0.143982E-04
  0.153290E-04     0.144102E-04     0.180767E-04     0.128601E-04     0.164123E-04
  0.990061E-05     0.144119E-04     0.151265E-04     0.159241E-04     0.128479E-04
  0.298751E-04     0.220102E-04     0.169206E-04     0.139059E-04     0.135824E-04
  0.145072E-04     0.125845E-04     0.117431E-04     0.133407E-04     0.141292E-04
  0.135451E-04     0.183526E-04     0.110851E-04     0.144427E-04     0.156081E-04
  0.165500E-04     0.120604E-04     0.113869E-04     0.182952E-04     0.154801E-04
  0.191482E-04     0.173171E-04     0.201846E-04     0.210639E-04     0.124727E-04
  0.123736E-04     0.230117E-04     0.156199E-04     0.177581E-04     0.176159E-04
  0.150484E-04     0.183153E-04     0.134337E-04     0.174983E-04     0.298354E-04
  0.174486E-04     0.188722E-04     0.174049E-04     0.177305E-04     0.207573E-04
  0.197009E-04     0.174950E-04     0.161133E-04     0.148634E-04     0.177991E-04
  0.135876E-04     0.135411E-04     0.161481E-04     0.143525E-04     0.182027E-04
  0.103762E-04     0.299255E-04     0.218017E-04     0.243309E-04     0.156999E-04
  0.149811E-04     0.243473E-04     0.163593E-04     0.146212E-04     0.149028E-04
  0.295542E-04     0.189664E-04     0.144574E-04     0.201061E-04     0.193279E-04
  0.169847E-04     0.175208E-04     0.180858E-04     0.266620E-04     0.181708E-04
  0.158993E-04     0.188392E-04     0.286939E-04     0.203416E-04     0.258851E-04
  0.211539E-04     0.215671E-04     0.237999E-04     0.283497E-04     0.248519E-04
  0.201975E-04     0.222503E-04     0.220435E-04     0.186865E-04     0.259258E-04
  0.219131E-04     0.217802E-04     0.178291E-04     0.238338E-04     0.160201E-04
  0.251035E-04     0.207518E-04     0.215216E-04     0.185500E-04     0.166768E-04
  0.234956E-04     0.203522E-04     0.294728E-04     0.200233E-04     0.176019E-04
  0.232463E-04     0.257874E-04     0.221388E-04     0.182650E-04     0.201468E-04
  0.184047E-04     0.226856E-04     0.220338E-04     0.210471E-04     0.164184E-04
  0.177846E-04     0.216892E-04     0.240950E-04     0.220185E-04     0.188098E-04
  0.223214E-04     0.208549E-04     0.225816E-04     0.259226E-04     0.255102E-04
  0.189325E-04     0.209147E-04     0.165627E-04     0.180665E-04     0.199248E-04
  0.226370E-04     0.186386E-04     0.203755E-04     0.228640E-04     0.222489E-04
  0.139660E-04     0.168634E-04     0.238209E-04     0.246356E-04     0.230249E-04
  0.236723E-04     0.187659E-04     0.211468E-04     0.234302E-04     0.201011E-04
  0.177892E-04     0.213591E-04     0.204146E-04     0.226666E-04     0.137869E-04
  0.254657E-04     0.278661E-04     0.305310E-04     0.273505E-04     0.173023E-04
  0.227908E-04     0.280392E-04     0.243336E-04     0.233961E-04     0.293394E-04
  0.227843E-04     0.215126E-04     0.207923E-04     0.230227E-04     0.268638E-04
  0.168444E-04     0.184055E-04     0.302662E-04     0.402724E-04     0.222178E-04
  0.203754E-04     0.216927E-04     0.238286E-04     0.232303E-04     0.213005E-04
  0.239894E-04     0.225307E-04     0.296472E-04     0.283072E-04     0.308482E-04
  0.220353E-04     0.215587E-04     0.201847E-04     0.377387E-04     0.224566E-04
  0.308027E-04     0.223939E-04     0.257475E-04     0.214655E-04     0.276254E-04
  0.211299E-04     0.353980E-04     0.273323E-04     0.268367E-04     0.228715E-04
  0.276364E-04     0.195072E-04     0.246024E-04     0.289220E-04     0.335225E-04
  0.307518E-04     0.354126E-04     0.253177E-04     0.212596E-04     0.222916E-04
  0.330639E-04     0.292277E-04     0.233343E-04     0.249089E-04     0.259783E-04
  0.265842E-04     0.353498E-04     0.208367E-04     0.223321E-04     0.210993E-04
  0.248309E-04     0.203881E-04     0.240870E-04     0.239490E-04     0.380638E-04
  0.258369E-04     0.357926E-04     0.233885E-04     0.232156E-04     0.229787E-04
  0.215149E-04     0.259267E-04     0.254240E-04     0.297292E-04     0.271947E-04
  0.223829E-04     0.208578E-04     0.246045E-04     0.443955E-04     0.296317E-04
  0.197828E-04     0.263461E-04     0.211367E-04     0.259270E-04     0.271041E-04
  0.185163E-04     0.224600E-04     0.282988E-04     0.250300E-04     0.364506E-04
  0.192191E-04     0.254483E-04     0.360509E-04     0.307421E-04     0.161969E-04
  0.380415E-04     0.223031E-04     0.208585E-04     0.135531E-04     0.180800E-04
  0.183722E-04     0.171726E-04     0.203626E-04     0.190104E-04     0.170306E-04
  0.237727E-04     0.184256E-04     0.217359E-04     0.222872E-04     0.194145E-04
  0.185778E-04     0.200073E-04     0.217544E-04     0.203554E-04     0.178915E-04
  0.184828E-04     0.226307E-04     0.194274E-04     0.267586E-04     0.208395E-04
  0.211257E-04     0.194073E-04     0.203916E-04     0.198650E-04     0.232063E-04
  0.179738E-04     0.203019E-04     0.194974E-04     0.236139E-04     0.185051E-04
  0.218579E-04     0.254418E-04     0.205249E-04     0.239558E-04     0.242939E-04
  0.282866E-04     0.309069E-04     0.179608E-04     0.175521E-04     0.226510E-04
  0.161346E-04     0.234351E-04     0.381790E-04     0.180718E-04     0.302041E-04
  0.237201E-04     0.132747E-04     0.211197E-04     0.243471E-04     0.192479E-04
  0.198801E-04     0.234266E-04     0.254682E-04     0.193892E-04     0.218050E-04
  0.204202E-04     0.317183E-04     0.103542E-04     0.156426E-04     0.207238E-04
  0.227329E-04     0.151940E-04     0.146034E-04     0.219799E-04     0.174691E-04
  0.158980E-04     0.167616E-04     0.180955E-04     0.222439E-04     0.206701E-04
  0.161149E-04     0.203389E-04     0.223355E-04     0.213487E-04     0.242155E-04
  0.271308E-04     0.236605E-04     0.181578E-04     0.178526E-04     0.200000E-04
  0.191487E-04     0.189797E-04     0.186713E-04     0.216977E-04     0.194009E-04
  0.214604E-04     0.224561E-04     0.181625E-04     0.168287E-04     0.177232E-04
  0.179748E-04     0.165933E-04     0.206363E-04     0.189955E-04     0.160853E-04
  0.179945E-04     0.230894E-04     0.189571E-04     0.204300E-04     0.203031E-04
  0.189775E-04     0.224993E-04     0.187094E-04     0.229469E-04     0.193279E-04
  0.215318E-04     0.247590E-04     0.203610E-04     0.200458E-04     0.204703E-04
  0.225281E-04     0.247957E-04     0.173219E-04     0.209160E-04     0.236019E-04
  0.246061E-04     0.188370E-04     0.195876E-04     0.204094E-04     0.183867E-04
  0.222034E-04     0.194044E-04     0.203773E-04     0.228055E-04     0.181987E-04
  0.222366E-04     0.208351E-04     0.151919E-04     0.196126E-04     0.221127E-04
  0.229565E-04     0.189285E-04     0.201077E-04     0.218055E-04     0.203517E-04
  0.182005E-04     0.223106E-04     0.198562E-04     0.250399E-04     0.204783E-04
  0.255990E-04     0.200079E-04     0.222035E-04     0.282303E-04     0.242790E-04
  0.174780E-04     0.173344E-04     0.178892E-04     0.181610E-04     0.198744E-04
  0.193947E-04     0.199840E-04     0.182195E-04     0.161120E-04     0.218629E-04
  0.206342E-04     0.196643E-04     0.189012E-04     0.174923E-04     0.256081E-04
  0.269430E-04     0.255433E-04     0.193295E-04     0.228546E-04     0.219676E-04
  0.196794E-04     0.217297E-04     0.225689E-04     0.225874E-04     0.212540E-04
  0.273961E-04     0.230494E-04     0.196786E-04     0.240661E-04     0.223586E-04
  0.236538E-04     0.205677E-04     0.250230E-04     0.227485E-04     0.226784E-04
  0.213973E-04     0.214746E-04     0.229240E-04     0.212397E-04     0.299882E-04
  0.230584E-04     0.255582E-04     0.193454E-04     0.240912E-04     0.190082E-04
  0.235844E-04     0.206537E-04     0.223580E-04     0.214292E-04     0.229873E-04
  0.268008E-04     0.248252E-04     0.218024E-04     0.244639E-04     0.211295E-04
  0.266958E-04     0.263324E-04     0.215149E-04     0.233935E-04     0.219504E-04
  0.232240E-04     0.231407E-04     0.248159E-04     0.225537E-04     0.234040E-04
  0.266175E-04     0.253839E-04     0.238150E-04     0.239138E-04     0.238321E-04
  0.255743E-04     0.228261E-04     0.251481E-04     0.266002E-04     0.227896E-04
  0.254569E-04     0.245540E-04     0.257872E-04     0.254391E-04     0.270500E-04
  0.273225E-04     0.247546E-04     0.234861E-04     0.251445E-04     0.239422E-04
  0.289243E-04     0.271813E-04     0.277812E-04     0.305929E-04     0.283794E-04
  0.306868E-04     0.234769E-04     0.296050E-04     0.276071E-04     0.270318E-04
  0.291097E-04     0.247716E-04     0.269052E-04     0.261889E-04     0.257919E-04
  0.242711E-04     0.220951E-04     0.237995E-04     0.261686E-04     0.247178E-04
  0.254998E-04     0.229415E-04     0.273215E-04     0.238880E-04     0.212034E-04
  0.235343E-04     0.238071E-04     0.267637E-04     0.248067E-04     0.262813E-04
  0.228417E-04     0.305700E-04     0.239843E-04     0.260564E-04     0.250605E-04
  0.264656E-04     0.266474E-04     0.265448E-04     0.253574E-04     0.247704E-04
  0.284302E-04     0.233369E-04     0.238551E-04     0.275866E-04     0.291685E-04
  0.233159E-04     0.310123E-04     0.298371E-04     0.244280E-04     0.288867E-04
  0.311450E-04     0.250288E-04     0.327655E-04     0.302108E-04     0.287365E-04
  0.322787E-04     0.347472E-04     0.245758E-04     0.348078E-04     0.297836E-04
  0.313236E-04     0.327362E-04     0.294604E-04     0.282582E-04     0.295626E-04
  0.231891E-04     0.292112E-04     0.313868E-04     0.328532E-04     0.330115E-04
  0.258875E-04     0.318277E-04     0.282476E-04     0.258673E-04     0.289050E-04
  0.266796E-04     0.311819E-04     0.272536E-04     0.325005E-04     0.273916E-04
  0.264950E-04     0.244058E-04     0.241728E-04     0.281551E-04     0.289239E-04
  0.271166E-04     0.267355E-04     0.249188E-04     0.281289E-04     0.280899E-04
  0.307492E-04     0.312455E-04     0.299498E-04     0.276800E-04     0.265024E-04
  0.290866E-04     0.276219E-04     0.280515E-04     0.287971E-04     0.290277E-04
  0.224592E-04     0.309430E-04     0.274672E-04     0.289598E-04     0.289646E-04
  0.262479E-04     0.292465E-04     0.318650E-04     0.354156E-04     0.396067E-04
  0.296763E-04     0.245599E-04     0.282077E-04     0.290628E-04     0.288033E-04
  0.280118E-04     0.332654E-04     0.363740E-04     0.229263E-04     0.314306E-04
  0.274811E-04     0.251641E-04     0.235065E-04     0.288345E-04     0.354476E-04
  0.313220E-04     0.216335E-04     0.224923E-04     0.293698E-04     0.332622E-04
  0.362336E-04     0.284917E-04     0.317369E-04     0.231527E-04     0.429577E-04
  0.347882E-04     0.298400E-04     0.328229E-04     0.406942E-04     0.347255E-04
  0.431597E-04     0.386594E-04     0.412615E-04     0.254787E-04     0.496898E-04
  0.264227E-04     0.336519E-04     0.381151E-04     0.248014E-04     0.299554E-04
  0.434710E-04     0.485848E-04     0.455469E-04     0.373121E-04     0.310899E-04
  0.384376E-04     0.382339E-04     0.386515E-04     0.325772E-04     0.437972E-04
  0.339514E-04     0.406857E-04     0.419839E-04     0.371062E-04     0.379984E-04
  0.304995E-04     0.407852E-04     0.327477E-04     0.432956E-04     0.287076E-04
  0.317702E-04     0.304753E-04     0.311543E-04     0.587795E-04     0.483534E-04
  0.331406E-04     0.335965E-04     0.332259E-04     0.329326E-04     0.403153E-04
  0.367283E-04     0.369032E-04     0.357278E-04     0.437263E-04     0.397751E-04
  0.386137E-04     0.391084E-04     0.277830E-04     0.392886E-04     0.295554E-04
  0.292903E-04     0.276278E-04     0.373103E-04     0.393143E-04     0.353617E-04
  0.342219E-04     0.366366E-04     0.455508E-04     0.379637E-04     0.422412E-04
  0.395885E-04     0.229060E-04     0.275802E-04     0.276244E-04     0.240626E-04
  0.678031E-04     0.440590E-04     0.400088E-04     0.295712E-04     0.221774E-04
  0.262608E-04     0.337804E-04     0.229354E-04     0.364957E-04     0.497941E-04
  0.195471E-04     0.275666E-04     0.304339E-04     0.262581E-04     0.251946E-04
  0.558792E-04     0.675370E-04     0.495834E-04     0.437783E-04     0.317773E-04
  0.310764E-04     0.356922E-04     0.407838E-04     0.284396E-04     0.346180E-04
  0.301418E-04     0.204566E-04     0.375495E-04     0.241852E-04     0.350075E-04
  0.283212E-04     0.228590E-04     0.312476E-04     0.362419E-04     0.199320E-04
  0.383905E-04     0.301756E-04     0.301951E-04     0.352176E-04     0.406887E-04
  0.473160E-04     0.403672E-04     0.334336E-04     0.262530E-04     0.247243E-04
  0.118476E-03     0.101742E-03     0.849928E-04     0.191898E-03     0.116473E-03
  0.127474E-03     0.178889E-03     0.209872E-03     0.159929E-03     0.296120E-03
  0.271359E-03     0.539203E-03     0.450449E-03     0.672391E-03     0.904243E-03
  0.539892E-03     0.711495E-03     0.806021E-03     0.135186E-02     0.847669E-03
  0.903156E-03     0.101213E-02     0.115244E-02     0.899317E-03     0.115924E-02
  0.215599E-02     0.165920E-02     0.281541E-02     0.198259E-02     0.237004E-02
  0.212335E-02     0.276038E-02     0.318149E-02     0.220532E-02     0.244588E-02
  0.502140E-02     0.331940E-02     0.404725E-02     0.362412E-02     0.377521E-02
  0.281739E-02     0.346416E-02     0.676894E-02     0.540920E-02     0.427626E-02
  0.518349E-02     0.477789E-02     0.670302E-02     0.777484E-02     0.581725E-02
  0.838089E-02     0.654665E-02     0.959207E-02     0.103759E-01     0.104474E-01
  0.836811E-02     0.114437E-01     0.126646E-01
 eigen energies, in eV 
    -44.374301       -44.317376       -44.222744       -44.214318       -43.896019
    -28.235909       -28.218537       -28.112102       -28.063157       -27.954061
    -27.933186       -27.903471       -27.876125       -27.853534       -27.844588
    -27.843216       -27.835493       -27.735032       -27.734349       -27.731442
    -27.699764       -27.652898       -27.631172       -27.600985       -27.589779
    -27.583275       -27.557702       -27.553891       -27.532986       -27.497511
    -27.495644       -27.417125       -27.384909       -27.382765       -27.325398
    -27.310148       -27.304841       -27.299652       -27.297299       -27.290247
    -27.269663       -27.236627       -27.234141       -27.200109       -27.194541
    -27.118199       -27.114420       -27.079141       -27.042737       -27.036007
    -27.012727       -27.003976       -26.986998       -26.953735       -26.910073
    -26.869405       -26.866310       -26.845609       -26.820571       -26.814738
    -26.780621       -26.753011       -26.690062       -26.630207       -26.625804
    -26.612835       -26.585011       -26.571932       -26.565406       -26.507698
    -26.429885       -26.368088       -26.356882       -26.343272       -26.306896
    -26.277576       -26.268326       -26.236435       -26.221961       -26.184270
    -26.163982       -26.148892       -26.146787       -26.067035       -26.041641
    -26.019298       -25.999070       -25.988722       -25.955930       -25.918135
    -25.897844       -25.869443       -25.859945       -25.856508       -25.830573
    -25.825876       -25.800865       -25.797426       -25.787804       -25.745800
    -25.725325       -25.699087       -25.677375       -25.677189       -25.654496
    -25.652930       -25.639835       -25.624270       -25.622689       -25.620683
    -25.605867       -25.593322       -25.542162       -25.518590       -25.512848
    -25.471063       -25.468129       -25.436086       -25.410715       -25.409331
    -25.392199       -25.350856       -25.347081       -25.319064       -25.308928
    -25.293274       -25.287617       -25.272604       -25.248767       -25.208008
    -25.171598       -25.170928       -25.049854       -25.016902       -25.010326
    -23.998013       -23.756951       -23.682171       -23.540260       -23.531840
    -23.507089       -23.494450       -23.493730       -23.455583       -23.430794
    -23.427689       -23.376162       -23.374520       -23.361733       -23.309791
    -23.294651       -23.291362       -23.287051       -23.265551       -23.215163
    -23.150821       -23.050315       -23.048810       -23.042660       -23.004153
    -22.999771       -22.965341       -22.921399       -22.895349       -22.889771
    -22.839204       -22.814130       -22.784962       -22.694259       -22.628045
    -21.785839       -21.525599       -21.416043       -21.374986       -21.303194
    -21.301593       -21.226462       -21.181500       -21.157918       -21.154748
    -21.116777       -21.094148       -21.092288       -21.069836       -21.064525
    -21.056992       -20.919311       -20.796890       -20.782560       -20.540937
    -18.500131       -18.428272       -18.379693       -18.219670       -18.120343
    -16.228237       -16.216847       -16.186052       -16.118064       -16.077463
    -16.067518       -16.034398       -16.017356       -16.008206       -15.918960
    -15.786089       -15.762107       -15.725848       -15.540882       -15.488672
    -14.980496       -14.939785       -14.907471       -14.898989       -14.865102
    -14.818416       -14.755307       -14.739906       -14.737037       -14.635332
    -14.615533       -14.590483       -14.582850       -14.568383       -14.547328
    -14.532503       -14.520894       -14.493132       -14.489800       -14.464950
    -14.428044       -14.369882       -14.361301       -14.070933       -14.049668
    -13.744163       -13.646186       -13.533996       -13.520790       -13.517926
    -13.510459       -13.480678       -13.470777       -13.417120       -13.396165
    -13.390255       -13.387924       -13.376121       -13.352700       -13.316417
    -13.304610       -13.301482       -13.289648       -13.287962       -13.269586
    -13.263197       -13.233243       -13.162661       -13.153672       -13.140886
    -13.128224       -13.083889       -13.082143       -13.049354       -12.782544
    -12.157799       -12.115723       -12.018071       -12.001372       -11.982143
    -11.974732       -11.935677       -11.934070       -11.886670       -11.878049
    -11.855900       -11.828581       -11.772717       -11.652073       -11.645664
    -11.644023       -11.545504       -11.523105       -11.520233       -11.466265
    -11.434051       -11.385623       -11.377467       -11.369402       -11.299497
    -11.284112       -11.219326       -11.187568       -11.183683       -11.082956
    -11.070649       -11.041870       -11.034213       -11.007230       -10.989807
    -10.887387       -10.849947       -10.818817       -10.735398       -10.684290
    -10.657494       -10.622596       -10.559132       -10.530356       -10.515045
    -10.498288       -10.480022       -10.450565       -10.442031       -10.429668
    -10.407655       -10.397278       -10.350681       -10.338945       -10.326138
    -10.321432       -10.299550       -10.285336       -10.277026       -10.268352
    -10.262249       -10.254961       -10.244789       -10.237677       -10.228245
    -10.207921       -10.197078       -10.191452       -10.176303       -10.174222
    -10.152203       -10.129706       -10.108796       -10.103707       -10.088044
    -10.076978       -10.050288       -10.042378       -10.020490       -10.014746
     -9.996391        -9.991358        -9.980685        -9.967195        -9.945775
     -9.937769        -9.912329        -9.901261        -9.900545        -9.890765
     -9.871308        -9.859985        -9.851197        -9.841160        -9.820545
     -9.806864        -9.788635        -9.781803        -9.779277        -9.774568
     -9.757553        -9.716374        -9.678964        -9.677783        -9.666742
     -9.659603        -9.649616        -9.641583        -9.618272        -9.601695
     -9.591485        -9.571849        -9.563104        -9.552054        -9.549265
     -9.546855        -9.534106        -9.497737        -9.483859        -9.471420
     -9.463353        -9.458142        -9.452117        -9.439030        -9.422638
     -9.418702        -9.380282        -9.353437        -9.351506        -9.345619
     -9.326687        -9.318071        -9.300736        -9.293445        -9.289685
     -9.281236        -9.264440        -9.253682        -9.204859        -9.182326
     -9.156657        -9.148580        -9.139512        -9.131086        -9.121345
     -9.115037        -9.099635        -9.078460        -9.048651        -9.043251
     -9.017684        -9.012797        -9.001154        -8.993643        -8.986951
     -8.966465        -8.955623        -8.950628        -8.942860        -8.939159
     -8.931400        -8.915824        -8.905244        -8.898898        -8.890388
     -8.877138        -8.874145        -8.862242        -8.850985        -8.847751
     -8.839796        -8.831093        -8.774817        -8.766133        -8.757329
     -8.743571        -8.738389        -8.716651        -8.707627        -8.701687
     -8.690997        -8.676942        -8.659270        -8.642767        -8.635293
     -8.607234        -8.595017        -8.578973        -8.561991        -8.545438
     -8.535651        -8.515172        -8.490642        -8.484487        -8.468410
     -8.466820        -8.459633        -8.398842        -8.388865        -8.371005
     -8.349903        -8.329325        -8.323408        -8.319270        -8.305771
     -8.292011        -8.257635        -8.250069        -8.240471        -8.219283
     -8.208836        -8.154028        -8.146990        -8.133469        -8.130256
     -8.102250        -8.090495        -8.065164        -8.051820        -8.026566
     -8.003400        -7.967400        -7.943594        -7.940396        -7.867166
     -7.848814        -7.836864        -7.810093        -7.798883        -7.794979
     -7.786385        -7.766358        -7.732489        -7.717249        -7.707940
     -7.700807        -7.667688        -7.661739        -7.600718        -7.595291
     -7.575991        -7.519233        -7.507331        -7.492158        -7.472109
     -7.444565        -7.412932        -7.390209        -7.372808        -7.327303
     -7.320592        -7.308588        -7.266010        -7.256383        -7.249138
     -7.238183        -7.207319        -7.191286        -7.187502        -7.158670
     -7.141253        -7.127510        -7.106910        -7.100371        -7.018663
     -7.015872        -7.004862        -6.998302        -6.976315        -6.958452
     -6.946334        -6.918065        -6.905048        -6.870727        -6.865082
     -6.848853        -6.844806        -6.837171        -6.773339        -6.768095
     -6.763350        -6.758492        -6.737753        -6.723419        -6.693969
     -6.687462        -6.663333        -6.657192        -6.637145        -6.624924
     -6.608269        -6.597892        -6.584319        -6.565857        -6.559450
     -6.539236        -6.520692        -6.506273        -6.498994        -6.491769
     -6.474351        -6.467589        -6.460351        -6.440928        -6.429984
     -6.420451        -6.395625        -6.381154        -6.361680        -6.351008
     -6.341833        -6.336906        -6.330183        -6.320953        -6.308118
     -6.297438        -6.283712        -6.267186        -6.250230        -6.244714
     -6.232920        -6.227518        -6.217277        -6.213806        -6.210390
     -6.187507        -6.175380        -6.171970        -6.169661        -6.152452
     -6.148811        -6.129298        -6.126909        -6.120750        -6.115815
     -6.112358        -6.100154        -6.093351        -6.089062        -6.080857
     -6.075527        -6.060836        -6.057893        -6.054438        -6.046441
     -6.040737        -6.036669        -6.017355        -6.011808        -5.999321
     -5.994921        -5.987154        -5.967347        -5.963457        -5.960718
     -5.947446        -5.936285        -5.933085        -5.917135        -5.914495
     -5.907832        -5.897678        -5.890323        -5.882179        -5.871413
     -5.859861        -5.856618        -5.849868        -5.838078        -5.833846
     -5.822566        -5.802576        -5.791910        -5.788074        -5.784054
     -5.778111        -5.761426        -5.752497        -5.750196        -5.743863
     -5.730773        -5.729470        -5.726070        -5.722003        -5.703191
     -5.701005        -5.697364        -5.687094        -5.681557        -5.675560
     -5.669116        -5.661962        -5.641232        -5.638875        -5.631401
     -5.622085        -5.618810        -5.614359        -5.604375        -5.598144
     -5.593974        -5.582187        -5.576265        -5.573531        -5.567390
     -5.561652        -5.556710        -5.547114        -5.545308        -5.523260
     -5.509824        -5.504643        -5.498056        -5.489495        -5.484163
     -5.481171        -5.475654        -5.462451        -5.455319        -5.451523
     -5.447589        -5.441085        -5.438635        -5.427276        -5.424293
     -5.420143        -5.409110        -5.404527        -5.400751        -5.390376
     -5.386850        -5.379639        -5.372843        -5.366073        -5.362777
     -5.354850        -5.343831        -5.339944        -5.328597        -5.326625
     -5.322286        -5.316739        -5.314480        -5.312590        -5.309343
     -5.307713        -5.293506        -5.291168        -5.276152        -5.274642
     -5.267533        -5.266129        -5.256520        -5.241881        -5.236899
     -5.227924        -5.223862        -5.213798        -5.210344        -5.201419
     -5.194159        -5.188900        -5.184002        -5.177239        -5.174273
     -5.163914        -5.159985        -5.154976        -5.151169        -5.141308
     -5.137547        -5.133995        -5.129352        -5.123614        -5.121452
     -5.117587        -5.111515        -5.104887        -5.099046        -5.094213
     -5.086476        -5.080906        -5.078283        -5.065996        -5.059550
     -5.053832        -5.050367        -5.045667        -5.041895        -5.031161
     -5.021543        -5.017501        -5.006855        -5.002169        -4.999461
     -4.985884        -4.981410        -4.978087        -4.968485        -4.962359
     -4.955386        -4.950172        -4.946615        -4.942348        -4.935328
     -4.930566        -4.923979        -4.922625        -4.921960        -4.906029
     -4.898377        -4.888434        -4.876576        -4.875889        -4.867145
     -4.859651        -4.858292        -4.849310        -4.843992        -4.835141
     -4.831558        -4.824418        -4.814081        -4.807796        -4.803510
     -4.794229        -4.785817        -4.779559        -4.773167        -4.759018
     -4.752697        -4.749602        -4.745331        -4.738014        -4.734931
     -4.726292        -4.721947        -4.720833        -4.707703        -4.696670
     -4.692862        -4.691340        -4.682549        -4.680508        -4.677146
     -4.670105        -4.660259        -4.657251        -4.653396        -4.643804
     -4.638370        -4.622669        -4.617874        -4.615469        -4.602764
     -4.600970        -4.597240        -4.574942        -4.566745        -4.552472
     -4.540052        -4.533555        -4.515514        -4.494243        -4.491586
     -4.487008        -4.476836        -4.471994        -4.466641        -4.444651
     -4.433718        -4.415330        -4.406803        -4.399470        -4.379391
     -4.353122        -4.338221        -4.320187        -4.300603        -4.295612
     -4.285038        -4.254378        -4.224632        -4.223471        -4.210534
     -4.198623        -4.173863        -4.158056        -4.131612        -4.128513
     -4.091973        -4.068071        -4.051897        -4.026461        -3.982945
     -3.971184        -3.950431        -3.938332        -3.919867        -3.882378
     -3.857385        -3.846317        -3.821230        -3.817003        -3.805582
     -3.804069        -3.795105        -3.780538        -3.770263        -3.756501
     -3.741376        -3.725767        -3.710542        -3.704757        -3.699691
     -3.691918        -3.685600        -3.671594        -3.655816        -3.650464
     -3.640596        -3.621128        -3.602745        -3.593470        -3.583487
     -3.576627        -3.562370        -3.545334        -3.536468        -3.532752
     -3.525065        -3.516654        -3.508306        -3.485925        -3.465488
     -3.450634        -3.439367        -3.436752        -3.416831        -3.414188
     -3.410114        -3.394215        -3.390921        -3.380266        -3.365477
     -3.353299        -3.345680        -3.332536        -3.330089        -3.316818
     -3.302476        -3.298073        -3.285464        -3.277243        -3.271289
     -3.262187        -3.252143        -3.216814        -3.210604        -3.180261
     -3.175671        -3.166082        -3.148787        -3.118157        -3.090617
     -3.061334        -3.048559        -3.007406        -2.963111        -2.939358
     -2.930379        -2.913272        -2.858432        -2.815757        -2.733027
     -2.702049        -2.687488        -2.680945        -2.678527        -2.634125
     -2.624349        -2.613140        -2.605884        -2.600957        -2.597971
     -2.571963        -2.555271        -2.487109        -2.480041        -2.460379
     -2.371581        -2.357884        -2.316821        -2.262082        -2.261768
     -2.251989        -2.235214        -2.196200        -2.185879        -2.167945
     -2.164135        -2.151500        -2.057477        -2.041137        -1.780196
      2.726473         2.838842         2.860856         2.907811         2.949954
      2.978435         3.057784         3.086358         3.176968         3.235319
      3.244260         3.290248         3.318310         3.374261         3.418149
      3.432967         3.459529         3.491646         3.545112         3.553183
      3.575354         3.592491         3.653617         3.669173         3.712767
      3.722907         3.738029         3.787334         3.794523         3.811932
      3.831338         3.848062         3.860930         3.875216         3.902653
      3.929624         3.941573         3.968874         3.996838         3.998424
      4.012503         4.045665         4.055288         4.073066         4.088846
      4.107826         4.123706         4.160286         4.175569         4.211634
      4.220894         4.237988         4.268367         4.288702         4.345002
      4.373222         4.399485         4.469718
 *********************************
 total computation time (sec)=   1997.10292792320     
