 AEM_Eatom=  4.482590553155814E-003
 AEM_Egroup=  7.493333541931936E-004
 AEM_Etot=  1.169896916542109E-002
 AEM_F=  0.500464671220944     
