 AEM_Eatom=  0.256699476689406     
 AEM_Egroup=  3.554569428786863E-002
 AEM_Etot=  1.064590576059876E-002
 AEM_F=   1.00570542383893     
