 AEM_Eatom=  2.463645989474849E-002
 AEM_Egroup=  2.224275521699258E-003
 AEM_Etot=  1.353260509446873E-002
 AEM_F=  0.530859395739805     
