 AEM_Eatom=  6.131058609646849E-002
 AEM_Egroup=  3.456193361136004E-003
 AEM_Etot=  2.448391814244290E-003
 AEM_F=  0.850456285739556     
