 AEM_Eatom=  1.948191661735640E-002
 AEM_Egroup=  2.959207033987190E-003
 AEM_Etot=  1.309252686982777E-003
 AEM_F=  0.500753272378180     
