 AEM_Eatom=  2.604195010035109E-002
 AEM_Egroup=  3.891847252092629E-003
 AEM_Etot=  6.752467436746390E-004
 AEM_F=  0.501294177279095     
