 AEM_Eatom=  1.245903639035961E-003
 AEM_Egroup=  1.207420121647798E-004
 AEM_Etot=  1.137529536109797E-003
 AEM_F=  0.500163126007786     
