 AEM_Eatom=  6.207044016445056E-003
 AEM_Egroup=  1.039241399045875E-003
 AEM_Etot=  4.102433434876026E-003
 AEM_F=  0.502759469588894     
