           4           1
 PRECISION  = SINGLE     
 JOB       = SCF
 IN.PSP1   = /home/sabs/shenjie/Pseudopotential/Li.nc.pbe.UPF
 IN.PSP2   = /home/sabs/shenjie/Pseudopotential/C.nc.pbe.UPF
 IN.PSP3   = /home/sabs/shenjie/Pseudopotential/O.nc.pbe.UPF
 IN.PSP4   = /home/sabs/shenjie/Pseudopotential/N.nc.pbe.UPF
 IN.PSP5   = /home/sabs/shenjie/Pseudopotential/S.nc.pbe.UPF
 IN.PSP6   = /home/sabs/shenjie/Pseudopotential/F.nc.pbe.UPF
 IN.PSP7   = /home/sabs/shenjie/Pseudopotential/H.nc.pbe.UPF
 IN.PSP8   = /home/sabs/shenjie/Pseudopotential/P.nc.pbe.UPF
 IN.ATOM   = atom.config         
 CONVERGENCE  = EASY
 ACCURACY  = NORM
 VFF_DETAIL =   1   500  0.50000000E-02     30.00000     4.00000     0.00000     1.00000  
 EGG_DETAIL =            3           3           3
 SPIN      =   1
 CONSTRAINT_MAG =           0
 RANDOM_SEED=           0
 QIJ_DETAIL =   0  1
 SCF_MIX = CHARGE
 PWSCF_OUTPUT     =  F
 Ecut      =    60.0000000000000     
 Ecut2     =    120.000000000000     
 Ecut2L    =    120.000000000000     
 EcutP    =    60.0000000000000     
 N123      =   120   120   120
 NS123     =    40    40    40
 N123L     =   120   120   120
 STRESS_CORR =   0.100000E+01  0.000000E+00  0.200000E+01  0.000000E+00
 XCFUNCTIONAL = LDA
 HSE_DETAIL    =      1.00000000    1     0.00000000    6 1 1
 RELAX_HSE    =    20   0.50000E-01     2
 VDW       = NONE
 LONDON_S6      =   0.000000000000000E+000
 LONDON_C6(1)      =   -1.00000000000000     
 LONDON_C6(2)      =   -1.00000000000000     
 LONDON_C6(3)      =   -1.00000000000000     
 LONDON_C6(4)      =   -1.00000000000000     
 LONDON_C6(5)      =   -1.00000000000000     
 LONDON_C6(6)      =   -1.00000000000000     
 LONDON_C6(7)      =   -1.00000000000000     
 LONDON_C6(8)      =   -1.00000000000000     
 LONDON_RCUT      =   0.000000000000000E+000
 DFTD3_S6        =   0.000000000000000E+000
 DFTD3_RS6        =   0.000000000000000E+000
 DFTD3_S18        =   0.000000000000000E+000
 DFTD3_RS18        =   0.000000000000000E+000
 DFTD3_ALPHA6        =   0.000000000000000E+000
 DFTD3_VERSION        =            0
 DFTD3_3BODY        =  F
 COULOMB   =    0
 IN.WG     =  F
 OUT.WG    =  F
 IN.RHO    =  F
 OUT.RHOATOM =  F
 OUT.RHO   =  F
 IN.VR     =  F
 OUT.VR    =  F
 OUT.ELF   =  F
 IN.VEXT   =  F
 OUT.VATOM   =  F
 OUT.FORCE =  T
 OUT.STRESS =  F
 IN.KPT    =  F
 IN.SYMM   =  F
 SYMM_PREC =    0.10000E-04
 MP_N123 =      1      1      1      0      0      0      0
 NUM_KPT =            1
 CHARGE_DECOMP = F
 ENERGY_DECOMP = F 
 IN.SOLVENT =  F
 NUM_ELECTRON =   1940.00000000000     
 FIX_FERMI =   F  0.000000E+00  0.000000E+00  0.000000E+00
 IN.NONSCF    =  F
 NUM_BAND  =  1028
 OUT.REAL.RHOWF_SP= 0
 WG_ERROR  =   1.000000000000000E-004
 E_ERROR   =   5.279008887880000E-003
 RHO_ERROR =   5.000000000000000E-005
 RHO_RELATIVE_ERROR      =   0.000000000000000E+000
 FORCE_RELATIVE_ERROR     =   0.000000000000000E+000
 MIN_SCF_ITER     =            1
 SYS_TYPE   =            1
 PULAY_MIX_OPT =     30  1  0       1.00000       0.00000
 PULAY_METRIC_Q0 =       -1.00000
 IN.OCC    =  F          -1
 IN.CC    =  F
 IN.OCC_ADIA    =  F
 SCF_ITER0_1 =    6   4    3    0.0000     0.02500    1
 SCF_ITER0_2 =   94   4    3    1.0000     0.02500    1
 SCF_ITER1_1 =   40   4    3    1.0000     0.02500    1
 NONLOCAL  =  2
 IN.A_FIELD =  F       0.00000       0.00000       0.00000
 RCUT      =    4.00000000000000     
 IN.PSP_RCUT1 =   4.00000000000000     
 IN.PSP_RCUT2 =   4.00000000000000     
 IN.PSP_RCUT3 =   4.00000000000000     
 IN.PSP_RCUT4 =   4.00000000000000     
 IN.PSP_RCUT5 =   4.00000000000000     
 IN.PSP_RCUT6 =   4.00000000000000     
 IN.PSP_RCUT7 =   4.00000000000000     
 IN.PSP_RCUT8 =   4.00000000000000     
 MD_VV_SCALE =    100
 LDAU_PSP1   =           -1  2.721138638331097E-009  2.721138638331097E-009  eV
 LDAU_PSP2   =           -1  2.721138638331097E-009  2.721138638331097E-009  eV
 LDAU_PSP3   =           -1  2.721138638331097E-009  2.721138638331097E-009  eV
 LDAU_PSP4   =           -1  2.721138638331097E-009  2.721138638331097E-009  eV
 LDAU_PSP5   =           -1  2.721138638331097E-009  2.721138638331097E-009  eV
 LDAU_PSP6   =           -1  2.721138638331097E-009  2.721138638331097E-009  eV
 LDAU_PSP7   =           -1  2.721138638331097E-009  2.721138638331097E-009  eV
 LDAU_PSP8   =           -1  2.721138638331097E-009  2.721138638331097E-009  eV
 NUM_BLOCKED_PSI=  F
 WF_STORE2DISK  =            0
 NUM_DOS_GRID =         4000
 NMAP_MAX =        50000
 KERK_AMIN =   0.300000000000000     
 KERK_AMIX =   0.400000000000000     
 KERK_AMIX_MAG =   0.800000000000000     
 KERK_BMIX =   0.500000000000000     
 LDAU_MIX =   0.700000000000000     
 PULAY_WEIGHT_SPIN =    1.00000000000000     
 PULAY_WEIGHT_NS =    1.00000000000000     
 OUT.MLMD    =  F
 NUM_MPI_PER_GPU =     1
 FLAG_CYLINDER =            0
 SET_OUT_FERMI_POS =  F           0
 E_FINITE =  F   0.00000E+00   0.00000E+00   0.00000E+00
 MLINE_EIGEN =      1
 
 ------------------------------------------------
 total number of K-point:           1
   0.00000     0.00000    0.00000     1.00000            
 ------------------------------------------------
 
 
 *********************************************
 *********** end of etot.input report ********
 minimum n1,n2,n3 from Ecut2
     118.970      119.148      119.089
 minimum n1L,n2L,n3L from Ecut2L
     118.970      119.148      119.089
 *********************************************
 
 
Weighted average num_of_PW for all kpoint=                       312673.000
 ************************************
 E_Hxc(eV)         49617.1707529382     
 E_ion(eV)        -219594.270412703     
 E_Coul(eV)        77857.3001699434     
 E_Hxc+E_ion(eV)  -169977.099659764     
 NONSCF     1          AVE_STATE_ERROR= 0.5918E+01
 NONSCF     2          AVE_STATE_ERROR= 0.1624E+01
 NONSCF     3          AVE_STATE_ERROR= 0.4993E+00
 NONSCF     4          AVE_STATE_ERROR= 0.9194E-01
 NONSCF     5          AVE_STATE_ERROR= 0.1559E-01
 NONSCF     6          AVE_STATE_ERROR= 0.3141E-02
 iter=   7   ave_lin=  4.0  iCGmth=   3
 Ef(eV)               = -.1710958E+01
 err of ug            = 0.1240E-02
 dv_ave, drho_tot     = 0.0000E+00 0.1243E+00
 E_tot(eV)            = -.13305591612873E+06    -.1331E+06
 -------------------------------------------
 iter=   8   ave_lin=  4.0  iCGmth=   3
 Ef(eV)               = -.1375388E-01
 err of ug            = 0.1099E-01
 dv_ave, drho_tot     = 0.1737E-01 0.7170E-01
 E_tot(eV)            = -.13294650138487E+06    0.1094E+03
 -------------------------------------------
 iter=   9   ave_lin=  4.0  iCGmth=   3
 Ef(eV)               = 0.6410359E+00
 err of ug            = 0.6784E-02
 dv_ave, drho_tot     = 0.1389E-01 0.3059E-01
 E_tot(eV)            = -.13291277101753E+06    0.3373E+02
 -------------------------------------------
 iter=  10   ave_lin=  4.0  iCGmth=   3
 Ef(eV)               = 0.5827850E+00
 err of ug            = 0.2047E-02
 dv_ave, drho_tot     = 0.6980E-02 0.1074E-01
 E_tot(eV)            = -.13290736558408E+06    0.5405E+01
 -------------------------------------------
 iter=  11   ave_lin=  4.0  iCGmth=   3
 Ef(eV)               = 0.5618919E+00
 err of ug            = 0.5558E-03
 dv_ave, drho_tot     = 0.3096E-02 0.5978E-02
 E_tot(eV)            = -.13290668564450E+06    0.6799E+00
 -------------------------------------------
 iter=  12   ave_lin=  4.0  iCGmth=   3
 Ef(eV)               = 0.4863391E+00
 err of ug            = 0.3068E-03
 dv_ave, drho_tot     = 0.3538E-02 0.3664E-02
 E_tot(eV)            = -.13290616862618E+06    0.5170E+00
 -------------------------------------------
 iter=  13   ave_lin=  4.0  iCGmth=   3
 Ef(eV)               = 0.3069575E+00
 err of ug            = 0.3562E-03
 dv_ave, drho_tot     = 0.4180E-02 0.2826E-02
 E_tot(eV)            = -.13290565825725E+06    0.5104E+00
 -------------------------------------------
 iter=  14   ave_lin=  4.0  iCGmth=   3
 Ef(eV)               = 0.2680947E+00
 err of ug            = 0.3268E-03
 dv_ave, drho_tot     = 0.5543E-02 0.2217E-02
 E_tot(eV)            = -.13290521609883E+06    0.4422E+00
 -------------------------------------------
 iter=  15   ave_lin=  4.0  iCGmth=   3
 Ef(eV)               = 0.8005653E+00
 err of ug            = 0.3481E-03
 dv_ave, drho_tot     = 0.6391E-02 0.1774E-02
 E_tot(eV)            = -.13290490394479E+06    0.3122E+00
 -------------------------------------------
 iter=  16   ave_lin=  4.0  iCGmth=   3
 Ef(eV)               = 0.1078033E+01
 err of ug            = 0.2550E-03
 dv_ave, drho_tot     = 0.4038E-02 0.1371E-02
 E_tot(eV)            = -.13290482973993E+06    0.7420E-01
 -------------------------------------------
 iter=  17   ave_lin=  4.0  iCGmth=   3
 Ef(eV)               = 0.1208269E+01
 err of ug            = 0.2000E-03
 dv_ave, drho_tot     = 0.3578E-02 0.1084E-02
 E_tot(eV)            = -.13290480094278E+06    0.2880E-01
 -------------------------------------------
 iter=  18   ave_lin=  4.0  iCGmth=   3
 Ef(eV)               = 0.1285576E+01
 err of ug            = 0.1326E-03
 dv_ave, drho_tot     = 0.2894E-02 0.8167E-03
 E_tot(eV)            = -.13290478579876E+06    0.1514E-01
 -------------------------------------------
 iter=  19   ave_lin=  4.0  iCGmth=   3
 Ef(eV)               = 0.1358998E+01
 err of ug            = 0.1173E-03
 dv_ave, drho_tot     = 0.2621E-02 0.6239E-03
 E_tot(eV)            = -.13290476786081E+06    0.1794E-01
 -------------------------------------------
 iter=  20   ave_lin=  4.0  iCGmth=   3
 Ef(eV)               = 0.1406953E+01
 err of ug            = 0.1022E-03
 dv_ave, drho_tot     = 0.2285E-02 0.4581E-03
 E_tot(eV)            = -.13290475481920E+06    0.1304E-01
 -------------------------------------------
 iter=  21   ave_lin=  4.0  iCGmth=   3
 Ef(eV)               = 0.1465125E+01
 err of ug            = 0.6643E-04
 dv_ave, drho_tot     = 0.9801E-03 0.3702E-03
 E_tot(eV)            = -.13290474831414E+06    0.6505E-02
 -------------------------------------------
 iter=  22   ave_lin=  4.0  iCGmth=   3
 Ef(eV)               = 0.1519334E+01
 err of ug            = 0.6132E-04
 dv_ave, drho_tot     = 0.9940E-03 0.2953E-03
 E_tot(eV)            = -.13290474290506E+06    0.5409E-02
 -------------------------------------------
 iter=  23   ave_lin=  4.0  iCGmth=   3
 Ef(eV)               = 0.1584867E+01
 err of ug            = 0.4906E-04
 dv_ave, drho_tot     = 0.7612E-03 0.2430E-03
 E_tot(eV)            = -.13290474000911E+06    0.2896E-02
 -------------------------------------------
 E_Fermi(eV)=   1.58486665570401     
 ---------------------------------------------------
 Ef(eV)               = 0.1584867E+01
 dvE, dvE(n)-dvE(n-1) = 0.5794E-06 -.4087E-06
 dv_ave, drho_tot     = 0.7612E-03 0.2430E-03
 err of ug            = 0.4906E-04
 ---------------------------------------------------
 ending_scf_reason = tol Etot_err  5.279008887880000E-003
 Ewald        = -.42474585572929E+05
 Alpha        = 0.15207970391171E+04
 E_extV       = 0.00000000000000E+00    0.0000E+00
 E_NSC        = -.21311467192460E+05    0.7333E+00
 E[-rho*V_Hxc]= -.12145356761084E+06    -.7304E+00
 E_Hxc        = 0.50814083327997E+05    0.7012E+00
 -TS          = -.16153482233324E-16    -.1362E-16
 E_tot(eV)    = -.13290474000911E+06    0.2896E-02
 E_tot(Ryd)   = -.97683182996581E+04    0.1064E-03
 ---------------------------------------------------
 ---------------------------------------------------
 occup for:      kpt=1,spin=1,m=(totN/2-2,totN/2+2)
   1.000    1.000    1.000    0.000    0.000
 eigen(eV) for:  kpt=1,spin=1,m=(totN/2-2,totN/2+2)
  -2.135   -2.048   -1.973    2.571    2.633
 ---------------------------------------------------
 ---------------------------------------------------
 E_Hart,E_xc,E_ion =0.79574599876466E+05  -.28760516548468E+05  -.22202409797684E+06
 E_Hxc+E_ion       =-.17121001464884E+06
 E_kin+E_nonloc    =0.79259063173537E+05
 E_rhoVext,E_IVext     =0.00000000000000E+00  0.00000000000000E+00
 E_psiV,E_dDrho =-.10057045924601E+06  0.00000000000000E+00
 ave(vtot):v0 =-.77059495594532E+01
 ave(V_ion_s(or p,d))=ave(V_Hatree)=0; ave(Vtot)=ave(V_xc)=v0
 ---------------------------------------------------
 *********************************
 Eigen energies are values after setting ave(Vtot)=0
 For Vtot=V_ion+V_Hartree+V_xc, and
 ave(V_ion+V_Hatree)=0, ave(V_xc).ne.0:  E=E+v0
 *********************************
iislda,kpt=   1,    1      0.000000     0.000000     0.000000             kpoint in xyz unit 
 err of each states, A.U
  0.483720E-04     0.141240E-04     0.789564E-04     0.469631E-04     0.222754E-04
  0.177066E-04     0.155845E-04     0.199101E-04     0.202632E-04     0.162990E-04
  0.204597E-04     0.170580E-04     0.179538E-04     0.206594E-04     0.129747E-04
  0.251204E-04     0.118546E-04     0.218592E-04     0.158584E-04     0.468888E-04
  0.192246E-04     0.130668E-04     0.172899E-04     0.141102E-04     0.151039E-04
  0.578142E-04     0.137644E-04     0.147807E-04     0.134942E-04     0.111995E-04
  0.226264E-04     0.141428E-04     0.355160E-04     0.240144E-04     0.192154E-04
  0.168611E-04     0.149758E-04     0.215907E-04     0.144292E-04     0.610634E-04
  0.740585E-04     0.143385E-04     0.216528E-04     0.200687E-04     0.126638E-04
  0.146382E-04     0.147406E-04     0.163669E-04     0.144749E-04     0.260827E-04
  0.165820E-04     0.137054E-04     0.137862E-04     0.143238E-04     0.138221E-04
  0.235468E-04     0.193706E-04     0.133959E-04     0.194180E-04     0.885091E-04
  0.270112E-04     0.107740E-04     0.120628E-04     0.441912E-04     0.749342E-04
  0.282076E-04     0.488835E-04     0.213138E-04     0.131123E-04     0.128602E-04
  0.167053E-04     0.100153E-04     0.129664E-04     0.168365E-04     0.375457E-04
  0.123580E-04     0.207721E-04     0.120180E-04     0.161930E-04     0.140050E-04
  0.106677E-04     0.721040E-04     0.177616E-04     0.437071E-04     0.140319E-04
  0.201526E-04     0.125721E-04     0.134552E-04     0.108929E-03     0.164779E-04
  0.119466E-04     0.148821E-04     0.114005E-04     0.705770E-04     0.137640E-04
  0.166727E-04     0.117569E-04     0.382448E-04     0.371087E-04     0.203386E-04
  0.126427E-04     0.104885E-04     0.126214E-04     0.430151E-04     0.203633E-04
  0.121971E-04     0.523020E-04     0.134218E-04     0.112841E-04     0.112654E-04
  0.117710E-04     0.141701E-04     0.490510E-04     0.188052E-04     0.103504E-04
  0.686177E-04     0.120178E-04     0.153745E-04     0.112884E-04     0.197439E-04
  0.140284E-04     0.207378E-04     0.975171E-05     0.120859E-04     0.132411E-04
  0.127161E-04     0.230625E-04     0.161428E-04     0.646005E-04     0.126363E-04
  0.460918E-04     0.159818E-04     0.285327E-04     0.274090E-04     0.977091E-04
  0.120588E-04     0.191583E-04     0.258856E-04     0.216357E-04     0.267431E-04
  0.148135E-04     0.131049E-04     0.280602E-04     0.153436E-04     0.186838E-04
  0.116348E-04     0.223640E-04     0.113219E-03     0.841026E-04     0.588975E-04
  0.157739E-04     0.178882E-04     0.120962E-04     0.108713E-04     0.513669E-04
  0.170618E-04     0.132857E-04     0.144005E-04     0.219182E-04     0.276348E-04
  0.105827E-04     0.156050E-04     0.180389E-04     0.234336E-03     0.209829E-04
  0.146147E-04     0.200894E-04     0.213090E-04     0.161296E-04     0.174590E-04
  0.432363E-04     0.147292E-04     0.134012E-04     0.155450E-04     0.970048E-04
  0.108231E-04     0.194338E-04     0.768125E-04     0.397899E-04     0.146084E-04
  0.172672E-04     0.113298E-04     0.118169E-04     0.950189E-05     0.104475E-04
  0.125794E-04     0.980262E-04     0.126542E-04     0.964103E-05     0.531531E-04
  0.137543E-04     0.211911E-04     0.123660E-04     0.152332E-04     0.109828E-04
  0.146442E-04     0.346249E-04     0.119029E-04     0.128942E-04     0.171458E-04
  0.139715E-04     0.170730E-04     0.118117E-04     0.227564E-04     0.151662E-04
  0.183096E-04     0.119974E-04     0.134207E-04     0.141498E-04     0.192834E-04
  0.154394E-04     0.150139E-04     0.107695E-04     0.217054E-04     0.188287E-04
  0.170338E-04     0.102138E-04     0.292726E-04     0.140975E-04     0.171639E-04
  0.177711E-04     0.236347E-04     0.150808E-04     0.151620E-04     0.169101E-04
  0.173428E-04     0.177740E-04     0.115626E-04     0.156120E-04     0.135470E-04
  0.152288E-04     0.175089E-04     0.158216E-04     0.987182E-05     0.151205E-04
  0.115210E-04     0.164199E-04     0.175351E-04     0.130820E-04     0.131687E-04
  0.208179E-04     0.192325E-04     0.130866E-04     0.128955E-04     0.144584E-04
  0.111575E-04     0.132175E-04     0.165671E-04     0.128826E-04     0.132476E-04
  0.133010E-04     0.129690E-04     0.181944E-04     0.219157E-04     0.141862E-04
  0.133205E-04     0.198616E-04     0.209690E-04     0.173886E-04     0.163836E-04
  0.101934E-04     0.108194E-04     0.243705E-04     0.228349E-04     0.136928E-04
  0.180452E-04     0.133127E-04     0.237943E-04     0.169297E-04     0.242962E-04
  0.132284E-04     0.188016E-04     0.159334E-04     0.157309E-04     0.188443E-04
  0.188392E-04     0.172477E-04     0.153268E-04     0.196789E-04     0.155496E-04
  0.214095E-04     0.166478E-04     0.134669E-04     0.160119E-04     0.174378E-04
  0.144373E-04     0.120496E-04     0.142052E-04     0.189637E-04     0.188640E-04
  0.187813E-04     0.152233E-04     0.242592E-04     0.153898E-04     0.242905E-04
  0.106537E-04     0.230713E-04     0.147395E-04     0.165267E-04     0.147098E-04
  0.165931E-04     0.391815E-04     0.155169E-04     0.294210E-04     0.198599E-04
  0.237101E-04     0.157855E-04     0.138473E-04     0.184248E-04     0.250905E-04
  0.158903E-04     0.267582E-04     0.207298E-04     0.204773E-04     0.126649E-04
  0.211177E-04     0.244027E-04     0.215078E-04     0.163305E-04     0.228012E-04
  0.251870E-04     0.242875E-04     0.231455E-04     0.209329E-04     0.184925E-04
  0.224366E-04     0.202364E-04     0.224866E-04     0.186001E-04     0.226508E-04
  0.145384E-04     0.247995E-04     0.149141E-04     0.189385E-04     0.255487E-04
  0.275204E-04     0.258655E-04     0.210296E-04     0.178921E-04     0.189419E-04
  0.181691E-04     0.210320E-04     0.225139E-04     0.235297E-04     0.252034E-04
  0.232064E-04     0.194848E-04     0.195237E-04     0.161728E-04     0.227488E-04
  0.199037E-04     0.212637E-04     0.215265E-04     0.230449E-04     0.178735E-04
  0.159490E-04     0.229938E-04     0.219393E-04     0.167065E-04     0.170487E-04
  0.216830E-04     0.226079E-04     0.238518E-04     0.180777E-04     0.163569E-04
  0.175695E-04     0.151641E-04     0.184070E-04     0.219135E-04     0.230125E-04
  0.231101E-04     0.240627E-04     0.281454E-04     0.202047E-04     0.214475E-04
  0.194600E-04     0.241410E-04     0.229587E-04     0.374847E-04     0.220334E-04
  0.181757E-04     0.197391E-04     0.205253E-04     0.172886E-04     0.151665E-04
  0.171699E-04     0.217701E-04     0.171321E-04     0.215927E-04     0.272827E-04
  0.227523E-04     0.240128E-04     0.183704E-04     0.240871E-04     0.276625E-04
  0.214086E-04     0.214978E-04     0.213750E-04     0.200921E-04     0.241005E-04
  0.230805E-04     0.246218E-04     0.263416E-04     0.406870E-04     0.242608E-04
  0.210950E-04     0.253439E-04     0.232139E-04     0.217731E-04     0.287788E-04
  0.266625E-04     0.218655E-04     0.248370E-04     0.252268E-04     0.258204E-04
  0.390568E-04     0.202663E-04     0.209897E-04     0.220264E-04     0.228141E-04
  0.255192E-04     0.232988E-04     0.286538E-04     0.188623E-04     0.343817E-04
  0.175597E-04     0.314785E-04     0.257213E-04     0.262664E-04     0.197979E-04
  0.208180E-04     0.253764E-04     0.230353E-04     0.218949E-04     0.440212E-04
  0.218613E-04     0.222149E-04     0.249810E-04     0.216866E-04     0.282555E-04
  0.307026E-04     0.320315E-04     0.262888E-04     0.281879E-04     0.301330E-04
  0.187774E-04     0.206380E-04     0.275376E-04     0.216449E-04     0.248642E-04
  0.280873E-04     0.265999E-04     0.238490E-04     0.250203E-04     0.334607E-04
  0.293276E-04     0.249494E-04     0.181249E-04     0.211968E-04     0.247227E-04
  0.216397E-04     0.435317E-04     0.199985E-04     0.224640E-04     0.195302E-04
  0.262795E-04     0.269661E-04     0.291984E-04     0.263449E-04     0.312315E-04
  0.271381E-04     0.289164E-04     0.307751E-04     0.218395E-04     0.168094E-04
  0.167173E-04     0.338613E-04     0.165225E-04     0.285103E-04     0.247520E-04
  0.185096E-04     0.262653E-04     0.279135E-04     0.232930E-04     0.372430E-04
  0.216870E-04     0.205776E-04     0.172942E-04     0.191757E-04     0.163764E-04
  0.178882E-04     0.200624E-04     0.358577E-04     0.216082E-04     0.203780E-04
  0.219135E-04     0.184802E-04     0.176156E-04     0.166903E-04     0.168977E-04
  0.258137E-04     0.256881E-04     0.179394E-04     0.196151E-04     0.153596E-04
  0.225962E-04     0.174607E-04     0.172401E-04     0.198573E-04     0.217158E-04
  0.246830E-04     0.182837E-04     0.244436E-04     0.258730E-04     0.215231E-04
  0.200163E-04     0.210154E-04     0.240450E-04     0.205275E-04     0.265163E-04
  0.204941E-04     0.233910E-04     0.252954E-04     0.237845E-04     0.273681E-04
  0.209900E-04     0.201236E-04     0.202590E-04     0.195669E-04     0.216521E-04
  0.163077E-04     0.256549E-04     0.174528E-04     0.208404E-04     0.187098E-04
  0.223925E-04     0.291281E-04     0.342893E-04     0.235001E-04     0.184086E-04
  0.296207E-04     0.156553E-04     0.280495E-04     0.146886E-04     0.199647E-04
  0.129485E-04     0.185278E-04     0.197335E-04     0.212077E-04     0.157974E-04
  0.168464E-04     0.217774E-04     0.148433E-04     0.155619E-04     0.170440E-04
  0.264212E-04     0.213594E-04     0.260731E-04     0.174361E-04     0.232532E-04
  0.230556E-04     0.168329E-04     0.198556E-04     0.203456E-04     0.231052E-04
  0.172647E-04     0.236892E-04     0.278239E-04     0.208807E-04     0.213968E-04
  0.189753E-04     0.206302E-04     0.187273E-04     0.183571E-04     0.189426E-04
  0.164272E-04     0.181190E-04     0.224312E-04     0.231262E-04     0.246737E-04
  0.200878E-04     0.220418E-04     0.168840E-04     0.174966E-04     0.169023E-04
  0.191906E-04     0.208899E-04     0.230292E-04     0.161207E-04     0.213318E-04
  0.231001E-04     0.193771E-04     0.224822E-04     0.174231E-04     0.225368E-04
  0.203157E-04     0.199692E-04     0.231758E-04     0.230849E-04     0.200687E-04
  0.236602E-04     0.177874E-04     0.259805E-04     0.203531E-04     0.193597E-04
  0.203223E-04     0.204880E-04     0.208805E-04     0.188993E-04     0.193210E-04
  0.183870E-04     0.155844E-04     0.229744E-04     0.248523E-04     0.190040E-04
  0.244397E-04     0.181020E-04     0.181877E-04     0.169785E-04     0.203396E-04
  0.268933E-04     0.174329E-04     0.171391E-04     0.179122E-04     0.208859E-04
  0.291106E-04     0.172933E-04     0.175216E-04     0.204742E-04     0.169885E-04
  0.217206E-04     0.186910E-04     0.209947E-04     0.260336E-04     0.253372E-04
  0.195788E-04     0.189762E-04     0.214458E-04     0.180843E-04     0.231027E-04
  0.270997E-04     0.212250E-04     0.216668E-04     0.191149E-04     0.208285E-04
  0.234692E-04     0.186012E-04     0.225676E-04     0.187292E-04     0.236525E-04
  0.221810E-04     0.235777E-04     0.223166E-04     0.225946E-04     0.219844E-04
  0.202246E-04     0.215567E-04     0.237755E-04     0.266805E-04     0.217021E-04
  0.266925E-04     0.234719E-04     0.210412E-04     0.227709E-04     0.224040E-04
  0.241274E-04     0.213809E-04     0.212283E-04     0.262900E-04     0.240566E-04
  0.220077E-04     0.227407E-04     0.278354E-04     0.199452E-04     0.259599E-04
  0.221896E-04     0.208883E-04     0.348122E-04     0.280842E-04     0.245353E-04
  0.294226E-04     0.244358E-04     0.275415E-04     0.256742E-04     0.264514E-04
  0.233764E-04     0.205003E-04     0.217472E-04     0.219800E-04     0.219519E-04
  0.263715E-04     0.232549E-04     0.256029E-04     0.253613E-04     0.247788E-04
  0.235241E-04     0.224173E-04     0.230035E-04     0.188924E-04     0.215461E-04
  0.255282E-04     0.213261E-04     0.238889E-04     0.270040E-04     0.271057E-04
  0.218059E-04     0.245341E-04     0.250589E-04     0.246828E-04     0.220551E-04
  0.252903E-04     0.187953E-04     0.203868E-04     0.233571E-04     0.229691E-04
  0.216689E-04     0.263334E-04     0.241551E-04     0.266512E-04     0.287916E-04
  0.207437E-04     0.237356E-04     0.262068E-04     0.281508E-04     0.256610E-04
  0.253254E-04     0.236258E-04     0.206398E-04     0.225858E-04     0.276296E-04
  0.224915E-04     0.245641E-04     0.247476E-04     0.248583E-04     0.256796E-04
  0.259605E-04     0.243914E-04     0.264828E-04     0.243433E-04     0.189985E-04
  0.279671E-04     0.233995E-04     0.241186E-04     0.252865E-04     0.275233E-04
  0.227579E-04     0.230530E-04     0.260355E-04     0.245439E-04     0.265421E-04
  0.297918E-04     0.270747E-04     0.279486E-04     0.248783E-04     0.237310E-04
  0.255073E-04     0.216759E-04     0.238776E-04     0.300134E-04     0.295968E-04
  0.268333E-04     0.284603E-04     0.284278E-04     0.298815E-04     0.268138E-04
  0.249207E-04     0.264252E-04     0.249827E-04     0.281468E-04     0.277181E-04
  0.257180E-04     0.251729E-04     0.255376E-04     0.245148E-04     0.262718E-04
  0.257692E-04     0.224169E-04     0.240756E-04     0.271093E-04     0.272633E-04
  0.287919E-04     0.250242E-04     0.246849E-04     0.256233E-04     0.248968E-04
  0.253713E-04     0.281740E-04     0.229909E-04     0.305472E-04     0.256485E-04
  0.268745E-04     0.251011E-04     0.230832E-04     0.261218E-04     0.251736E-04
  0.283052E-04     0.287744E-04     0.302320E-04     0.309867E-04     0.275992E-04
  0.278734E-04     0.274132E-04     0.265050E-04     0.259242E-04     0.282234E-04
  0.215422E-04     0.269452E-04     0.349417E-04     0.260627E-04     0.268137E-04
  0.282163E-04     0.285989E-04     0.254258E-04     0.219191E-04     0.229834E-04
  0.272735E-04     0.250334E-04     0.274215E-04     0.278837E-04     0.234861E-04
  0.242350E-04     0.263093E-04     0.288844E-04     0.300302E-04     0.241237E-04
  0.243892E-04     0.292169E-04     0.310289E-04     0.314114E-04     0.280488E-04
  0.309343E-04     0.319098E-04     0.296769E-04     0.318352E-04     0.316688E-04
  0.315124E-04     0.332142E-04     0.282212E-04     0.331039E-04     0.324180E-04
  0.322787E-04     0.275921E-04     0.372085E-04     0.324948E-04     0.361010E-04
  0.308149E-04     0.353613E-04     0.233140E-04     0.253237E-04     0.256615E-04
  0.396755E-04     0.572494E-04     0.382224E-04     0.279600E-04     0.572810E-04
  0.289314E-04     0.407470E-04     0.464713E-04     0.330015E-04     0.343879E-04
  0.301322E-04     0.484560E-04     0.316586E-04     0.252911E-04     0.551555E-04
  0.245458E-04     0.362902E-04     0.235438E-04     0.340521E-04     0.365278E-04
  0.243908E-04     0.287357E-04     0.231198E-04     0.311851E-04     0.368791E-04
  0.376419E-04     0.502474E-04     0.388415E-04     0.378238E-04     0.340956E-04
  0.368033E-04     0.421248E-04     0.430186E-04     0.330741E-04     0.700963E-04
  0.328002E-04     0.354485E-04     0.386536E-04     0.238329E-04     0.403506E-04
  0.402950E-04     0.347688E-04     0.335357E-04     0.279662E-04     0.331109E-04
  0.316808E-04     0.254418E-04     0.304020E-04     0.302968E-04     0.297058E-04
  0.260380E-04     0.303116E-04     0.297612E-04     0.281510E-04     0.336917E-04
  0.303378E-04     0.348857E-04     0.364850E-04     0.269203E-04     0.245893E-04
  0.344393E-04     0.390716E-04     0.256896E-04     0.241019E-04     0.291555E-04
  0.286102E-04     0.396878E-04     0.385984E-04     0.474317E-04     0.291003E-04
  0.327183E-04     0.290950E-04     0.231340E-04     0.375379E-04     0.241390E-04
  0.756672E-04     0.260335E-04     0.536228E-04     0.202315E-04     0.287510E-04
  0.399326E-04     0.271429E-04     0.282474E-04     0.255267E-04     0.399212E-04
  0.182373E-04     0.290042E-04     0.337408E-04     0.254029E-04     0.245730E-04
  0.510489E-04     0.318854E-04     0.261951E-04     0.211600E-04     0.307287E-04
  0.353980E-04     0.337209E-04     0.293629E-04     0.275747E-04     0.426737E-04
  0.276105E-04     0.805333E-04     0.221861E-04     0.525750E-04     0.324995E-04
  0.306309E-04     0.237018E-04     0.341099E-04     0.262496E-04     0.441603E-04
  0.192214E-04     0.521257E-04     0.373422E-04     0.395673E-04     0.203937E-04
  0.375563E-04     0.360139E-04     0.396099E-04     0.308652E-04     0.241758E-04
  0.135323E-03     0.861604E-04     0.144985E-03     0.986939E-04     0.860613E-04
  0.103948E-03     0.101688E-03     0.102972E-03     0.925152E-04     0.147758E-03
  0.209405E-03     0.154347E-03     0.252516E-03     0.364684E-03     0.613532E-03
  0.726893E-03     0.846894E-03     0.649375E-03     0.975679E-03     0.581001E-03
  0.664018E-03     0.116026E-02     0.117927E-02     0.119657E-02     0.107876E-02
  0.187161E-02     0.958976E-03     0.140376E-02     0.163394E-02     0.259489E-02
  0.129453E-02     0.200292E-02     0.285621E-02     0.224752E-02     0.351298E-02
  0.206718E-02     0.328697E-02     0.288259E-02     0.708766E-02     0.264573E-02
  0.279292E-02     0.401611E-02     0.420476E-02     0.608607E-02     0.472129E-02
  0.510471E-02     0.652628E-02     0.662088E-02     0.797208E-02     0.634601E-02
  0.772776E-02     0.848291E-02     0.974400E-02     0.781207E-02     0.839432E-02
  0.106304E-01     0.137222E-01     0.187676E-01
 eigen energies, in eV 
    -44.444918       -44.242613       -44.193736       -44.117218       -43.982210
    -28.429348       -28.302048       -28.282853       -28.263591       -28.196910
    -28.181432       -28.146466       -28.118469       -28.094747       -28.043597
    -27.984220       -27.959434       -27.901313       -27.886544       -27.856072
    -27.793164       -27.788513       -27.779369       -27.775514       -27.773844
    -27.734365       -27.726608       -27.680098       -27.672065       -27.654897
    -27.623349       -27.594950       -27.541232       -27.510802       -27.507251
    -27.458029       -27.423957       -27.419648       -27.405166       -27.327024
    -27.317785       -27.299675       -27.270631       -27.249544       -27.201477
    -27.171431       -27.150647       -27.111257       -27.096313       -27.067243
    -27.061975       -26.951391       -26.940656       -26.928370       -26.915706
    -26.885532       -26.879462       -26.866620       -26.827347       -26.757997
    -26.756999       -26.718200       -26.656899       -26.646947       -26.594129
    -26.551725       -26.512938       -26.504220       -26.432244       -26.390465
    -26.389432       -26.380574       -26.321255       -26.295793       -26.293141
    -26.277736       -26.241356       -26.198663       -26.186213       -26.168774
    -26.146722       -26.083334       -26.074494       -26.066354       -26.035999
    -25.970278       -25.940376       -25.927072       -25.913540       -25.891233
    -25.879441       -25.865655       -25.862370       -25.850721       -25.846771
    -25.831709       -25.785243       -25.771765       -25.765648       -25.719735
    -25.686665       -25.660166       -25.643371       -25.642611       -25.632143
    -25.619262       -25.599807       -25.598296       -25.583416       -25.583343
    -25.530598       -25.523768       -25.490455       -25.487371       -25.476574
    -25.470716       -25.462595       -25.399010       -25.346586       -25.342550
    -25.306193       -25.270402       -25.264827       -25.261539       -25.226652
    -25.218638       -25.204869       -25.189831       -25.175814       -25.148111
    -25.068999       -25.051040       -25.013818       -24.932710       -24.505887
    -24.057222       -23.866118       -23.805507       -23.781801       -23.736617
    -23.609091       -23.579844       -23.578960       -23.514919       -23.490660
    -23.416774       -23.373736       -23.330070       -23.320718       -23.302198
    -23.278943       -23.278242       -23.244234       -23.222414       -23.189505
    -23.082864       -23.077883       -23.074661       -23.062626       -23.034546
    -23.020409       -22.989859       -22.984565       -22.956229       -22.909469
    -22.819262       -22.799861       -22.678782       -22.669485       -22.281223
    -21.830334       -21.606781       -21.580365       -21.545547       -21.507992
    -21.492488       -21.334688       -21.305596       -21.282177       -21.254701
    -21.178908       -21.178328       -21.152966       -21.113040       -21.005561
    -20.995629       -20.974212       -20.831379       -20.781287       -20.724390
    -18.751133       -18.509201       -18.508725       -18.369634       -18.289935
    -16.132281       -16.067830       -16.001121       -15.998855       -15.994768
    -15.927454       -15.918302       -15.896341       -15.881124       -15.873639
    -15.853588       -15.767474       -15.476660       -15.431988       -15.404934
    -15.066338       -15.061939       -14.956595       -14.955306       -14.905182
    -14.833228       -14.782052       -14.780953       -14.761211       -14.742510
    -14.633418       -14.620683       -14.607842       -14.592046       -14.506611
    -14.500295       -14.489670       -14.486298       -14.440703       -14.435577
    -14.410418       -14.319916       -14.306753       -13.990830       -13.959534
    -13.932982       -13.913734       -13.698682       -13.599950       -13.576722
    -13.558955       -13.526655       -13.479208       -13.466106       -13.435576
    -13.414453       -13.406733       -13.373045       -13.329239       -13.324580
    -13.311103       -13.308711       -13.292526       -13.267911       -13.262822
    -13.244376       -13.204564       -13.194078       -13.158173       -13.128322
    -13.078237       -13.041024       -12.996031       -12.899695       -12.827040
    -12.197889       -12.193171       -12.184877       -12.119015       -12.069365
    -12.049874       -12.036116       -12.018983       -11.973523       -11.905818
    -11.870903       -11.832983       -11.829258       -11.814167       -11.732038
    -11.704931       -11.623196       -11.618191       -11.591033       -11.519947
    -11.501122       -11.457663       -11.398950       -11.373047       -11.297501
    -11.273479       -11.262679       -11.256455       -11.243829       -11.226131
    -11.209098       -11.169047       -11.141588       -11.050663       -11.039655
    -11.024157       -10.970970       -10.939083       -10.928441       -10.897392
    -10.876912       -10.868405       -10.779493       -10.649512       -10.589808
    -10.559362       -10.523967       -10.493883       -10.490371       -10.458160
    -10.449826       -10.449546       -10.373652       -10.363660       -10.354762
    -10.343737       -10.338767       -10.334817       -10.328892       -10.325075
    -10.302783       -10.299656       -10.281197       -10.277922       -10.246452
    -10.230744       -10.189758       -10.187339       -10.177988       -10.167658
    -10.156456       -10.128232       -10.105313       -10.101542       -10.096725
    -10.093422       -10.077841       -10.071118       -10.054021       -10.045174
    -10.042109       -10.035268       -10.032674       -10.021398        -9.983988
     -9.966512        -9.961339        -9.935229        -9.932640        -9.923815
     -9.914325        -9.902525        -9.887642        -9.871263        -9.853175
     -9.847337        -9.841631        -9.829327        -9.823412        -9.798994
     -9.785772        -9.772415        -9.758071        -9.752448        -9.725736
     -9.716168        -9.703683        -9.688849        -9.683913        -9.666977
     -9.655728        -9.643809        -9.640070        -9.615768        -9.604539
     -9.588688        -9.570440        -9.565882        -9.563314        -9.547884
     -9.535041        -9.516693        -9.498973        -9.496793        -9.474098
     -9.463682        -9.457310        -9.453619        -9.448259        -9.440418
     -9.436550        -9.431976        -9.424243        -9.419918        -9.367883
     -9.356032        -9.346395        -9.337408        -9.325079        -9.321742
     -9.313288        -9.297390        -9.245008        -9.236508        -9.232184
     -9.221319        -9.199693        -9.193088        -9.184748        -9.146714
     -9.132674        -9.111651        -9.102506        -9.090891        -9.085115
     -9.072531        -9.067502        -9.043916        -9.035787        -9.023800
     -9.015328        -8.982070        -8.972190        -8.963129        -8.946473
     -8.920391        -8.911229        -8.909038        -8.904243        -8.896358
     -8.883721        -8.874476        -8.868195        -8.844375        -8.820023
     -8.813684        -8.801497        -8.793320        -8.778385        -8.768681
     -8.746795        -8.730318        -8.709099        -8.695370        -8.687139
     -8.643818        -8.639074        -8.630091        -8.606553        -8.588708
     -8.575263        -8.570128        -8.564625        -8.548134        -8.526927
     -8.509462        -8.494431        -8.481811        -8.466011        -8.464012
     -8.452576        -8.440304        -8.405959        -8.399355        -8.396976
     -8.368380        -8.348731        -8.346115        -8.319907        -8.270888
     -8.259571        -8.217209        -8.202389        -8.189033        -8.182827
     -8.172902        -8.127177        -8.080062        -8.073917        -8.066377
     -8.022480        -7.992219        -7.985391        -7.976640        -7.937769
     -7.925243        -7.912596        -7.898805        -7.868182        -7.832407
     -7.830137        -7.812142        -7.801296        -7.772864        -7.770505
     -7.695988        -7.692083        -7.662433        -7.657567        -7.636704
     -7.627842        -7.610496        -7.576380        -7.518812        -7.513151
     -7.509527        -7.482678        -7.472065        -7.445372        -7.397126
     -7.384823        -7.373450        -7.353894        -7.352877        -7.333645
     -7.323087        -7.301936        -7.265390        -7.254705        -7.248581
     -7.230459        -7.214259        -7.205513        -7.204097        -7.155450
     -7.123985        -7.120445        -7.075280        -7.061286        -7.018148
     -7.014520        -6.979089        -6.962859        -6.938162        -6.895697
     -6.889430        -6.873746        -6.864021        -6.845031        -6.823597
     -6.790942        -6.780694        -6.759717        -6.751734        -6.739416
     -6.727652        -6.707362        -6.695269        -6.644195        -6.624930
     -6.614919        -6.604122        -6.597812        -6.579867        -6.567865
     -6.557367        -6.546142        -6.531732        -6.529273        -6.511928
     -6.497145        -6.483519        -6.457754        -6.442442        -6.436551
     -6.433496        -6.421318        -6.416459        -6.405158        -6.399931
     -6.394977        -6.381139        -6.376320        -6.366314        -6.343707
     -6.317853        -6.309539        -6.294076        -6.285784        -6.272641
     -6.264048        -6.251376        -6.245928        -6.238248        -6.224380
     -6.211394        -6.203553        -6.185782        -6.184830        -6.176825
     -6.168279        -6.160265        -6.156603        -6.148128        -6.145942
     -6.132691        -6.129948        -6.114145        -6.111943        -6.093076
     -6.077801        -6.066363        -6.060173        -6.050689        -6.047247
     -6.043398        -6.035149        -6.029849        -6.018312        -6.008258
     -6.002186        -5.998754        -5.987639        -5.979623        -5.972411
     -5.969742        -5.960264        -5.943597        -5.923653        -5.914975
     -5.904691        -5.885589        -5.876011        -5.870920        -5.859693
     -5.856736        -5.844777        -5.837892        -5.830240        -5.815702
     -5.800824        -5.799541        -5.788557        -5.783973        -5.782361
     -5.774186        -5.772573        -5.755622        -5.750090        -5.743635
     -5.736052        -5.733108        -5.725818        -5.720305        -5.699286
     -5.698120        -5.694573        -5.690798        -5.681516        -5.674573
     -5.667066        -5.653855        -5.651419        -5.645627        -5.644082
     -5.630657        -5.629922        -5.627865        -5.623710        -5.618616
     -5.611877        -5.600871        -5.595332        -5.588922        -5.584363
     -5.581117        -5.572707        -5.564668        -5.561182        -5.556096
     -5.548881        -5.541720        -5.531706        -5.524009        -5.511074
     -5.503115        -5.496126        -5.489499        -5.475054        -5.469495
     -5.462671        -5.454931        -5.453035        -5.448423        -5.445287
     -5.440768        -5.435390        -5.428088        -5.416413        -5.406577
     -5.398419        -5.387410        -5.378610        -5.375186        -5.369991
     -5.362402        -5.353622        -5.347784        -5.347091        -5.331590
     -5.325775        -5.323573        -5.311249        -5.305837        -5.304678
     -5.293776        -5.290163        -5.283349        -5.280625        -5.271822
     -5.264473        -5.263219        -5.257379        -5.255117        -5.247603
     -5.244408        -5.239155        -5.237745        -5.229685        -5.227597
     -5.221672        -5.213843        -5.208810        -5.207717        -5.197022
     -5.173264        -5.164350        -5.157343        -5.154869        -5.139548
     -5.137429        -5.133301        -5.128176        -5.123146        -5.108498
     -5.099569        -5.095848        -5.093796        -5.086860        -5.084444
     -5.083649        -5.078483        -5.071081        -5.064657        -5.047589
     -5.041019        -5.029500        -5.025716        -5.022619        -5.016328
     -5.008804        -5.006391        -4.998498        -4.994904        -4.988213
     -4.984535        -4.981937        -4.977654        -4.975507        -4.969935
     -4.965968        -4.957101        -4.948108        -4.947696        -4.942967
     -4.939489        -4.932375        -4.928089        -4.921619        -4.919044
     -4.914008        -4.910805        -4.904980        -4.902807        -4.891717
     -4.883718        -4.878995        -4.873779        -4.868388        -4.858431
     -4.847440        -4.840304        -4.831419        -4.821406        -4.814828
     -4.803891        -4.794624        -4.789916        -4.783119        -4.776506
     -4.772960        -4.760896        -4.752401        -4.747986        -4.738330
     -4.733344        -4.728597        -4.722691        -4.713914        -4.707503
     -4.695302        -4.689668        -4.683612        -4.678370        -4.675810
     -4.665630        -4.664669        -4.659309        -4.644439        -4.639749
     -4.638750        -4.633216        -4.627326        -4.614902        -4.604082
     -4.602272        -4.593938        -4.582952        -4.581554        -4.557117
     -4.548663        -4.537652        -4.525015        -4.518010        -4.497053
     -4.486898        -4.470126        -4.456622        -4.445043        -4.437715
     -4.434297        -4.428234        -4.421961        -4.420945        -4.412520
     -4.405648        -4.395373        -4.386900        -4.376316        -4.373960
     -4.332257        -4.323675        -4.316551        -4.307765        -4.268723
     -4.226053        -4.214238        -4.204890        -4.191438        -4.171053
     -4.167962        -4.132373        -4.129752        -4.115646        -4.108970
     -4.087010        -4.068267        -4.052450        -4.015690        -4.008162
     -3.962684        -3.960297        -3.955384        -3.937608        -3.922008
     -3.909026        -3.886801        -3.861536        -3.853593        -3.822187
     -3.821120        -3.815756        -3.808808        -3.792375        -3.775044
     -3.768185        -3.742786        -3.730244        -3.720624        -3.715913
     -3.700389        -3.686491        -3.673210        -3.656508        -3.637132
     -3.630832        -3.629404        -3.624716        -3.619045        -3.598849
     -3.580116        -3.547307        -3.533348        -3.528430        -3.501536
     -3.488366        -3.481242        -3.469954        -3.453126        -3.439664
     -3.424728        -3.413828        -3.411441        -3.403849        -3.388834
     -3.380588        -3.360185        -3.336041        -3.327712        -3.322496
     -3.308272        -3.288349        -3.266111        -3.263913        -3.250497
     -3.239904        -3.238183        -3.233213        -3.213460        -3.210318
     -3.161522        -3.136375        -3.117476        -3.113225        -3.089938
     -3.049082        -3.011024        -3.003381        -2.982316        -2.957300
     -2.910428        -2.854556        -2.841773        -2.826050        -2.820852
     -2.805936        -2.783673        -2.775188        -2.759701        -2.735672
     -2.684922        -2.659136        -2.658061        -2.620055        -2.604838
     -2.562106        -2.532470        -2.520988        -2.517588        -2.509840
     -2.454647        -2.424674        -2.411894        -2.390346        -2.367059
     -2.349360        -2.294779        -2.294471        -2.217081        -2.192646
     -2.159569        -2.139811        -2.134715        -2.047709        -1.972545
      2.570609         2.632624         2.738729         2.866691         2.876978
      2.911316         2.930596         2.941972         2.986440         3.056241
      3.155556         3.165535         3.239099         3.288642         3.345297
      3.390378         3.462316         3.471405         3.508766         3.530477
      3.567512         3.589664         3.606782         3.635619         3.696101
      3.712916         3.748758         3.763323         3.789070         3.796336
      3.821921         3.840152         3.879063         3.901114         3.928665
      3.942067         3.971628         3.999006         4.011478         4.029261
      4.044138         4.092752         4.111882         4.123968         4.138719
      4.163427         4.174480         4.188830         4.204676         4.234619
      4.261702         4.278169         4.342457         4.379539         4.400333
      4.431533         4.444785         4.498136
 *********************************
 total computation time (sec)=   1992.84340500832     
