 AEM_Eatom=  2.043952230248631E-002
 AEM_Egroup=  3.429275675130285E-003
 AEM_Etot=  8.516318600023248E-004
 AEM_F=  0.501750836823374     
