 AEM_Eatom=  3.607955392692613E-002
 AEM_Egroup=  2.582069728339788E-003
 AEM_Etot=  2.508770917654413E-003
 AEM_F=  0.501055183961402     
