 AEM_Eatom=  1.182040385760243E-002
 AEM_Egroup=  1.883670136388063E-003
 AEM_Etot=  4.238829177807372E-004
 AEM_F=  0.500874316837522     
