 AEM_Eatom=  3.131384687531854E-002
 AEM_Egroup=  4.449227512732128E-003
 AEM_Etot=  5.925915854469984E-003
 AEM_F=  0.502431171311520     
