 AEM_Eatom=  0.137730199181252     
 AEM_Egroup=  7.102729726537411E-003
 AEM_Etot=  1.077872977772212E-003
 AEM_F=  0.505149253917986     
