 AEM_Eatom=  3.817699189340107E-003
 AEM_Egroup=  2.989351064098139E-004
 AEM_Etot=  6.344599938967434E-004
 AEM_F=  0.500696219986593     
