 AEM_Eatom=  3.615409117306979E-002
 AEM_Egroup=  2.432550692692035E-003
 AEM_Etot=  2.998515137474292E-003
 AEM_F=  0.502177121986512     
