           4           1
 PRECISION  = SINGLE     
 JOB       = SCF
 IN.PSP1   = /home/sabs/shenjie/Pseudopotential/Li.nc.pbe.UPF
 IN.PSP2   = /home/sabs/shenjie/Pseudopotential/C.nc.pbe.UPF
 IN.PSP3   = /home/sabs/shenjie/Pseudopotential/O.nc.pbe.UPF
 IN.PSP4   = /home/sabs/shenjie/Pseudopotential/N.nc.pbe.UPF
 IN.PSP5   = /home/sabs/shenjie/Pseudopotential/S.nc.pbe.UPF
 IN.PSP6   = /home/sabs/shenjie/Pseudopotential/F.nc.pbe.UPF
 IN.PSP7   = /home/sabs/shenjie/Pseudopotential/H.nc.pbe.UPF
 IN.PSP8   = /home/sabs/shenjie/Pseudopotential/P.nc.pbe.UPF
 IN.ATOM   = atom.config         
 CONVERGENCE  = EASY
 ACCURACY  = NORM
 VFF_DETAIL =   1   500  0.50000000E-02     30.00000     4.00000     0.00000     1.00000  
 EGG_DETAIL =            3           3           3
 SPIN      =   1
 CONSTRAINT_MAG =           0
 RANDOM_SEED=           0
 QIJ_DETAIL =   0  1
 SCF_MIX = CHARGE
 PWSCF_OUTPUT     =  F
 Ecut      =    60.0000000000000     
 Ecut2     =    120.000000000000     
 Ecut2L    =    120.000000000000     
 EcutP    =    60.0000000000000     
 N123      =   120   120   120
 NS123     =    40    40    40
 N123L     =   120   120   120
 STRESS_CORR =   0.100000E+01  0.000000E+00  0.200000E+01  0.000000E+00
 XCFUNCTIONAL = LDA
 HSE_DETAIL    =      1.00000000    1     0.00000000    6 1 1
 RELAX_HSE    =    20   0.50000E-01     2
 VDW       = NONE
 LONDON_S6      =   0.000000000000000E+000
 LONDON_C6(1)      =   -1.00000000000000     
 LONDON_C6(2)      =   -1.00000000000000     
 LONDON_C6(3)      =   -1.00000000000000     
 LONDON_C6(4)      =   -1.00000000000000     
 LONDON_C6(5)      =   -1.00000000000000     
 LONDON_C6(6)      =   -1.00000000000000     
 LONDON_C6(7)      =   -1.00000000000000     
 LONDON_C6(8)      =   -1.00000000000000     
 LONDON_RCUT      =   0.000000000000000E+000
 DFTD3_S6        =   0.000000000000000E+000
 DFTD3_RS6        =   0.000000000000000E+000
 DFTD3_S18        =   0.000000000000000E+000
 DFTD3_RS18        =   0.000000000000000E+000
 DFTD3_ALPHA6        =   0.000000000000000E+000
 DFTD3_VERSION        =            0
 DFTD3_3BODY        =  F
 COULOMB   =    0
 IN.WG     =  F
 OUT.WG    =  F
 IN.RHO    =  F
 OUT.RHOATOM =  F
 OUT.RHO   =  F
 IN.VR     =  F
 OUT.VR    =  F
 OUT.ELF   =  F
 IN.VEXT   =  F
 OUT.VATOM   =  F
 OUT.FORCE =  T
 OUT.STRESS =  F
 IN.KPT    =  F
 IN.SYMM   =  F
 SYMM_PREC =    0.10000E-04
 MP_N123 =      1      1      1      0      0      0      0
 NUM_KPT =            1
 CHARGE_DECOMP = F
 ENERGY_DECOMP = F 
 IN.SOLVENT =  F
 NUM_ELECTRON =   1940.00000000000     
 FIX_FERMI =   F  0.000000E+00  0.000000E+00  0.000000E+00
 IN.NONSCF    =  F
 NUM_BAND  =  1028
 OUT.REAL.RHOWF_SP= 0
 WG_ERROR  =   1.000000000000000E-004
 E_ERROR   =   5.279008887880000E-003
 RHO_ERROR =   5.000000000000000E-005
 RHO_RELATIVE_ERROR      =   0.000000000000000E+000
 FORCE_RELATIVE_ERROR     =   0.000000000000000E+000
 MIN_SCF_ITER     =            1
 SYS_TYPE   =            1
 PULAY_MIX_OPT =     30  1  0       1.00000       0.00000
 PULAY_METRIC_Q0 =       -1.00000
 IN.OCC    =  F          -1
 IN.CC    =  F
 IN.OCC_ADIA    =  F
 SCF_ITER0_1 =    6   4    3    0.0000     0.02500    1
 SCF_ITER0_2 =   94   4    3    1.0000     0.02500    1
 SCF_ITER1_1 =   40   4    3    1.0000     0.02500    1
 NONLOCAL  =  2
 IN.A_FIELD =  F       0.00000       0.00000       0.00000
 RCUT      =    4.00000000000000     
 IN.PSP_RCUT1 =   4.00000000000000     
 IN.PSP_RCUT2 =   4.00000000000000     
 IN.PSP_RCUT3 =   4.00000000000000     
 IN.PSP_RCUT4 =   4.00000000000000     
 IN.PSP_RCUT5 =   4.00000000000000     
 IN.PSP_RCUT6 =   4.00000000000000     
 IN.PSP_RCUT7 =   4.00000000000000     
 IN.PSP_RCUT8 =   4.00000000000000     
 MD_VV_SCALE =    100
 LDAU_PSP1   =           -1  2.721138638331097E-009  2.721138638331097E-009  eV
 LDAU_PSP2   =           -1  2.721138638331097E-009  2.721138638331097E-009  eV
 LDAU_PSP3   =           -1  2.721138638331097E-009  2.721138638331097E-009  eV
 LDAU_PSP4   =           -1  2.721138638331097E-009  2.721138638331097E-009  eV
 LDAU_PSP5   =           -1  2.721138638331097E-009  2.721138638331097E-009  eV
 LDAU_PSP6   =           -1  2.721138638331097E-009  2.721138638331097E-009  eV
 LDAU_PSP7   =           -1  2.721138638331097E-009  2.721138638331097E-009  eV
 LDAU_PSP8   =           -1  2.721138638331097E-009  2.721138638331097E-009  eV
 NUM_BLOCKED_PSI=  F
 WF_STORE2DISK  =            0
 NUM_DOS_GRID =         4000
 NMAP_MAX =        50000
 KERK_AMIN =   0.300000000000000     
 KERK_AMIX =   0.400000000000000     
 KERK_AMIX_MAG =   0.800000000000000     
 KERK_BMIX =   0.500000000000000     
 LDAU_MIX =   0.700000000000000     
 PULAY_WEIGHT_SPIN =    1.00000000000000     
 PULAY_WEIGHT_NS =    1.00000000000000     
 OUT.MLMD    =  F
 NUM_MPI_PER_GPU =     1
 FLAG_CYLINDER =            0
 SET_OUT_FERMI_POS =  F           0
 E_FINITE =  F   0.00000E+00   0.00000E+00   0.00000E+00
 MLINE_EIGEN =      1
 
 ------------------------------------------------
 total number of K-point:           1
   0.00000     0.00000    0.00000     1.00000            
 ------------------------------------------------
 
 
 *********************************************
 *********** end of etot.input report ********
 minimum n1,n2,n3 from Ecut2
     118.970      119.148      119.089
 minimum n1L,n2L,n3L from Ecut2L
     118.970      119.148      119.089
 *********************************************
 
 
Weighted average num_of_PW for all kpoint=                       312673.000
 ************************************
 E_Hxc(eV)         49683.1292029041     
 E_ion(eV)        -219752.430421777     
 E_Coul(eV)        77926.3424063200     
 E_Hxc+E_ion(eV)  -170069.301218873     
 NONSCF     1          AVE_STATE_ERROR= 0.5919E+01
 NONSCF     2          AVE_STATE_ERROR= 0.1625E+01
 NONSCF     3          AVE_STATE_ERROR= 0.4998E+00
 NONSCF     4          AVE_STATE_ERROR= 0.9204E-01
 NONSCF     5          AVE_STATE_ERROR= 0.1560E-01
 NONSCF     6          AVE_STATE_ERROR= 0.3133E-02
 iter=   7   ave_lin=  4.0  iCGmth=   3
 Ef(eV)               = -.1687248E+01
 err of ug            = 0.1236E-02
 dv_ave, drho_tot     = 0.0000E+00 0.1243E+00
 E_tot(eV)            = -.13305652531605E+06    -.1331E+06
 -------------------------------------------
 iter=   8   ave_lin=  4.0  iCGmth=   3
 Ef(eV)               = 0.8324386E-01
 err of ug            = 0.1100E-01
 dv_ave, drho_tot     = 0.1740E-01 0.7171E-01
 E_tot(eV)            = -.13294672997972E+06    0.1098E+03
 -------------------------------------------
 iter=   9   ave_lin=  4.0  iCGmth=   3
 Ef(eV)               = 0.6486346E+00
 err of ug            = 0.6787E-02
 dv_ave, drho_tot     = 0.1391E-01 0.3060E-01
 E_tot(eV)            = -.13291288236674E+06    0.3385E+02
 -------------------------------------------
 iter=  10   ave_lin=  4.0  iCGmth=   3
 Ef(eV)               = 0.5931032E+00
 err of ug            = 0.2047E-02
 dv_ave, drho_tot     = 0.6987E-02 0.1075E-01
 E_tot(eV)            = -.13290745759292E+06    0.5425E+01
 -------------------------------------------
 iter=  11   ave_lin=  4.0  iCGmth=   3
 Ef(eV)               = 0.5770108E+00
 err of ug            = 0.5576E-03
 dv_ave, drho_tot     = 0.3096E-02 0.5978E-02
 E_tot(eV)            = -.13290677928312E+06    0.6783E+00
 -------------------------------------------
 iter=  12   ave_lin=  4.0  iCGmth=   3
 Ef(eV)               = 0.4699938E+00
 err of ug            = 0.3057E-03
 dv_ave, drho_tot     = 0.3537E-02 0.3644E-02
 E_tot(eV)            = -.13290626721940E+06    0.5121E+00
 -------------------------------------------
 iter=  13   ave_lin=  4.0  iCGmth=   3
 Ef(eV)               = 0.2911081E+00
 err of ug            = 0.3566E-03
 dv_ave, drho_tot     = 0.4166E-02 0.2808E-02
 E_tot(eV)            = -.13290576344941E+06    0.5038E+00
 -------------------------------------------
 iter=  14   ave_lin=  4.0  iCGmth=   3
 Ef(eV)               = 0.3319180E+00
 err of ug            = 0.3233E-03
 dv_ave, drho_tot     = 0.5465E-02 0.2197E-02
 E_tot(eV)            = -.13290533183087E+06    0.4316E+00
 -------------------------------------------
 iter=  15   ave_lin=  4.0  iCGmth=   3
 Ef(eV)               = 0.6828574E+00
 err of ug            = 0.3429E-03
 dv_ave, drho_tot     = 0.6331E-02 0.1762E-02
 E_tot(eV)            = -.13290502572403E+06    0.3061E+00
 -------------------------------------------
 iter=  16   ave_lin=  4.0  iCGmth=   3
 Ef(eV)               = 0.1032744E+01
 err of ug            = 0.2559E-03
 dv_ave, drho_tot     = 0.4064E-02 0.1362E-02
 E_tot(eV)            = -.13290495071036E+06    0.7501E-01
 -------------------------------------------
 iter=  17   ave_lin=  4.0  iCGmth=   3
 Ef(eV)               = 0.1175428E+01
 err of ug            = 0.1986E-03
 dv_ave, drho_tot     = 0.3562E-02 0.1078E-02
 E_tot(eV)            = -.13290492205363E+06    0.2866E-01
 -------------------------------------------
 iter=  18   ave_lin=  4.0  iCGmth=   3
 Ef(eV)               = 0.1231584E+01
 err of ug            = 0.1312E-03
 dv_ave, drho_tot     = 0.2836E-02 0.8138E-03
 E_tot(eV)            = -.13290490691910E+06    0.1513E-01
 -------------------------------------------
 iter=  19   ave_lin=  4.0  iCGmth=   3
 Ef(eV)               = 0.1270873E+01
 err of ug            = 0.1156E-03
 dv_ave, drho_tot     = 0.2618E-02 0.6211E-03
 E_tot(eV)            = -.13290488911332E+06    0.1781E-01
 -------------------------------------------
 iter=  20   ave_lin=  4.0  iCGmth=   3
 Ef(eV)               = 0.1265449E+01
 err of ug            = 0.1027E-03
 dv_ave, drho_tot     = 0.2302E-02 0.4539E-03
 E_tot(eV)            = -.13290487627548E+06    0.1284E-01
 -------------------------------------------
 iter=  21   ave_lin=  4.0  iCGmth=   3
 Ef(eV)               = 0.1279848E+01
 err of ug            = 0.6626E-04
 dv_ave, drho_tot     = 0.9810E-03 0.3650E-03
 E_tot(eV)            = -.13290486989128E+06    0.6384E-02
 -------------------------------------------
 iter=  22   ave_lin=  4.0  iCGmth=   3
 Ef(eV)               = 0.1304643E+01
 err of ug            = 0.6162E-04
 dv_ave, drho_tot     = 0.9611E-03 0.2931E-03
 E_tot(eV)            = -.13290486473486E+06    0.5156E-02
 -------------------------------------------
 E_Fermi(eV)=   1.30464278599321     
 ---------------------------------------------------
 Ef(eV)               = 0.1304643E+01
 dvE, dvE(n)-dvE(n-1) = 0.9237E-06 -.3861E-07
 dv_ave, drho_tot     = 0.9611E-03 0.2931E-03
 err of ug            = 0.6162E-04
 ---------------------------------------------------
 ending_scf_reason = tol Etot_err  5.279008887880000E-003
 Ewald        = -.42388467878353E+05
 Alpha        = 0.15207970391171E+04
 E_extV       = 0.00000000000000E+00    0.0000E+00
 E_NSC        = -.21322327879004E+05    0.7660E+00
 E[-rho*V_Hxc]= -.12160100543077E+06    -.7608E+00
 E_Hxc        = 0.50886139414143E+05    0.8318E+00
 -TS          = -.84089906589246E-20    0.2139E-20
 E_tot(eV)    = -.13290486473486E+06    0.5156E-02
 E_tot(Ryd)   = -.97683274668316E+04    0.1895E-03
 ---------------------------------------------------
 ---------------------------------------------------
 occup for:      kpt=1,spin=1,m=(totN/2-2,totN/2+2)
   1.000    1.000    1.000    0.000    0.000
 eigen(eV) for:  kpt=1,spin=1,m=(totN/2-2,totN/2+2)
  -2.129   -2.040   -2.023    2.482    2.607
 ---------------------------------------------------
 ---------------------------------------------------
 E_Hart,E_xc,E_ion =0.79651540436062E+05  -.28765401021919E+05  -.22219787879217E+06
 E_Hxc+E_ion       =-.17131173937803E+06
 E_kin+E_nonloc    =0.79274545482403E+05
 E_rhoVext,E_IVext     =0.00000000000000E+00  0.00000000000000E+00
 E_psiV,E_dDrho =-.10059715294761E+06  0.00000000000000E+00
 ave(vtot):v0 =-.77034221436475E+01
 ave(V_ion_s(or p,d))=ave(V_Hatree)=0; ave(Vtot)=ave(V_xc)=v0
 ---------------------------------------------------
 *********************************
 Eigen energies are values after setting ave(Vtot)=0
 For Vtot=V_ion+V_Hartree+V_xc, and
 ave(V_ion+V_Hatree)=0, ave(V_xc).ne.0:  E=E+v0
 *********************************
iislda,kpt=   1,    1      0.000000     0.000000     0.000000             kpoint in xyz unit 
 err of each states, A.U
  0.565582E-04     0.711691E-04     0.261485E-04     0.576617E-04     0.816420E-04
  0.412972E-04     0.222360E-04     0.566431E-04     0.170391E-04     0.176988E-04
  0.157955E-04     0.254281E-04     0.427776E-04     0.206281E-04     0.201152E-04
  0.140360E-04     0.173904E-04     0.147409E-04     0.232060E-04     0.152792E-04
  0.932532E-04     0.381662E-04     0.233031E-04     0.177960E-04     0.192150E-04
  0.166544E-04     0.131299E-04     0.272589E-04     0.212563E-04     0.219982E-04
  0.157545E-04     0.575024E-04     0.512755E-04     0.548120E-04     0.276259E-04
  0.303018E-04     0.280702E-04     0.198993E-04     0.158539E-04     0.348749E-04
  0.314466E-04     0.171145E-04     0.179513E-04     0.190766E-04     0.244235E-04
  0.787559E-04     0.171141E-04     0.533088E-04     0.213289E-04     0.204936E-04
  0.250921E-04     0.341817E-04     0.204095E-04     0.154340E-04     0.352844E-04
  0.403802E-04     0.191397E-04     0.321072E-04     0.213053E-04     0.138811E-04
  0.300579E-04     0.156180E-04     0.176815E-04     0.342787E-04     0.144497E-04
  0.247643E-04     0.205001E-04     0.180206E-04     0.164418E-04     0.218431E-04
  0.781182E-04     0.210966E-04     0.230055E-04     0.167990E-04     0.242590E-04
  0.124799E-04     0.275900E-04     0.240688E-04     0.131223E-04     0.589557E-04
  0.398818E-04     0.133455E-04     0.120280E-04     0.126941E-04     0.149165E-04
  0.125859E-04     0.107666E-03     0.157179E-04     0.164524E-04     0.140055E-04
  0.457552E-04     0.232363E-04     0.274222E-04     0.124109E-04     0.409667E-04
  0.220269E-04     0.168058E-04     0.275763E-04     0.259068E-04     0.112755E-04
  0.255095E-04     0.146911E-04     0.716138E-04     0.176400E-04     0.170084E-04
  0.181263E-04     0.231847E-04     0.136595E-04     0.623922E-04     0.106072E-04
  0.237304E-04     0.115819E-04     0.367186E-04     0.217380E-04     0.192987E-04
  0.255313E-04     0.159039E-04     0.128270E-04     0.904679E-04     0.457456E-04
  0.724288E-04     0.317197E-04     0.186335E-04     0.137939E-04     0.208873E-04
  0.205218E-04     0.162981E-04     0.195490E-04     0.190578E-04     0.151773E-04
  0.146744E-04     0.191295E-04     0.309904E-04     0.144987E-04     0.153987E-04
  0.609324E-03     0.126456E-04     0.114652E-04     0.166290E-04     0.230632E-04
  0.995717E-04     0.224280E-04     0.163185E-04     0.146787E-04     0.490354E-04
  0.145540E-04     0.318700E-04     0.461724E-04     0.175392E-03     0.255509E-03
  0.764700E-04     0.126476E-04     0.491099E-04     0.125233E-04     0.597865E-04
  0.148779E-04     0.127295E-04     0.151216E-04     0.120995E-04     0.496546E-04
  0.197435E-04     0.779367E-04     0.196568E-04     0.291505E-04     0.137125E-04
  0.147758E-04     0.303503E-04     0.136647E-04     0.163270E-04     0.313469E-04
  0.155125E-04     0.166721E-04     0.107906E-04     0.370272E-04     0.102790E-04
  0.143736E-04     0.978145E-05     0.255303E-03     0.116373E-03     0.105426E-04
  0.409442E-04     0.376201E-04     0.176669E-04     0.110977E-04     0.138635E-04
  0.110613E-04     0.167669E-04     0.142705E-04     0.150036E-04     0.831916E-04
  0.147768E-04     0.128048E-04     0.391721E-04     0.178573E-04     0.105068E-04
  0.154224E-04     0.310329E-04     0.155359E-04     0.181711E-04     0.124140E-04
  0.137888E-04     0.187780E-04     0.231225E-04     0.168275E-04     0.183395E-04
  0.147803E-04     0.145971E-04     0.156187E-04     0.164238E-04     0.176939E-04
  0.229824E-04     0.245031E-04     0.216425E-04     0.173652E-04     0.200584E-04
  0.171644E-04     0.141328E-04     0.166625E-04     0.139572E-04     0.176863E-04
  0.222299E-04     0.200022E-04     0.141878E-04     0.181202E-04     0.183390E-04
  0.166053E-04     0.295329E-04     0.211307E-04     0.156806E-04     0.173500E-04
  0.139295E-04     0.183655E-04     0.179340E-04     0.140677E-04     0.156758E-04
  0.161698E-04     0.184185E-04     0.182570E-04     0.211817E-04     0.190009E-04
  0.186942E-04     0.189403E-04     0.158931E-04     0.165992E-04     0.145851E-04
  0.193782E-04     0.188755E-04     0.199634E-04     0.129842E-04     0.180380E-04
  0.136833E-04     0.143952E-04     0.161242E-04     0.177190E-04     0.170042E-04
  0.159863E-04     0.205537E-04     0.188542E-04     0.195962E-04     0.198107E-04
  0.165881E-04     0.146892E-04     0.211805E-04     0.192000E-04     0.176157E-04
  0.176808E-04     0.244203E-04     0.157854E-04     0.199898E-04     0.175018E-04
  0.175435E-04     0.286630E-04     0.190689E-04     0.177047E-04     0.217371E-04
  0.238923E-04     0.224369E-04     0.199609E-04     0.203284E-04     0.181747E-04
  0.218611E-04     0.188833E-04     0.169131E-04     0.166161E-04     0.211289E-04
  0.186505E-04     0.190143E-04     0.181981E-04     0.156156E-04     0.313294E-04
  0.211412E-04     0.224499E-04     0.177064E-04     0.260187E-04     0.179449E-04
  0.241079E-04     0.213256E-04     0.227716E-04     0.255333E-04     0.186537E-04
  0.155438E-04     0.200743E-04     0.165914E-04     0.182713E-04     0.221257E-04
  0.213062E-04     0.138127E-04     0.146090E-04     0.206678E-04     0.436979E-04
  0.157223E-04     0.263107E-04     0.205210E-04     0.245342E-04     0.307065E-04
  0.187696E-04     0.292955E-04     0.289747E-04     0.195807E-04     0.244975E-04
  0.274056E-04     0.316526E-04     0.293749E-04     0.286744E-04     0.262078E-04
  0.272283E-04     0.274704E-04     0.275386E-04     0.216059E-04     0.238512E-04
  0.281279E-04     0.207539E-04     0.246537E-04     0.300491E-04     0.293102E-04
  0.317957E-04     0.300129E-04     0.220432E-04     0.274422E-04     0.298071E-04
  0.226167E-04     0.256179E-04     0.230395E-04     0.213948E-04     0.368421E-04
  0.306767E-04     0.265121E-04     0.252878E-04     0.229791E-04     0.243378E-04
  0.224824E-04     0.305598E-04     0.337672E-04     0.312768E-04     0.254577E-04
  0.312479E-04     0.283442E-04     0.239105E-04     0.251143E-04     0.230607E-04
  0.213205E-04     0.309770E-04     0.207383E-04     0.198612E-04     0.290439E-04
  0.289183E-04     0.217633E-04     0.245960E-04     0.268632E-04     0.278177E-04
  0.316091E-04     0.204294E-04     0.266551E-04     0.232639E-04     0.388155E-04
  0.280541E-04     0.281195E-04     0.299329E-04     0.311203E-04     0.377080E-04
  0.427260E-04     0.250689E-04     0.225143E-04     0.228017E-04     0.255305E-04
  0.263634E-04     0.272661E-04     0.221774E-04     0.252010E-04     0.307385E-04
  0.285072E-04     0.319213E-04     0.234296E-04     0.232235E-04     0.295244E-04
  0.284731E-04     0.281838E-04     0.269599E-04     0.276429E-04     0.215374E-04
  0.321207E-04     0.259516E-04     0.358886E-04     0.473122E-04     0.443112E-04
  0.298991E-04     0.294621E-04     0.247915E-04     0.268934E-04     0.261725E-04
  0.358884E-04     0.309435E-04     0.349910E-04     0.321893E-04     0.317101E-04
  0.380002E-04     0.328116E-04     0.292689E-04     0.298879E-04     0.295738E-04
  0.272274E-04     0.315754E-04     0.347972E-04     0.449330E-04     0.258441E-04
  0.198841E-04     0.351694E-04     0.311760E-04     0.384623E-04     0.198438E-04
  0.324411E-04     0.473580E-04     0.376429E-04     0.370046E-04     0.293115E-04
  0.316378E-04     0.272185E-04     0.269533E-04     0.273024E-04     0.409188E-04
  0.230730E-04     0.339981E-04     0.340141E-04     0.374076E-04     0.315518E-04
  0.324458E-04     0.445803E-04     0.325550E-04     0.311053E-04     0.324817E-04
  0.388293E-04     0.371673E-04     0.383270E-04     0.245802E-04     0.253847E-04
  0.552625E-04     0.277212E-04     0.279679E-04     0.278280E-04     0.299084E-04
  0.642390E-04     0.296934E-04     0.271438E-04     0.208295E-04     0.304501E-04
  0.374388E-04     0.271507E-04     0.344075E-04     0.412058E-04     0.209216E-04
  0.343215E-04     0.331440E-04     0.280225E-04     0.377201E-04     0.245416E-04
  0.391150E-04     0.262496E-04     0.265408E-04     0.200212E-04     0.291589E-04
  0.224264E-04     0.326849E-04     0.261320E-04     0.444170E-04     0.234622E-04
  0.431593E-04     0.221948E-04     0.212328E-04     0.324029E-04     0.243793E-04
  0.193265E-04     0.325494E-04     0.514891E-04     0.279541E-04     0.360569E-04
  0.230458E-04     0.206770E-04     0.225288E-04     0.185589E-04     0.185272E-04
  0.263881E-04     0.241938E-04     0.237821E-04     0.239150E-04     0.258561E-04
  0.202530E-04     0.296409E-04     0.306801E-04     0.330573E-04     0.242965E-04
  0.232883E-04     0.240975E-04     0.215650E-04     0.314851E-04     0.371201E-04
  0.194193E-04     0.180780E-04     0.255624E-04     0.241786E-04     0.274965E-04
  0.203119E-04     0.334339E-04     0.249124E-04     0.252576E-04     0.214124E-04
  0.244998E-04     0.303035E-04     0.208078E-04     0.180528E-04     0.223782E-04
  0.248017E-04     0.257012E-04     0.333278E-04     0.211026E-04     0.199825E-04
  0.231773E-04     0.266764E-04     0.295276E-04     0.364578E-04     0.195671E-04
  0.207863E-04     0.380158E-04     0.369003E-04     0.205212E-04     0.247251E-04
  0.206285E-04     0.208688E-04     0.201386E-04     0.227905E-04     0.216481E-04
  0.220237E-04     0.207569E-04     0.269403E-04     0.208827E-04     0.178967E-04
  0.231419E-04     0.320278E-04     0.230574E-04     0.337413E-04     0.357892E-04
  0.304426E-04     0.200153E-04     0.249681E-04     0.284710E-04     0.229017E-04
  0.221172E-04     0.307527E-04     0.264143E-04     0.230906E-04     0.277518E-04
  0.262419E-04     0.253435E-04     0.230488E-04     0.252465E-04     0.249131E-04
  0.227745E-04     0.185571E-04     0.239941E-04     0.328934E-04     0.316882E-04
  0.273305E-04     0.325478E-04     0.249002E-04     0.219363E-04     0.234980E-04
  0.292716E-04     0.271288E-04     0.284168E-04     0.303508E-04     0.261705E-04
  0.312160E-04     0.281867E-04     0.277979E-04     0.281350E-04     0.265297E-04
  0.250916E-04     0.264692E-04     0.331938E-04     0.273396E-04     0.330072E-04
  0.292311E-04     0.240120E-04     0.333526E-04     0.219435E-04     0.242533E-04
  0.280918E-04     0.249982E-04     0.198797E-04     0.283103E-04     0.248647E-04
  0.250928E-04     0.234388E-04     0.310268E-04     0.262619E-04     0.249411E-04
  0.246631E-04     0.219209E-04     0.218147E-04     0.301528E-04     0.213092E-04
  0.331281E-04     0.234150E-04     0.252892E-04     0.233367E-04     0.259044E-04
  0.325724E-04     0.240464E-04     0.272983E-04     0.275658E-04     0.320748E-04
  0.263573E-04     0.248874E-04     0.215427E-04     0.314824E-04     0.238952E-04
  0.231987E-04     0.216895E-04     0.289562E-04     0.241870E-04     0.261624E-04
  0.280992E-04     0.275224E-04     0.260756E-04     0.276209E-04     0.410027E-04
  0.241941E-04     0.271998E-04     0.226924E-04     0.221010E-04     0.300353E-04
  0.274672E-04     0.293708E-04     0.284758E-04     0.301971E-04     0.305707E-04
  0.233242E-04     0.299562E-04     0.306111E-04     0.289951E-04     0.270689E-04
  0.283236E-04     0.272479E-04     0.291574E-04     0.270503E-04     0.296261E-04
  0.292201E-04     0.256167E-04     0.277137E-04     0.331647E-04     0.294237E-04
  0.303110E-04     0.277386E-04     0.346685E-04     0.282006E-04     0.281002E-04
  0.299575E-04     0.271003E-04     0.320412E-04     0.335792E-04     0.333280E-04
  0.274404E-04     0.309742E-04     0.351454E-04     0.339572E-04     0.349138E-04
  0.344360E-04     0.314592E-04     0.323173E-04     0.301365E-04     0.340671E-04
  0.345883E-04     0.279315E-04     0.272098E-04     0.327536E-04     0.325504E-04
  0.241300E-04     0.313573E-04     0.309413E-04     0.270262E-04     0.303239E-04
  0.272595E-04     0.295302E-04     0.300570E-04     0.326312E-04     0.349903E-04
  0.380208E-04     0.283509E-04     0.300631E-04     0.322146E-04     0.275020E-04
  0.270357E-04     0.350489E-04     0.321154E-04     0.325542E-04     0.289761E-04
  0.309535E-04     0.293502E-04     0.310593E-04     0.348613E-04     0.286978E-04
  0.330498E-04     0.361336E-04     0.292552E-04     0.357261E-04     0.294415E-04
  0.270803E-04     0.301496E-04     0.317275E-04     0.361826E-04     0.254516E-04
  0.317436E-04     0.310893E-04     0.328859E-04     0.296880E-04     0.313665E-04
  0.352049E-04     0.311025E-04     0.326236E-04     0.341447E-04     0.248653E-04
  0.366807E-04     0.289725E-04     0.353692E-04     0.362027E-04     0.292010E-04
  0.339145E-04     0.338270E-04     0.308265E-04     0.313598E-04     0.322457E-04
  0.322531E-04     0.307388E-04     0.337216E-04     0.297193E-04     0.328596E-04
  0.306866E-04     0.353867E-04     0.267717E-04     0.340102E-04     0.256902E-04
  0.312095E-04     0.284036E-04     0.344044E-04     0.349081E-04     0.349119E-04
  0.326632E-04     0.316909E-04     0.366241E-04     0.292693E-04     0.311677E-04
  0.362058E-04     0.302878E-04     0.327935E-04     0.313421E-04     0.341588E-04
  0.334838E-04     0.333008E-04     0.324213E-04     0.324068E-04     0.348012E-04
  0.328431E-04     0.319550E-04     0.322730E-04     0.310167E-04     0.321706E-04
  0.315397E-04     0.337178E-04     0.288826E-04     0.330471E-04     0.364538E-04
  0.293046E-04     0.304623E-04     0.346339E-04     0.354935E-04     0.307278E-04
  0.372877E-04     0.366546E-04     0.363286E-04     0.343922E-04     0.376060E-04
  0.307599E-04     0.352301E-04     0.379008E-04     0.360335E-04     0.381762E-04
  0.322830E-04     0.326313E-04     0.306880E-04     0.353185E-04     0.329626E-04
  0.341394E-04     0.382933E-04     0.315384E-04     0.356161E-04     0.418728E-04
  0.368158E-04     0.366558E-04     0.343992E-04     0.337563E-04     0.334267E-04
  0.293375E-04     0.309522E-04     0.328678E-04     0.277277E-04     0.355072E-04
  0.388977E-04     0.318161E-04     0.362529E-04     0.471258E-04     0.401430E-04
  0.363017E-04     0.383051E-04     0.418694E-04     0.443545E-04     0.391764E-04
  0.366032E-04     0.444308E-04     0.357628E-04     0.355864E-04     0.391082E-04
  0.446274E-04     0.489763E-04     0.403718E-04     0.471902E-04     0.409567E-04
  0.388970E-04     0.375019E-04     0.424726E-04     0.356002E-04     0.271163E-04
  0.390269E-04     0.389871E-04     0.340918E-04     0.358567E-04     0.474736E-04
  0.586581E-04     0.386192E-04     0.469100E-04     0.495919E-04     0.371962E-04
  0.369432E-04     0.309729E-04     0.374135E-04     0.420272E-04     0.493572E-04
  0.383251E-04     0.469246E-04     0.397874E-04     0.290881E-04     0.301176E-04
  0.470015E-04     0.293931E-04     0.387536E-04     0.546939E-04     0.299019E-04
  0.377566E-04     0.516222E-04     0.628788E-04     0.403900E-04     0.451250E-04
  0.406903E-04     0.461512E-04     0.925279E-04     0.305127E-04     0.718486E-04
  0.616969E-04     0.385267E-04     0.293010E-04     0.429911E-04     0.407057E-04
  0.411996E-04     0.401947E-04     0.327526E-04     0.502008E-04     0.442365E-04
  0.514370E-04     0.327796E-04     0.318944E-04     0.377868E-04     0.437554E-04
  0.344835E-04     0.392901E-04     0.396494E-04     0.435925E-04     0.521329E-04
  0.411960E-04     0.338788E-04     0.381083E-04     0.391176E-04     0.381986E-04
  0.336845E-04     0.371887E-04     0.328374E-04     0.316206E-04     0.331619E-04
  0.586272E-04     0.523409E-04     0.397096E-04     0.283864E-04     0.606091E-04
  0.641721E-04     0.510746E-04     0.362755E-04     0.454276E-04     0.394688E-04
  0.937804E-04     0.351492E-04     0.332941E-04     0.549615E-04     0.208589E-04
  0.297947E-04     0.378302E-04     0.372420E-04     0.338359E-04     0.629483E-04
  0.301215E-04     0.314235E-04     0.388942E-04     0.299409E-04     0.276559E-04
  0.434505E-04     0.361860E-04     0.580867E-04     0.339372E-04     0.629506E-04
  0.413921E-04     0.311801E-04     0.331649E-04     0.359046E-04     0.340964E-04
  0.572867E-04     0.262919E-04     0.309859E-04     0.957680E-04     0.509960E-04
  0.301662E-04     0.263460E-04     0.518503E-04     0.510289E-04     0.334226E-04
  0.258828E-04     0.271493E-04     0.742240E-04     0.489508E-04     0.420962E-04
  0.421684E-04     0.432506E-04     0.508312E-04     0.229946E-04     0.260044E-04
  0.137426E-03     0.108725E-03     0.121907E-03     0.125442E-03     0.115883E-03
  0.109248E-03     0.106883E-03     0.125876E-03     0.103428E-03     0.129701E-03
  0.164453E-03     0.213784E-03     0.269551E-03     0.352667E-03     0.877274E-03
  0.720715E-03     0.591343E-03     0.876795E-03     0.751240E-03     0.636732E-03
  0.144889E-02     0.129184E-02     0.115465E-02     0.198837E-02     0.120514E-02
  0.112533E-02     0.312193E-02     0.226986E-02     0.252725E-02     0.340740E-02
  0.208437E-02     0.213757E-02     0.260970E-02     0.357990E-02     0.331025E-02
  0.301536E-02     0.367944E-02     0.367500E-02     0.508202E-02     0.590388E-02
  0.411624E-02     0.322800E-02     0.697044E-02     0.744519E-02     0.546548E-02
  0.530661E-02     0.580325E-02     0.604470E-02     0.710431E-02     0.104446E-01
  0.102685E-01     0.958433E-02     0.621248E-02     0.716790E-02     0.880571E-02
  0.974688E-02     0.112997E-01     0.942984E-02
 eigen energies, in eV 
    -44.453659       -44.242297       -44.228174       -44.115160       -43.992852
    -28.446211       -28.381905       -28.356524       -28.263358       -28.257801
    -28.185241       -28.183879       -28.170651       -28.145151       -28.022615
    -27.973638       -27.958222       -27.925192       -27.888937       -27.837940
    -27.822672       -27.808313       -27.796305       -27.779502       -27.767770
    -27.758598       -27.742792       -27.717886       -27.686240       -27.658851
    -27.628775       -27.604060       -27.603436       -27.559272       -27.533020
    -27.529853       -27.500886       -27.411187       -27.385815       -27.366549
    -27.364217       -27.291550       -27.278515       -27.272872       -27.193083
    -27.186083       -27.179517       -27.157768       -27.107068       -27.090103
    -27.078038       -27.015940       -27.010714       -27.004765       -26.960193
    -26.959830       -26.933556       -26.893166       -26.839199       -26.790658
    -26.782592       -26.695399       -26.645982       -26.640368       -26.612592
    -26.588660       -26.521706       -26.507757       -26.497385       -26.449300
    -26.406771       -26.358163       -26.325208       -26.320476       -26.307283
    -26.256433       -26.228332       -26.220701       -26.164169       -26.137417
    -26.114315       -26.109982       -26.079406       -26.017294       -26.008314
    -25.974335       -25.964028       -25.953397       -25.948130       -25.920994
    -25.909129       -25.902710       -25.897713       -25.874027       -25.833147
    -25.826086       -25.789168       -25.785785       -25.727526       -25.719800
    -25.705158       -25.704848       -25.682046       -25.679660       -25.639636
    -25.621221       -25.597856       -25.595638       -25.594173       -25.580182
    -25.560856       -25.556672       -25.523526       -25.512615       -25.506014
    -25.474469       -25.454663       -25.427309       -25.412846       -25.377296
    -25.336635       -25.331810       -25.319932       -25.293127       -25.256087
    -25.250107       -25.247070       -25.236532       -25.233300       -25.220292
    -25.050295       -25.016938       -24.981962       -24.918363       -24.440978
    -23.957609       -23.886604       -23.802431       -23.750910       -23.693347
    -23.650882       -23.608452       -23.532175       -23.522641       -23.485042
    -23.464504       -23.398520       -23.396291       -23.396174       -23.362457
    -23.309121       -23.258984       -23.247942       -23.230542       -23.194741
    -23.104601       -23.090697       -23.090565       -23.065542       -23.060177
    -23.040842       -23.015376       -22.993691       -22.895575       -22.861724
    -22.752082       -22.691639       -22.631786       -22.564326       -22.205703
    -21.809123       -21.632685       -21.596169       -21.583777       -21.573876
    -21.556687       -21.386558       -21.347473       -21.347065       -21.265712
    -21.239050       -21.155810       -21.097317       -21.092376       -21.079630
    -21.007701       -20.981237       -20.874336       -20.831922       -20.676223
    -18.832489       -18.542385       -18.508111       -18.429176       -18.303552
    -16.066486       -16.021853       -15.940599       -15.931905       -15.911220
    -15.903293       -15.894677       -15.852162       -15.839943       -15.778599
    -15.773030       -15.763022       -15.427633       -15.404151       -15.373501
    -15.084527       -15.063813       -14.973609       -14.924735       -14.909528
    -14.846792       -14.773613       -14.765738       -14.685538       -14.677219
    -14.659520       -14.645853       -14.626023       -14.576592       -14.515648
    -14.513833       -14.487051       -14.481269       -14.430737       -14.400490
    -14.381491       -14.300904       -14.263921       -14.061886       -13.974498
    -13.915041       -13.836799       -13.686251       -13.582890       -13.551546
    -13.546875       -13.530004       -13.503731       -13.469020       -13.440506
    -13.410229       -13.402469       -13.395478       -13.335540       -13.327920
    -13.325183       -13.318175       -13.277611       -13.263414       -13.252241
    -13.226909       -13.199260       -13.182984       -13.165262       -13.101353
    -13.077687       -13.061936       -12.967656       -12.887292       -12.787198
    -12.216383       -12.187347       -12.161682       -12.129251       -12.108336
    -12.086655       -12.059095       -12.022756       -11.970848       -11.912879
    -11.870448       -11.838532       -11.835975       -11.832395       -11.719636
    -11.714258       -11.639627       -11.627386       -11.606080       -11.524830
    -11.510692       -11.484322       -11.382276       -11.379163       -11.321843
    -11.297480       -11.267176       -11.257763       -11.241653       -11.214486
    -11.214005       -11.132783       -11.117249       -11.101647       -11.086625
    -11.027637       -11.006909       -10.969573       -10.962446       -10.905323
    -10.903984       -10.772951       -10.763456       -10.704334       -10.579717
    -10.548248       -10.528317       -10.502687       -10.484891       -10.471182
    -10.461025       -10.444101       -10.412939       -10.390702       -10.380278
    -10.358569       -10.326740       -10.321568       -10.316270       -10.307303
    -10.302378       -10.280872       -10.279967       -10.273343       -10.269746
    -10.224034       -10.198282       -10.180528       -10.173731       -10.170879
    -10.163425       -10.127388       -10.120593       -10.117481       -10.104309
    -10.092285       -10.090900       -10.072584       -10.067608       -10.063415
    -10.058229       -10.038657       -10.030454       -10.026879        -9.986457
     -9.962655        -9.944780        -9.937162        -9.928909        -9.922238
     -9.919573        -9.904052        -9.892404        -9.880745        -9.864244
     -9.858584        -9.850036        -9.839207        -9.817880        -9.803012
     -9.800657        -9.788693        -9.777043        -9.757212        -9.744631
     -9.730795        -9.717092        -9.706263        -9.702201        -9.677033
     -9.670473        -9.652761        -9.641532        -9.637806        -9.618284
     -9.611353        -9.597344        -9.595259        -9.579135        -9.544133
     -9.534708        -9.517173        -9.514899        -9.499117        -9.482807
     -9.482111        -9.473547        -9.462944        -9.459634        -9.454553
     -9.446351        -9.441375        -9.436547        -9.401735        -9.386358
     -9.379519        -9.364936        -9.349710        -9.337837        -9.336870
     -9.308116        -9.300981        -9.286857        -9.265826        -9.256280
     -9.236739        -9.229481        -9.204851        -9.198888        -9.146702
     -9.141230        -9.126482        -9.114633        -9.102703        -9.094133
     -9.086408        -9.075068        -9.060740        -9.040179        -9.028092
     -9.017943        -9.010744        -9.004064        -8.988502        -8.975542
     -8.951067        -8.944588        -8.933262        -8.923534        -8.919074
     -8.915647        -8.892848        -8.882021        -8.872359        -8.826167
     -8.811841        -8.806549        -8.799489        -8.785598        -8.781700
     -8.771963        -8.756266        -8.737196        -8.722534        -8.707952
     -8.686613        -8.671787        -8.663145        -8.614566        -8.611609
     -8.597080        -8.577914        -8.572276        -8.551686        -8.532238
     -8.516224        -8.504698        -8.493624        -8.484008        -8.475313
     -8.469254        -8.461504        -8.418696        -8.405919        -8.392000
     -8.384141        -8.374926        -8.352849        -8.322730        -8.312394
     -8.272797        -8.250791        -8.222388        -8.221101        -8.200174
     -8.184648        -8.151878        -8.084654        -8.073530        -8.057544
     -8.039731        -8.002799        -7.985367        -7.966916        -7.949052
     -7.914875        -7.902221        -7.886702        -7.871878        -7.848481
     -7.830405        -7.826268        -7.819243        -7.773597        -7.761842
     -7.723375        -7.721520        -7.691415        -7.659102        -7.645702
     -7.636313        -7.615522        -7.595189        -7.534653        -7.509414
     -7.503777        -7.496330        -7.462797        -7.439049        -7.433425
     -7.413677        -7.402110        -7.375669        -7.363876        -7.351735
     -7.331826        -7.275471        -7.260835        -7.253523        -7.247329
     -7.235692        -7.221357        -7.211777        -7.203599        -7.179999
     -7.142398        -7.095097        -7.065469        -7.051988        -7.031536
     -7.022034        -7.015363        -6.961636        -6.938221        -6.936923
     -6.910147        -6.886725        -6.876555        -6.866875        -6.833430
     -6.802605        -6.787619        -6.751264        -6.748648        -6.732968
     -6.728218        -6.722198        -6.692456        -6.645032        -6.634331
     -6.624561        -6.604318        -6.585689        -6.574168        -6.564640
     -6.552979        -6.539833        -6.521745        -6.517362        -6.501603
     -6.495758        -6.479906        -6.468762        -6.449817        -6.444860
     -6.436282        -6.433814        -6.420755        -6.403247        -6.396053
     -6.387233        -6.377513        -6.376192        -6.353746        -6.344194
     -6.332044        -6.315932        -6.302990        -6.288322        -6.275342
     -6.256834        -6.256136        -6.251269        -6.236867        -6.231190
     -6.218825        -6.205998        -6.194483        -6.190471        -6.185921
     -6.178194        -6.173280        -6.167205        -6.161275        -6.153892
     -6.143694        -6.131726        -6.123147        -6.113004        -6.107124
     -6.078672        -6.066302        -6.059517        -6.055378        -6.052390
     -6.041480        -6.037404        -6.028957        -6.012880        -6.008002
     -6.000665        -5.991971        -5.988846        -5.984913        -5.979692
     -5.965795        -5.949904        -5.944949        -5.930582        -5.909621
     -5.895174        -5.884762        -5.875955        -5.866049        -5.862271
     -5.854383        -5.843031        -5.841453        -5.831420        -5.820452
     -5.810761        -5.808117        -5.795573        -5.789333        -5.780172
     -5.774916        -5.769098        -5.764390        -5.758356        -5.753143
     -5.747377        -5.741857        -5.733907        -5.721677        -5.715344
     -5.700024        -5.697098        -5.693531        -5.685813        -5.676522
     -5.665751        -5.656092        -5.654109        -5.653924        -5.643559
     -5.639251        -5.636344        -5.628669        -5.620325        -5.617880
     -5.613908        -5.605974        -5.603082        -5.590132        -5.586867
     -5.579402        -5.572246        -5.568736        -5.558464        -5.554042
     -5.551670        -5.548869        -5.529114        -5.510462        -5.504770
     -5.501673        -5.492764        -5.481941        -5.476305        -5.473954
     -5.468663        -5.451245        -5.448904        -5.447383        -5.445730
     -5.439241        -5.438064        -5.424813        -5.417140        -5.408875
     -5.400045        -5.393074        -5.378768        -5.378617        -5.371749
     -5.367113        -5.362644        -5.355905        -5.349531        -5.339062
     -5.334997        -5.327221        -5.318972        -5.315472        -5.309192
     -5.306926        -5.299940        -5.289175        -5.286958        -5.280701
     -5.271642        -5.268094        -5.263601        -5.260452        -5.257926
     -5.249999        -5.246466        -5.243284        -5.227194        -5.223920
     -5.215942        -5.214564        -5.212766        -5.201668        -5.188055
     -5.169536        -5.166434        -5.154077        -5.153464        -5.141418
     -5.134923        -5.131510        -5.129944        -5.123661        -5.117949
     -5.108771        -5.103517        -5.102263        -5.100207        -5.090634
     -5.088832        -5.084365        -5.082122        -5.075874        -5.063979
     -5.057687        -5.046510        -5.040341        -5.036353        -5.022891
     -5.017357        -5.014376        -5.012215        -5.004934        -4.998703
     -4.995080        -4.988888        -4.985300        -4.982378        -4.979056
     -4.971946        -4.966305        -4.964496        -4.956291        -4.952293
     -4.946811        -4.942138        -4.936492        -4.934493        -4.924884
     -4.911766        -4.910686        -4.905159        -4.896565        -4.894940
     -4.889438        -4.879146        -4.875184        -4.866469        -4.865458
     -4.860415        -4.849867        -4.844487        -4.831321        -4.820203
     -4.810278        -4.809007        -4.797940        -4.790196        -4.789428
     -4.784060        -4.781289        -4.768045        -4.758436        -4.752975
     -4.743501        -4.736399        -4.734297        -4.726048        -4.716805
     -4.710088        -4.697832        -4.687797        -4.679934        -4.674847
     -4.658177        -4.651685        -4.644352        -4.639468        -4.638069
     -4.633550        -4.629676        -4.624975        -4.621808        -4.610879
     -4.608906        -4.593908        -4.592506        -4.564473        -4.560975
     -4.544961        -4.540541        -4.527537        -4.522160        -4.512384
     -4.497525        -4.468465        -4.461248        -4.452057        -4.442767
     -4.431122        -4.409520        -4.395962        -4.388554        -4.386533
     -4.373934        -4.370514        -4.362675        -4.359813        -4.343285
     -4.323384        -4.316599        -4.304883        -4.286519        -4.262600
     -4.216624        -4.210363        -4.206360        -4.199583        -4.176816
     -4.160287        -4.152113        -4.136077        -4.129804        -4.111952
     -4.108076        -4.090718        -4.033880        -4.021090        -4.009180
     -3.970649        -3.967433        -3.953738        -3.936817        -3.915979
     -3.900083        -3.892126        -3.877185        -3.868712        -3.855846
     -3.838172        -3.821063        -3.795564        -3.789677        -3.784611
     -3.781680        -3.759185        -3.731459        -3.721864        -3.719810
     -3.710570        -3.704797        -3.693984        -3.662046        -3.641181
     -3.636186        -3.621845        -3.616205        -3.592284        -3.584770
     -3.560691        -3.552332        -3.521123        -3.517162        -3.506646
     -3.499871        -3.481100        -3.455915        -3.446138        -3.436254
     -3.434106        -3.395428        -3.394469        -3.385849        -3.376150
     -3.372357        -3.368756        -3.346710        -3.344130        -3.334562
     -3.291811        -3.271858        -3.267018        -3.251097        -3.239303
     -3.221307        -3.208775        -3.202828        -3.191474        -3.185650
     -3.147218        -3.139467        -3.092510        -3.075306        -3.051183
     -3.016646        -2.986977        -2.978454        -2.960539        -2.951653
     -2.864879        -2.843729        -2.832847        -2.818062        -2.812241
     -2.804287        -2.797431        -2.778405        -2.767769        -2.736435
     -2.702700        -2.659316        -2.633218        -2.624021        -2.609896
     -2.559655        -2.547818        -2.535453        -2.511111        -2.498986
     -2.490228        -2.457188        -2.446643        -2.427326        -2.410507
     -2.398730        -2.294879        -2.236889        -2.220284        -2.218712
     -2.154985        -2.142939        -2.129210        -2.040081        -2.023447
      2.481897         2.606810         2.649023         2.808298         2.886351
      2.896943         2.922018         2.932862         2.948500         2.991681
      3.148780         3.157866         3.229218         3.267933         3.349610
      3.416072         3.467379         3.485631         3.512060         3.555433
      3.571439         3.616023         3.640553         3.669816         3.717785
      3.759168         3.768830         3.784866         3.805237         3.813874
      3.841509         3.854432         3.909480         3.916037         3.972911
      3.976085         3.987375         4.001275         4.044126         4.051193
      4.066705         4.117624         4.128017         4.141947         4.164402
      4.182978         4.198201         4.213903         4.248878         4.269219
      4.290225         4.302803         4.391864         4.414592         4.440705
      4.465096         4.495158         4.583818
 *********************************
 total computation time (sec)=   1910.54156184196     
