 AEM_Eatom=  6.040563989273534E-002
 AEM_Egroup=  5.323819351976993E-003
 AEM_Etot=  1.502110776088579E-003
 AEM_F=  0.570529733612753     
