 AEM_Eatom=  2.072474856577103E-003
 AEM_Egroup=  3.416871443696107E-004
 AEM_Etot=  8.704543677173007E-004
 AEM_F=  0.500346361281584     
