           4           1
 PRECISION  = SINGLE     
 JOB       = SCF
 IN.PSP1   = /home/sabs/shenjie/Pseudopotential/Li.nc.pbe.UPF
 IN.PSP2   = /home/sabs/shenjie/Pseudopotential/C.nc.pbe.UPF
 IN.PSP3   = /home/sabs/shenjie/Pseudopotential/O.nc.pbe.UPF
 IN.PSP4   = /home/sabs/shenjie/Pseudopotential/N.nc.pbe.UPF
 IN.PSP5   = /home/sabs/shenjie/Pseudopotential/S.nc.pbe.UPF
 IN.PSP6   = /home/sabs/shenjie/Pseudopotential/F.nc.pbe.UPF
 IN.PSP7   = /home/sabs/shenjie/Pseudopotential/H.nc.pbe.UPF
 IN.PSP8   = /home/sabs/shenjie/Pseudopotential/P.nc.pbe.UPF
 IN.ATOM   = atom.config         
 CONVERGENCE  = EASY
 ACCURACY  = NORM
 VFF_DETAIL =   1   500  0.50000000E-02     30.00000     4.00000     0.00000     1.00000  
 EGG_DETAIL =            3           3           3
 SPIN      =   1
 CONSTRAINT_MAG =           0
 RANDOM_SEED=           0
 QIJ_DETAIL =   0  1
 SCF_MIX = CHARGE
 PWSCF_OUTPUT     =  F
 Ecut      =    60.0000000000000     
 Ecut2     =    120.000000000000     
 Ecut2L    =    120.000000000000     
 EcutP    =    60.0000000000000     
 N123      =   120   120   120
 NS123     =    40    40    40
 N123L     =   120   120   120
 STRESS_CORR =   0.100000E+01  0.000000E+00  0.200000E+01  0.000000E+00
 XCFUNCTIONAL = LDA
 HSE_DETAIL    =      1.00000000    1     0.00000000    6 1 1
 RELAX_HSE    =    20   0.50000E-01     2
 VDW       = NONE
 LONDON_S6      =   0.000000000000000E+000
 LONDON_C6(1)      =   -1.00000000000000     
 LONDON_C6(2)      =   -1.00000000000000     
 LONDON_C6(3)      =   -1.00000000000000     
 LONDON_C6(4)      =   -1.00000000000000     
 LONDON_C6(5)      =   -1.00000000000000     
 LONDON_C6(6)      =   -1.00000000000000     
 LONDON_C6(7)      =   -1.00000000000000     
 LONDON_C6(8)      =   -1.00000000000000     
 LONDON_RCUT      =   0.000000000000000E+000
 DFTD3_S6        =   0.000000000000000E+000
 DFTD3_RS6        =   0.000000000000000E+000
 DFTD3_S18        =   0.000000000000000E+000
 DFTD3_RS18        =   0.000000000000000E+000
 DFTD3_ALPHA6        =   0.000000000000000E+000
 DFTD3_VERSION        =            0
 DFTD3_3BODY        =  F
 COULOMB   =    0
 IN.WG     =  F
 OUT.WG    =  F
 IN.RHO    =  F
 OUT.RHOATOM =  F
 OUT.RHO   =  F
 IN.VR     =  F
 OUT.VR    =  F
 OUT.ELF   =  F
 IN.VEXT   =  F
 OUT.VATOM   =  F
 OUT.FORCE =  T
 OUT.STRESS =  F
 IN.KPT    =  F
 IN.SYMM   =  F
 SYMM_PREC =    0.10000E-04
 MP_N123 =      1      1      1      0      0      0      0
 NUM_KPT =            1
 CHARGE_DECOMP = F
 ENERGY_DECOMP = F 
 IN.SOLVENT =  F
 NUM_ELECTRON =   1940.00000000000     
 FIX_FERMI =   F  0.000000E+00  0.000000E+00  0.000000E+00
 IN.NONSCF    =  F
 NUM_BAND  =  1028
 OUT.REAL.RHOWF_SP= 0
 WG_ERROR  =   1.000000000000000E-004
 E_ERROR   =   5.279008887880000E-003
 RHO_ERROR =   5.000000000000000E-005
 RHO_RELATIVE_ERROR      =   0.000000000000000E+000
 FORCE_RELATIVE_ERROR     =   0.000000000000000E+000
 MIN_SCF_ITER     =            1
 SYS_TYPE   =            1
 PULAY_MIX_OPT =     30  1  0       1.00000       0.00000
 PULAY_METRIC_Q0 =       -1.00000
 IN.OCC    =  F          -1
 IN.CC    =  F
 IN.OCC_ADIA    =  F
 SCF_ITER0_1 =    6   4    3    0.0000     0.02500    1
 SCF_ITER0_2 =   94   4    3    1.0000     0.02500    1
 SCF_ITER1_1 =   40   4    3    1.0000     0.02500    1
 NONLOCAL  =  2
 IN.A_FIELD =  F       0.00000       0.00000       0.00000
 RCUT      =    4.00000000000000     
 IN.PSP_RCUT1 =   4.00000000000000     
 IN.PSP_RCUT2 =   4.00000000000000     
 IN.PSP_RCUT3 =   4.00000000000000     
 IN.PSP_RCUT4 =   4.00000000000000     
 IN.PSP_RCUT5 =   4.00000000000000     
 IN.PSP_RCUT6 =   4.00000000000000     
 IN.PSP_RCUT7 =   4.00000000000000     
 IN.PSP_RCUT8 =   4.00000000000000     
 MD_VV_SCALE =    100
 LDAU_PSP1   =           -1  2.721138638331097E-009  2.721138638331097E-009  eV
 LDAU_PSP2   =           -1  2.721138638331097E-009  2.721138638331097E-009  eV
 LDAU_PSP3   =           -1  2.721138638331097E-009  2.721138638331097E-009  eV
 LDAU_PSP4   =           -1  2.721138638331097E-009  2.721138638331097E-009  eV
 LDAU_PSP5   =           -1  2.721138638331097E-009  2.721138638331097E-009  eV
 LDAU_PSP6   =           -1  2.721138638331097E-009  2.721138638331097E-009  eV
 LDAU_PSP7   =           -1  2.721138638331097E-009  2.721138638331097E-009  eV
 LDAU_PSP8   =           -1  2.721138638331097E-009  2.721138638331097E-009  eV
 NUM_BLOCKED_PSI=  F
 WF_STORE2DISK  =            0
 NUM_DOS_GRID =         4000
 NMAP_MAX =        50000
 KERK_AMIN =   0.300000000000000     
 KERK_AMIX =   0.400000000000000     
 KERK_AMIX_MAG =   0.800000000000000     
 KERK_BMIX =   0.500000000000000     
 LDAU_MIX =   0.700000000000000     
 PULAY_WEIGHT_SPIN =    1.00000000000000     
 PULAY_WEIGHT_NS =    1.00000000000000     
 OUT.MLMD    =  F
 NUM_MPI_PER_GPU =     1
 FLAG_CYLINDER =            0
 SET_OUT_FERMI_POS =  F           0
 E_FINITE =  F   0.00000E+00   0.00000E+00   0.00000E+00
 MLINE_EIGEN =      1
 
 ------------------------------------------------
 total number of K-point:           1
   0.00000     0.00000    0.00000     1.00000            
 ------------------------------------------------
 
 
 *********************************************
 *********** end of etot.input report ********
 minimum n1,n2,n3 from Ecut2
     118.970      119.148      119.089
 minimum n1L,n2L,n3L from Ecut2L
     118.970      119.148      119.089
 *********************************************
 
 
Weighted average num_of_PW for all kpoint=                       312673.000
 ************************************
 E_Hxc(eV)         51073.7077236496     
 E_ion(eV)        -222939.542844159     
 E_Coul(eV)        79367.7736283329     
 E_Hxc+E_ion(eV)  -171865.835120510     
 NONSCF     1          AVE_STATE_ERROR= 0.5919E+01
 NONSCF     2          AVE_STATE_ERROR= 0.1632E+01
 NONSCF     3          AVE_STATE_ERROR= 0.5091E+00
 NONSCF     4          AVE_STATE_ERROR= 0.9513E-01
 NONSCF     5          AVE_STATE_ERROR= 0.1574E-01
 NONSCF     6          AVE_STATE_ERROR= 0.3017E-02
 iter=   7   ave_lin=  4.0  iCGmth=   3
 Ef(eV)               = -.1089194E+01
 err of ug            = 0.1186E-02
 dv_ave, drho_tot     = 0.0000E+00 0.1222E+00
 E_tot(eV)            = -.13304363841948E+06    -.1330E+06
 -------------------------------------------
 iter=   8   ave_lin=  4.0  iCGmth=   3
 Ef(eV)               = -.1220242E+01
 err of ug            = 0.1071E-01
 dv_ave, drho_tot     = 0.1722E-01 0.7054E-01
 E_tot(eV)            = -.13293867080472E+06    0.1050E+03
 -------------------------------------------
 iter=   9   ave_lin=  4.0  iCGmth=   3
 Ef(eV)               = -.8542371E+00
 err of ug            = 0.6594E-02
 dv_ave, drho_tot     = 0.1371E-01 0.3043E-01
 E_tot(eV)            = -.13290634636417E+06    0.3232E+02
 -------------------------------------------
 iter=  10   ave_lin=  4.0  iCGmth=   3
 Ef(eV)               = -.7781761E+00
 err of ug            = 0.2098E-02
 dv_ave, drho_tot     = 0.6958E-02 0.1064E-01
 E_tot(eV)            = -.13290092876697E+06    0.5418E+01
 -------------------------------------------
 iter=  11   ave_lin=  4.0  iCGmth=   3
 Ef(eV)               = -.7552546E+00
 err of ug            = 0.5533E-03
 dv_ave, drho_tot     = 0.3021E-02 0.6046E-02
 E_tot(eV)            = -.13290026251054E+06    0.6663E+00
 -------------------------------------------
 iter=  12   ave_lin=  4.0  iCGmth=   3
 Ef(eV)               = -.7002153E+00
 err of ug            = 0.3173E-03
 dv_ave, drho_tot     = 0.3537E-02 0.3645E-02
 E_tot(eV)            = -.13289974303754E+06    0.5195E+00
 -------------------------------------------
 iter=  13   ave_lin=  4.0  iCGmth=   3
 Ef(eV)               = -.6435942E+00
 err of ug            = 0.3537E-03
 dv_ave, drho_tot     = 0.3911E-02 0.2821E-02
 E_tot(eV)            = -.13289926422687E+06    0.4788E+00
 -------------------------------------------
 iter=  14   ave_lin=  4.0  iCGmth=   3
 Ef(eV)               = -.5623608E+00
 err of ug            = 0.3317E-03
 dv_ave, drho_tot     = 0.5352E-02 0.2235E-02
 E_tot(eV)            = -.13289882290983E+06    0.4413E+00
 -------------------------------------------
 iter=  15   ave_lin=  4.0  iCGmth=   3
 Ef(eV)               = -.4028369E+00
 err of ug            = 0.3448E-03
 dv_ave, drho_tot     = 0.6246E-02 0.1789E-02
 E_tot(eV)            = -.13289850607799E+06    0.3168E+00
 -------------------------------------------
 iter=  16   ave_lin=  4.0  iCGmth=   3
 Ef(eV)               = -.4014513E+00
 err of ug            = 0.2592E-03
 dv_ave, drho_tot     = 0.4327E-02 0.1366E-02
 E_tot(eV)            = -.13289841962780E+06    0.8645E-01
 -------------------------------------------
 iter=  17   ave_lin=  4.0  iCGmth=   3
 Ef(eV)               = -.3864944E+00
 err of ug            = 0.1940E-03
 dv_ave, drho_tot     = 0.3621E-02 0.1057E-02
 E_tot(eV)            = -.13289838766494E+06    0.3196E-01
 -------------------------------------------
 iter=  18   ave_lin=  4.0  iCGmth=   3
 Ef(eV)               = -.3811202E+00
 err of ug            = 0.1264E-03
 dv_ave, drho_tot     = 0.2811E-02 0.7883E-03
 E_tot(eV)            = -.13289837036054E+06    0.1730E-01
 -------------------------------------------
 iter=  19   ave_lin=  4.0  iCGmth=   3
 Ef(eV)               = -.3438782E+00
 err of ug            = 0.1077E-03
 dv_ave, drho_tot     = 0.2404E-02 0.5978E-03
 E_tot(eV)            = -.13289835292900E+06    0.1743E-01
 -------------------------------------------
 iter=  20   ave_lin=  4.0  iCGmth=   3
 Ef(eV)               = -.3108624E+00
 err of ug            = 0.9270E-04
 dv_ave, drho_tot     = 0.2332E-02 0.4505E-03
 E_tot(eV)            = -.13289834091607E+06    0.1201E-01
 -------------------------------------------
 iter=  21   ave_lin=  4.0  iCGmth=   3
 Ef(eV)               = -.2909760E+00
 err of ug            = 0.6350E-04
 dv_ave, drho_tot     = 0.1090E-02 0.3743E-03
 E_tot(eV)            = -.13289833357913E+06    0.7337E-02
 -------------------------------------------
 iter=  22   ave_lin=  4.0  iCGmth=   3
 Ef(eV)               = -.2783587E+00
 err of ug            = 0.6377E-04
 dv_ave, drho_tot     = 0.1073E-02 0.3037E-03
 E_tot(eV)            = -.13289832704421E+06    0.6535E-02
 -------------------------------------------
 iter=  23   ave_lin=  4.0  iCGmth=   3
 Ef(eV)               = -.2810309E+00
 err of ug            = 0.5504E-04
 dv_ave, drho_tot     = 0.8706E-03 0.2447E-03
 E_tot(eV)            = -.13289832336046E+06    0.3684E-02
 -------------------------------------------
 E_Fermi(eV)= -0.281030934197099     
 ---------------------------------------------------
 Ef(eV)               = -.2810309E+00
 dvE, dvE(n)-dvE(n-1) = 0.7579E-06 -.3929E-06
 dv_ave, drho_tot     = 0.8706E-03 0.2447E-03
 err of ug            = 0.5504E-04
 ---------------------------------------------------
 ending_scf_reason = tol Etot_err  5.279008887880000E-003
 Ewald        = -.40736677292641E+05
 Alpha        = 0.15207970391171E+04
 E_extV       = 0.00000000000000E+00    0.0000E+00
 E_NSC        = -.21510350264754E+05    0.6641E+00
 E[-rho*V_Hxc]= -.12447881474656E+06    -.6604E+00
 E_Hxc        = 0.52306721904378E+05    0.6798E+00
 -TS          = -.35505862133968E-26    0.0000E+00
 E_tot(eV)    = -.13289832336046E+06    0.3684E-02
 E_tot(Ryd)   = -.97678466846768E+04    0.1354E-03
 ---------------------------------------------------
 ---------------------------------------------------
 occup for:      kpt=1,spin=1,m=(totN/2-2,totN/2+2)
   1.000    1.000    1.000    0.000    0.000
 eigen(eV) for:  kpt=1,spin=1,m=(totN/2-2,totN/2+2)
  -1.929   -1.864   -1.664    2.369    2.388
 ---------------------------------------------------
 ---------------------------------------------------
 E_Hart,E_xc,E_ion =0.81126120605900E+05  -.28819398701521E+05  -.22545049326592E+06
 E_Hxc+E_ion       =-.17314377136154E+06
 E_kin+E_nonloc    =0.79461328254609E+05
 E_rhoVext,E_IVext     =0.00000000000000E+00  0.00000000000000E+00
 E_psiV,E_dDrho =-.10097185088712E+06  0.00000000000000E+00
 ave(vtot):v0 =-.76936030276225E+01
 ave(V_ion_s(or p,d))=ave(V_Hatree)=0; ave(Vtot)=ave(V_xc)=v0
 ---------------------------------------------------
 *********************************
 Eigen energies are values after setting ave(Vtot)=0
 For Vtot=V_ion+V_Hartree+V_xc, and
 ave(V_ion+V_Hatree)=0, ave(V_xc).ne.0:  E=E+v0
 *********************************
iislda,kpt=   1,    1      0.000000     0.000000     0.000000             kpoint in xyz unit 
 err of each states, A.U
  0.116750E-03     0.203742E-03     0.342043E-03     0.212605E-04     0.253875E-04
  0.190227E-04     0.162776E-04     0.200589E-04     0.217902E-04     0.688722E-04
  0.586444E-04     0.193983E-04     0.133536E-04     0.173917E-04     0.255242E-04
  0.266183E-04     0.205202E-04     0.148279E-04     0.145542E-04     0.172885E-04
  0.174651E-04     0.137609E-04     0.748670E-04     0.325378E-04     0.162648E-04
  0.305338E-04     0.168572E-04     0.466503E-04     0.458469E-04     0.156819E-04
  0.341167E-04     0.459364E-04     0.182975E-04     0.240638E-04     0.155004E-04
  0.329284E-04     0.202453E-04     0.260811E-04     0.435944E-04     0.194602E-04
  0.239943E-04     0.556438E-04     0.183532E-04     0.110214E-03     0.119230E-04
  0.123995E-03     0.202112E-04     0.250149E-04     0.527560E-04     0.289208E-04
  0.229374E-04     0.210473E-04     0.817295E-04     0.173339E-04     0.250412E-04
  0.308324E-04     0.190359E-04     0.894905E-04     0.134283E-04     0.158762E-04
  0.160434E-04     0.170118E-04     0.813778E-04     0.179203E-04     0.313347E-04
  0.212740E-04     0.212894E-04     0.118317E-04     0.316878E-04     0.155976E-04
  0.217896E-04     0.210533E-04     0.162234E-04     0.247113E-04     0.355082E-04
  0.148280E-04     0.860648E-04     0.186967E-04     0.213304E-04     0.131739E-04
  0.156274E-04     0.147980E-04     0.122374E-04     0.140952E-04     0.107873E-04
  0.122751E-04     0.132338E-04     0.206231E-04     0.168910E-04     0.150517E-04
  0.344879E-04     0.114192E-04     0.146002E-04     0.132624E-04     0.698428E-04
  0.118754E-04     0.361958E-04     0.339476E-04     0.233253E-04     0.391375E-04
  0.443668E-04     0.276501E-04     0.166181E-04     0.118016E-04     0.114526E-04
  0.180875E-04     0.251115E-04     0.124921E-04     0.218910E-04     0.234191E-04
  0.199520E-04     0.350042E-04     0.454062E-04     0.142232E-04     0.115542E-04
  0.414030E-04     0.204580E-04     0.162720E-04     0.127019E-04     0.147447E-04
  0.109384E-04     0.275482E-04     0.855269E-04     0.185006E-04     0.626439E-04
  0.136508E-04     0.986014E-04     0.146320E-04     0.162798E-04     0.164815E-04
  0.137016E-04     0.160740E-04     0.116450E-04     0.148631E-04     0.167814E-04
  0.777880E-04     0.253035E-04     0.145702E-04     0.200777E-04     0.317491E-04
  0.110645E-03     0.220002E-04     0.114219E-04     0.201617E-04     0.120941E-04
  0.143492E-04     0.161347E-04     0.129086E-04     0.424091E-04     0.157774E-04
  0.229879E-04     0.190163E-04     0.230012E-04     0.135133E-04     0.154483E-04
  0.293263E-04     0.552408E-04     0.204581E-04     0.503184E-04     0.241387E-04
  0.166210E-04     0.124263E-04     0.184886E-04     0.189041E-04     0.223878E-04
  0.153481E-04     0.129105E-04     0.221581E-04     0.218439E-04     0.279475E-04
  0.332486E-04     0.220362E-04     0.201034E-04     0.113457E-04     0.622855E-04
  0.173661E-04     0.281310E-04     0.294283E-04     0.968764E-05     0.145090E-04
  0.192433E-04     0.101449E-04     0.102667E-04     0.131975E-04     0.156898E-04
  0.164115E-04     0.156334E-04     0.112771E-04     0.173159E-04     0.949131E-05
  0.129134E-04     0.279506E-04     0.189091E-04     0.214763E-04     0.114379E-04
  0.211042E-04     0.148788E-04     0.121362E-04     0.236303E-04     0.197928E-04
  0.124434E-04     0.178842E-04     0.114339E-04     0.226762E-04     0.110726E-04
  0.162300E-04     0.281795E-04     0.198690E-04     0.335272E-04     0.122338E-04
  0.137600E-04     0.158974E-04     0.157817E-04     0.126656E-04     0.135583E-04
  0.256834E-04     0.200536E-04     0.194963E-04     0.189396E-04     0.189272E-04
  0.167251E-04     0.225550E-04     0.168038E-04     0.178697E-04     0.128075E-04
  0.122734E-04     0.195827E-04     0.178939E-04     0.958555E-05     0.155627E-04
  0.162720E-04     0.150221E-04     0.123097E-04     0.157344E-04     0.143474E-04
  0.138885E-04     0.170771E-04     0.127396E-04     0.154170E-04     0.198968E-04
  0.114386E-04     0.203007E-04     0.148391E-04     0.116817E-04     0.204498E-04
  0.182392E-04     0.215749E-04     0.209575E-04     0.141945E-04     0.121589E-04
  0.252853E-04     0.264874E-04     0.120653E-04     0.128700E-04     0.144514E-04
  0.125208E-04     0.208920E-04     0.175375E-04     0.230259E-04     0.136161E-04
  0.210312E-04     0.177699E-04     0.133804E-04     0.141658E-04     0.175236E-04
  0.155436E-04     0.230589E-04     0.166596E-04     0.247100E-04     0.268955E-04
  0.173203E-04     0.232619E-04     0.156984E-04     0.172124E-04     0.157697E-04
  0.269109E-04     0.160670E-04     0.171960E-04     0.182000E-04     0.344827E-04
  0.239082E-04     0.236475E-04     0.228655E-04     0.228648E-04     0.187841E-04
  0.138017E-04     0.267768E-04     0.172974E-04     0.212429E-04     0.202364E-04
  0.217199E-04     0.148500E-04     0.330228E-04     0.205407E-04     0.283402E-04
  0.264871E-04     0.217777E-04     0.189188E-04     0.195812E-04     0.190553E-04
  0.232237E-04     0.228385E-04     0.252211E-04     0.264290E-04     0.184417E-04
  0.174875E-04     0.173060E-04     0.149892E-04     0.211156E-04     0.184871E-04
  0.171008E-04     0.167877E-04     0.245744E-04     0.464157E-04     0.176532E-04
  0.165258E-04     0.267151E-04     0.241494E-04     0.230976E-04     0.232491E-04
  0.293867E-04     0.258961E-04     0.436246E-04     0.244162E-04     0.280988E-04
  0.263236E-04     0.236867E-04     0.241277E-04     0.245516E-04     0.239486E-04
  0.219771E-04     0.274306E-04     0.179844E-04     0.201319E-04     0.247305E-04
  0.285751E-04     0.284016E-04     0.303478E-04     0.207203E-04     0.197919E-04
  0.244734E-04     0.213302E-04     0.209021E-04     0.191056E-04     0.183309E-04
  0.133370E-04     0.196824E-04     0.244261E-04     0.277095E-04     0.203026E-04
  0.171629E-04     0.246995E-04     0.287967E-04     0.249621E-04     0.247843E-04
  0.223454E-04     0.223981E-04     0.283447E-04     0.271056E-04     0.262967E-04
  0.275821E-04     0.314574E-04     0.227615E-04     0.211387E-04     0.196022E-04
  0.218306E-04     0.217211E-04     0.172465E-04     0.232109E-04     0.284424E-04
  0.243391E-04     0.248530E-04     0.180425E-04     0.267625E-04     0.280562E-04
  0.288554E-04     0.250117E-04     0.182538E-04     0.232614E-04     0.263895E-04
  0.212225E-04     0.186876E-04     0.251511E-04     0.388827E-04     0.302976E-04
  0.210420E-04     0.235999E-04     0.339915E-04     0.207069E-04     0.269168E-04
  0.273269E-04     0.281068E-04     0.229538E-04     0.223283E-04     0.215729E-04
  0.215347E-04     0.225074E-04     0.256817E-04     0.274902E-04     0.342812E-04
  0.249772E-04     0.301235E-04     0.374931E-04     0.225261E-04     0.272845E-04
  0.180542E-04     0.254041E-04     0.294080E-04     0.292519E-04     0.321854E-04
  0.241511E-04     0.276951E-04     0.251022E-04     0.246850E-04     0.216560E-04
  0.213075E-04     0.222913E-04     0.241422E-04     0.266352E-04     0.220760E-04
  0.229057E-04     0.227439E-04     0.278631E-04     0.324225E-04     0.291220E-04
  0.267814E-04     0.367355E-04     0.295142E-04     0.296750E-04     0.269012E-04
  0.330003E-04     0.337103E-04     0.330589E-04     0.271051E-04     0.294042E-04
  0.259396E-04     0.229188E-04     0.301638E-04     0.254981E-04     0.299084E-04
  0.352415E-04     0.329961E-04     0.266163E-04     0.261483E-04     0.298628E-04
  0.553837E-04     0.342551E-04     0.361095E-04     0.226862E-04     0.313232E-04
  0.234392E-04     0.264530E-04     0.214247E-04     0.326299E-04     0.264517E-04
  0.331686E-04     0.306805E-04     0.386237E-04     0.288861E-04     0.221493E-04
  0.331924E-04     0.240624E-04     0.229266E-04     0.355598E-04     0.225306E-04
  0.164075E-04     0.374673E-04     0.190570E-04     0.251589E-04     0.255992E-04
  0.228116E-04     0.180722E-04     0.258057E-04     0.224486E-04     0.271136E-04
  0.417814E-04     0.260445E-04     0.220635E-04     0.309801E-04     0.219836E-04
  0.319919E-04     0.172785E-04     0.222505E-04     0.192401E-04     0.361408E-04
  0.243034E-04     0.251226E-04     0.226696E-04     0.265286E-04     0.206147E-04
  0.187423E-04     0.190121E-04     0.212000E-04     0.176016E-04     0.164036E-04
  0.229082E-04     0.207300E-04     0.194405E-04     0.151729E-04     0.220919E-04
  0.174426E-04     0.216446E-04     0.201428E-04     0.159382E-04     0.138301E-04
  0.159732E-04     0.230072E-04     0.207055E-04     0.235751E-04     0.165968E-04
  0.169950E-04     0.189219E-04     0.276302E-04     0.273348E-04     0.207915E-04
  0.184501E-04     0.328318E-04     0.183976E-04     0.275352E-04     0.201587E-04
  0.202615E-04     0.250689E-04     0.194470E-04     0.143811E-04     0.218453E-04
  0.233411E-04     0.272270E-04     0.183922E-04     0.232563E-04     0.164507E-04
  0.245118E-04     0.267527E-04     0.143967E-04     0.225616E-04     0.159936E-04
  0.249615E-04     0.283492E-04     0.299475E-04     0.232693E-04     0.256818E-04
  0.205234E-04     0.302994E-04     0.203060E-04     0.265293E-04     0.237133E-04
  0.194915E-04     0.257199E-04     0.240448E-04     0.236065E-04     0.231608E-04
  0.177807E-04     0.273253E-04     0.213911E-04     0.242054E-04     0.229632E-04
  0.256187E-04     0.213183E-04     0.250427E-04     0.225799E-04     0.412288E-04
  0.311451E-04     0.207397E-04     0.292049E-04     0.246636E-04     0.181291E-04
  0.235640E-04     0.198979E-04     0.244216E-04     0.234342E-04     0.246637E-04
  0.194900E-04     0.232153E-04     0.212127E-04     0.219210E-04     0.230924E-04
  0.261152E-04     0.217799E-04     0.276484E-04     0.230958E-04     0.234132E-04
  0.267784E-04     0.232367E-04     0.187071E-04     0.165921E-04     0.212570E-04
  0.197211E-04     0.175574E-04     0.203136E-04     0.179214E-04     0.222059E-04
  0.233106E-04     0.207286E-04     0.216180E-04     0.240200E-04     0.256869E-04
  0.217189E-04     0.178286E-04     0.301449E-04     0.224511E-04     0.189900E-04
  0.253707E-04     0.259070E-04     0.209236E-04     0.185232E-04     0.214293E-04
  0.225943E-04     0.251107E-04     0.227640E-04     0.245519E-04     0.212038E-04
  0.230975E-04     0.229583E-04     0.222092E-04     0.214216E-04     0.233927E-04
  0.225621E-04     0.199839E-04     0.301814E-04     0.191850E-04     0.218160E-04
  0.215996E-04     0.225738E-04     0.286978E-04     0.230272E-04     0.251985E-04
  0.216196E-04     0.232406E-04     0.211039E-04     0.184524E-04     0.231111E-04
  0.230657E-04     0.220674E-04     0.209899E-04     0.209860E-04     0.226549E-04
  0.259112E-04     0.235180E-04     0.223148E-04     0.230176E-04     0.215686E-04
  0.209469E-04     0.214264E-04     0.186327E-04     0.220889E-04     0.216943E-04
  0.272740E-04     0.233745E-04     0.312374E-04     0.230469E-04     0.265210E-04
  0.251428E-04     0.249315E-04     0.266805E-04     0.259788E-04     0.293083E-04
  0.268028E-04     0.243787E-04     0.240253E-04     0.249500E-04     0.231825E-04
  0.225326E-04     0.300202E-04     0.207868E-04     0.253509E-04     0.258649E-04
  0.303450E-04     0.301634E-04     0.297163E-04     0.279624E-04     0.311785E-04
  0.237974E-04     0.244373E-04     0.230540E-04     0.253704E-04     0.289967E-04
  0.248431E-04     0.272249E-04     0.282101E-04     0.239070E-04     0.279248E-04
  0.253023E-04     0.325043E-04     0.307330E-04     0.252687E-04     0.211132E-04
  0.266494E-04     0.254536E-04     0.287038E-04     0.333334E-04     0.254310E-04
  0.253149E-04     0.270825E-04     0.283242E-04     0.326156E-04     0.258116E-04
  0.287066E-04     0.261780E-04     0.238819E-04     0.259517E-04     0.261667E-04
  0.303079E-04     0.299480E-04     0.273901E-04     0.287713E-04     0.294998E-04
  0.284023E-04     0.284198E-04     0.281064E-04     0.260170E-04     0.311371E-04
  0.289792E-04     0.318074E-04     0.288055E-04     0.272903E-04     0.333858E-04
  0.291925E-04     0.294092E-04     0.307433E-04     0.376893E-04     0.301324E-04
  0.275735E-04     0.260569E-04     0.311126E-04     0.265988E-04     0.349742E-04
  0.296080E-04     0.319261E-04     0.292879E-04     0.249691E-04     0.235511E-04
  0.260484E-04     0.248719E-04     0.248045E-04     0.266513E-04     0.258966E-04
  0.302274E-04     0.300386E-04     0.297812E-04     0.390519E-04     0.366891E-04
  0.361275E-04     0.352144E-04     0.339786E-04     0.346277E-04     0.284563E-04
  0.330434E-04     0.385312E-04     0.327085E-04     0.331682E-04     0.314037E-04
  0.301143E-04     0.275967E-04     0.329648E-04     0.338390E-04     0.269875E-04
  0.337545E-04     0.324186E-04     0.342021E-04     0.288640E-04     0.323849E-04
  0.296103E-04     0.267737E-04     0.326014E-04     0.368501E-04     0.390658E-04
  0.319962E-04     0.340977E-04     0.359097E-04     0.338695E-04     0.284518E-04
  0.319557E-04     0.303919E-04     0.258289E-04     0.307867E-04     0.504728E-04
  0.312372E-04     0.285018E-04     0.322037E-04     0.338185E-04     0.295289E-04
  0.271336E-04     0.362560E-04     0.305596E-04     0.305067E-04     0.306394E-04
  0.344215E-04     0.313886E-04     0.368200E-04     0.259693E-04     0.320090E-04
  0.331971E-04     0.374776E-04     0.288506E-04     0.272059E-04     0.296573E-04
  0.247346E-04     0.233620E-04     0.285775E-04     0.281314E-04     0.395374E-04
  0.298990E-04     0.319703E-04     0.264514E-04     0.362500E-04     0.268859E-04
  0.350401E-04     0.394928E-04     0.348044E-04     0.467507E-04     0.286860E-04
  0.224955E-04     0.386228E-04     0.261810E-04     0.236030E-04     0.298234E-04
  0.262363E-04     0.283933E-04     0.264121E-04     0.253534E-04     0.242833E-04
  0.232419E-04     0.338429E-04     0.362714E-04     0.272277E-04     0.290051E-04
  0.304274E-04     0.299618E-04     0.322855E-04     0.324802E-04     0.332938E-04
  0.368654E-04     0.324915E-04     0.345810E-04     0.386490E-04     0.312510E-04
  0.428314E-04     0.357015E-04     0.432889E-04     0.346743E-04     0.310507E-04
  0.293146E-04     0.319690E-04     0.289786E-04     0.332577E-04     0.368852E-04
  0.335151E-04     0.330198E-04     0.276073E-04     0.260218E-04     0.365631E-04
  0.334826E-04     0.476844E-04     0.321298E-04     0.327609E-04     0.352864E-04
  0.334616E-04     0.294781E-04     0.287910E-04     0.324945E-04     0.292859E-04
  0.423716E-04     0.282398E-04     0.458829E-04     0.546999E-04     0.300491E-04
  0.359741E-04     0.238193E-04     0.481501E-04     0.286410E-04     0.263786E-04
  0.318275E-04     0.399651E-04     0.252003E-04     0.283664E-04     0.506597E-04
  0.341590E-04     0.339963E-04     0.309836E-04     0.242428E-04     0.732741E-04
  0.330049E-04     0.754555E-04     0.389390E-04     0.262068E-04     0.457606E-04
  0.416851E-04     0.521961E-04     0.344861E-04     0.380541E-04     0.343014E-04
  0.373438E-04     0.418777E-04     0.582144E-04     0.408773E-04     0.353729E-04
  0.359325E-04     0.378952E-04     0.326849E-04     0.487874E-04     0.339739E-04
  0.458200E-04     0.381512E-04     0.257918E-04     0.294038E-04     0.559260E-04
  0.282887E-04     0.550853E-04     0.387533E-04     0.698579E-04     0.261565E-04
  0.325593E-04     0.251959E-04     0.263616E-04     0.329377E-04     0.423424E-04
  0.224054E-04     0.321428E-04     0.581885E-04     0.302182E-04     0.279371E-04
  0.360358E-04     0.445292E-04     0.511882E-04     0.519263E-04     0.437203E-04
  0.478795E-04     0.380455E-04     0.326067E-04     0.291426E-04     0.272950E-04
  0.245994E-04     0.421838E-04     0.466301E-04     0.375108E-04     0.455028E-04
  0.367797E-04     0.275391E-04     0.346469E-04     0.308761E-04     0.533449E-04
  0.549930E-04     0.417909E-04     0.426619E-04     0.363347E-04     0.368312E-04
  0.227533E-04     0.360193E-04     0.394022E-04     0.395036E-04     0.345600E-04
  0.387879E-04     0.328036E-04     0.302656E-04     0.311017E-04     0.391528E-04
  0.277725E-04     0.408245E-04     0.308102E-04     0.476742E-04     0.397202E-04
  0.438289E-04     0.403109E-04     0.269275E-04     0.509788E-04     0.316641E-04
  0.423334E-04     0.329932E-04     0.371115E-04     0.423962E-04     0.241353E-04
  0.635076E-04     0.104629E-03     0.137690E-03     0.130454E-03     0.189618E-03
  0.102183E-03     0.133170E-03     0.224841E-03     0.177439E-03     0.254111E-03
  0.408430E-03     0.335458E-03     0.407042E-03     0.305357E-03     0.516233E-03
  0.630811E-03     0.724014E-03     0.480288E-03     0.994159E-03     0.901708E-03
  0.853949E-03     0.912393E-03     0.125586E-02     0.794209E-03     0.137996E-02
  0.125040E-02     0.133881E-02     0.133814E-02     0.198329E-02     0.108095E-02
  0.165878E-02     0.157294E-02     0.281997E-02     0.185142E-02     0.148452E-02
  0.166989E-02     0.197051E-02     0.198170E-02     0.346221E-02     0.212723E-02
  0.222947E-02     0.454579E-02     0.399916E-02     0.507185E-02     0.536388E-02
  0.621185E-02     0.431451E-02     0.424421E-02     0.696286E-02     0.555910E-02
  0.551922E-02     0.665377E-02     0.550566E-02     0.743065E-02     0.776189E-02
  0.799744E-02     0.787904E-02     0.114525E-01
 eigen energies, in eV 
    -44.615106       -44.473777       -44.429361       -44.140444       -44.080769
    -29.096731       -28.887250       -28.881877       -28.874438       -28.812645
    -28.789624       -28.684786       -28.681825       -28.599653       -28.577037
    -28.538077       -28.482069       -28.474098       -28.467314       -28.460108
    -28.446068       -28.441664       -28.375847       -28.356450       -28.300234
    -28.290370       -28.279791       -28.279079       -28.261453       -28.255131
    -28.071888       -28.048317       -28.019051       -28.000905       -27.991091
    -27.956788       -27.936326       -27.886263       -27.868994       -27.852985
    -27.810012       -27.805100       -27.736945       -27.725188       -27.682244
    -27.662936       -27.647517       -27.610247       -27.551972       -27.534949
    -27.525563       -27.511860       -27.503624       -27.491561       -27.490155
    -27.448704       -27.438324       -27.404926       -27.337266       -27.325678
    -27.291786       -27.278196       -27.253153       -27.192003       -27.175653
    -27.160162       -27.153729       -27.138555       -27.114080       -27.079835
    -27.011549       -26.909656       -26.853501       -26.786176       -26.771251
    -26.742445       -26.729204       -26.688595       -26.650673       -26.637690
    -26.617858       -26.615195       -26.586843       -26.571310       -26.565608
    -26.552935       -26.548427       -26.522819       -26.505724       -26.491440
    -26.383539       -26.370400       -26.353427       -26.345969       -26.245935
    -26.226650       -26.223254       -26.220356       -26.214604       -26.176149
    -26.148271       -26.125425       -26.113462       -26.098258       -26.076872
    -26.057355       -26.029291       -26.028194       -26.023603       -25.994398
    -25.990379       -25.961858       -25.938050       -25.918600       -25.897609
    -25.890488       -25.879252       -25.873494       -25.870445       -25.868144
    -25.851941       -25.839023       -25.671580       -25.658960       -25.639140
    -25.609860       -25.491886       -25.463846       -25.425565       -25.343466
    -25.240452       -25.171003       -25.158878       -25.138933       -25.082266
    -24.434406       -24.071630       -23.974981       -23.965258       -23.942932
    -23.778148       -23.673244       -23.571735       -23.544974       -23.496759
    -23.455086       -23.394458       -23.318109       -23.258041       -23.193144
    -23.088293       -23.079059       -23.075952       -23.065709       -23.060093
    -23.026858       -22.988214       -22.974266       -22.881661       -22.866278
    -22.828966       -22.663371       -22.327695       -22.325390       -22.309259
    -22.276335       -22.252122       -22.212297       -21.938663       -21.919350
    -21.826226       -21.665452       -21.640858       -21.628556       -21.502053
    -21.418410       -21.266562       -21.241505       -21.189603       -21.110871
    -21.079316       -21.069586       -21.027051       -21.021060       -21.010425
    -21.006860       -20.765510       -20.742286       -20.544788       -20.322579
    -18.733861       -18.286083       -18.260832       -18.226925       -18.086031
    -16.296561       -16.074034       -15.942854       -15.915842       -15.833081
    -15.812419       -15.793502       -15.754909       -15.639359       -15.615769
    -15.462395       -15.442625       -15.441191       -15.375920       -15.353274
    -15.221186       -15.216656       -15.210997       -15.200404       -15.147435
    -15.048188       -14.976645       -14.901716       -14.879636       -14.705441
    -14.683869       -14.670228       -14.649611       -14.640934       -14.592802
    -14.563221       -14.495950       -14.429209       -14.410203       -14.324689
    -14.304600       -14.294350       -14.276951       -14.222038       -14.202318
    -13.823751       -13.779407       -13.759436       -13.657325       -13.646590
    -13.625942       -13.574131       -13.557220       -13.521419       -13.504668
    -13.459343       -13.456287       -13.406170       -13.394751       -13.392316
    -13.356313       -13.329331       -13.268780       -13.260061       -13.232064
    -13.185229       -13.155430       -13.152387       -13.133286       -13.091156
    -13.045320       -13.043324       -12.874566       -12.764640       -12.662167
    -12.519866       -12.284391       -12.272985       -12.221671       -12.189665
    -12.119585       -12.036891       -12.024604       -11.968076       -11.956987
    -11.954985       -11.933071       -11.905023       -11.899991       -11.797348
    -11.753159       -11.752476       -11.747218       -11.666362       -11.662438
    -11.629646       -11.598861       -11.529671       -11.527609       -11.513112
    -11.508764       -11.443980       -11.441470       -11.425318       -11.395454
    -11.381336       -11.376125       -11.368529       -11.359658       -11.305225
    -11.238333       -11.188121       -11.104510       -11.091044       -11.066157
    -11.052160       -11.025007       -10.895920       -10.876037       -10.854052
    -10.838447       -10.820861       -10.762741       -10.740363       -10.711245
    -10.696693       -10.680022       -10.652065       -10.591000       -10.582943
    -10.549160       -10.544081       -10.538823       -10.523683       -10.514494
    -10.505550       -10.497653       -10.485547       -10.481834       -10.456845
    -10.455814       -10.432486       -10.392098       -10.387019       -10.355057
    -10.345894       -10.338988       -10.330201       -10.320872       -10.308959
    -10.295485       -10.278931       -10.276728       -10.261697       -10.259057
    -10.252192       -10.238879       -10.236231       -10.225899       -10.217800
    -10.190661       -10.173582       -10.159847       -10.126097       -10.118320
    -10.115410       -10.112519       -10.076210       -10.066373       -10.059793
    -10.055681       -10.046804       -10.036572       -10.023097       -10.013849
    -10.010369        -9.989642        -9.978460        -9.978367        -9.973663
     -9.964156        -9.954936        -9.936874        -9.905129        -9.894114
     -9.884850        -9.882862        -9.880726        -9.851039        -9.849778
     -9.842697        -9.837360        -9.831057        -9.818115        -9.707491
     -9.697963        -9.677643        -9.671541        -9.659202        -9.648695
     -9.641272        -9.606847        -9.591996        -9.590133        -9.586721
     -9.578538        -9.563994        -9.537456        -9.522323        -9.508235
     -9.496246        -9.487213        -9.470546        -9.458204        -9.445508
     -9.441253        -9.432268        -9.410769        -9.401122        -9.389510
     -9.361315        -9.356480        -9.340898        -9.321044        -9.307277
     -9.302074        -9.299648        -9.269687        -9.263705        -9.194756
     -9.191612        -9.183489        -9.170292        -9.162144        -9.147837
     -9.141023        -9.111268        -9.103795        -9.086286        -9.075818
     -9.062394        -9.059810        -9.052710        -9.042126        -9.030056
     -9.025349        -8.999987        -8.990908        -8.979365        -8.961024
     -8.947089        -8.929762        -8.922624        -8.917165        -8.908273
     -8.891242        -8.885324        -8.861281        -8.849727        -8.845763
     -8.806138        -8.799075        -8.783621        -8.774958        -8.758368
     -8.755846        -8.751761        -8.740664        -8.712250        -8.674147
     -8.667354        -8.663354        -8.658643        -8.634847        -8.607553
     -8.582495        -8.565144        -8.490620        -8.455481        -8.451561
     -8.423097        -8.407059        -8.377645        -8.372511        -8.351986
     -8.345772        -8.332612        -8.318450        -8.313904        -8.302383
     -8.289360        -8.265484        -8.239376        -8.217883        -8.172849
     -8.121080        -8.107892        -8.101043        -8.083124        -8.053095
     -8.039419        -8.001557        -7.959113        -7.927422        -7.901384
     -7.853133        -7.827076        -7.809713        -7.797590        -7.786986
     -7.752368        -7.748673        -7.734673        -7.715581        -7.684031
     -7.653477        -7.648515        -7.635701        -7.632690        -7.622580
     -7.609099        -7.574456        -7.554887        -7.534817        -7.511440
     -7.465761        -7.436148        -7.387039        -7.383661        -7.374458
     -7.348274        -7.340163        -7.308455        -7.283954        -7.276023
     -7.244390        -7.239006        -7.227159        -7.224975        -7.203759
     -7.193017        -7.184401        -7.174681        -7.160788        -7.146654
     -7.126658        -7.114995        -7.078121        -7.056923        -7.027017
     -7.004948        -7.001288        -6.985673        -6.980673        -6.971411
     -6.936638        -6.910209        -6.901448        -6.893343        -6.883592
     -6.874648        -6.868636        -6.855074        -6.846508        -6.823324
     -6.815047        -6.811315        -6.804897        -6.800010        -6.788729
     -6.776285        -6.775757        -6.752898        -6.742611        -6.713031
     -6.704664        -6.694960        -6.688143        -6.684716        -6.671996
     -6.656891        -6.649347        -6.639085        -6.627864        -6.604846
     -6.599707        -6.578173        -6.568043        -6.545217        -6.523771
     -6.513906        -6.508646        -6.494600        -6.474751        -6.467998
     -6.459692        -6.457816        -6.454400        -6.448492        -6.434606
     -6.429473        -6.425510        -6.414961        -6.387331        -6.375928
     -6.369469        -6.345321        -6.329118        -6.319843        -6.318457
     -6.306915        -6.297435        -6.289342        -6.279542        -6.275905
     -6.255584        -6.248146        -6.245456        -6.230988        -6.208446
     -6.201982        -6.179487        -6.169775        -6.154564        -6.144292
     -6.138626        -6.107022        -6.087723        -6.085523        -6.076922
     -6.067406        -6.065939        -6.049534        -6.038679        -6.034023
     -6.030590        -6.028218        -6.026294        -6.016291        -6.009366
     -6.004203        -5.990372        -5.982141        -5.976014        -5.969526
     -5.966290        -5.954179        -5.949218        -5.943042        -5.933555
     -5.924550        -5.916444        -5.908283        -5.904881        -5.890220
     -5.882865        -5.877393        -5.867595        -5.857389        -5.848592
     -5.836417        -5.833470        -5.826374        -5.814297        -5.803100
     -5.801543        -5.799146        -5.794326        -5.783782        -5.772453
     -5.765498        -5.763251        -5.751181        -5.744579        -5.737754
     -5.731771        -5.727462        -5.719707        -5.714243        -5.704770
     -5.701065        -5.685475        -5.675835        -5.671290        -5.665445
     -5.660223        -5.649437        -5.637609        -5.632639        -5.622515
     -5.617814        -5.609624        -5.602220        -5.596750        -5.593143
     -5.584078        -5.579160        -5.574811        -5.559317        -5.557104
     -5.546908        -5.544272        -5.543388        -5.535807        -5.528849
     -5.518984        -5.508155        -5.502896        -5.501229        -5.494581
     -5.487480        -5.481391        -5.473189        -5.470350        -5.462892
     -5.447505        -5.436112        -5.427962        -5.425392        -5.422458
     -5.404450        -5.400197        -5.393353        -5.389688        -5.384838
     -5.376192        -5.368010        -5.364955        -5.354201        -5.340467
     -5.330244        -5.319134        -5.304234        -5.298418        -5.289386
     -5.285831        -5.283769        -5.273834        -5.265035        -5.257643
     -5.255934        -5.250081        -5.239641        -5.237122        -5.228920
     -5.219735        -5.215486        -5.201431        -5.192728        -5.188088
     -5.185151        -5.178918        -5.175674        -5.173421        -5.169874
     -5.161679        -5.157187        -5.140797        -5.138539        -5.132721
     -5.129459        -5.122440        -5.118504        -5.109324        -5.105742
     -5.102836        -5.095454        -5.093808        -5.076930        -5.071057
     -5.066639        -5.062871        -5.058286        -5.042289        -5.035894
     -5.030123        -5.026942        -5.020240        -5.006982        -5.002055
     -4.983173        -4.973423        -4.965425        -4.963183        -4.955340
     -4.951989        -4.941503        -4.937535        -4.934436        -4.926794
     -4.922538        -4.915234        -4.908677        -4.903724        -4.887154
     -4.881376        -4.867814        -4.858725        -4.853024        -4.842473
     -4.836175        -4.831667        -4.822946        -4.816103        -4.810814
     -4.806166        -4.801676        -4.799897        -4.788895        -4.778481
     -4.767390        -4.764494        -4.755942        -4.736845        -4.732891
     -4.723198        -4.718519        -4.697139        -4.688690        -4.665155
     -4.640468        -4.626098        -4.617113        -4.608832        -4.597743
     -4.581508        -4.573923        -4.569955        -4.561138        -4.559499
     -4.548908        -4.526736        -4.521776        -4.501303        -4.496222
     -4.473074        -4.461350        -4.446259        -4.442269        -4.439223
     -4.422561        -4.398879        -4.396499        -4.380690        -4.372960
     -4.360043        -4.305487        -4.299557        -4.296645        -4.278691
     -4.247764        -4.237509        -4.218317        -4.197515        -4.186712
     -4.159670        -4.153425        -4.140609        -4.133979        -4.132794
     -4.112185        -4.108060        -4.086689        -4.082286        -4.056676
     -4.036387        -4.026937        -4.006983        -4.001873        -3.983673
     -3.941120        -3.907639        -3.905649        -3.871701        -3.828094
     -3.816419        -3.806066        -3.803305        -3.776324        -3.742422
     -3.737502        -3.707284        -3.690850        -3.671542        -3.660319
     -3.632743        -3.612897        -3.610667        -3.576189        -3.564959
     -3.553182        -3.528431        -3.495438        -3.466455        -3.451453
     -3.437491        -3.413512        -3.399788        -3.393100        -3.375701
     -3.369747        -3.345337        -3.323453        -3.319297        -3.298438
     -3.283881        -3.274375        -3.252088        -3.241115        -3.236025
     -3.223761        -3.219393        -3.198183        -3.193594        -3.165012
     -3.148476        -3.133676        -3.111715        -3.106820        -3.090517
     -3.085455        -3.057287        -3.052154        -3.022927        -3.019793
     -3.009892        -2.977418        -2.972498        -2.941420        -2.903607
     -2.891076        -2.876463        -2.861103        -2.851806        -2.817973
     -2.816900        -2.808612        -2.802073        -2.782718        -2.781414
     -2.771840        -2.725510        -2.692384        -2.690130        -2.661348
     -2.651442        -2.634957        -2.613904        -2.599166        -2.582060
     -2.571380        -2.569223        -2.536871        -2.517285        -2.507931
     -2.494788        -2.458463        -2.430408        -2.404395        -2.400811
     -2.394398        -2.369489        -2.362841        -2.332165        -2.322840
     -2.313832        -2.291384        -2.268047        -2.229120        -2.174009
     -2.140887        -2.094900        -2.033107        -2.010804        -1.989414
     -1.980884        -1.976807        -1.929110        -1.863816        -1.663724
      2.368752         2.387714         2.650829         2.753063         2.756937
      2.900509         3.180371         3.201094         3.219323         3.273173
      3.414441         3.454757         3.468778         3.519452         3.574222
      3.600797         3.664227         3.724267         3.748216         3.798445
      3.831960         3.842240         3.925264         3.935424         3.963496
      3.977817         3.989400         4.029125         4.070442         4.073600
      4.103951         4.136225         4.150198         4.190436         4.208635
      4.222575         4.238352         4.259765         4.271353         4.298560
      4.321057         4.346716         4.371302         4.374753         4.389918
      4.405931         4.464059         4.494129         4.520420         4.550545
      4.575066         4.586032         4.615875         4.637711         4.644943
      4.682996         4.706581         4.730470
 *********************************
 total computation time (sec)=   1996.87637209892     
