 AEM_Eatom=  1.909620612864039E-002
 AEM_Egroup=  2.945369449954510E-003
 AEM_Etot=  7.604902460762037E-004
 AEM_F=  0.501780738050346     
