 AEM_Eatom=  0.234155348046852     
 AEM_Egroup=  2.323712602906695E-002
 AEM_Etot=  1.156246202332582E-002
 AEM_F=  0.678146741974367     
