           4           1
 PRECISION  = SINGLE     
 JOB       = SCF
 IN.PSP1   = /home/sabs/shenjie/Pseudopotential/Li.nc.pbe.UPF
 IN.PSP2   = /home/sabs/shenjie/Pseudopotential/C.nc.pbe.UPF
 IN.PSP3   = /home/sabs/shenjie/Pseudopotential/O.nc.pbe.UPF
 IN.PSP4   = /home/sabs/shenjie/Pseudopotential/N.nc.pbe.UPF
 IN.PSP5   = /home/sabs/shenjie/Pseudopotential/S.nc.pbe.UPF
 IN.PSP6   = /home/sabs/shenjie/Pseudopotential/F.nc.pbe.UPF
 IN.PSP7   = /home/sabs/shenjie/Pseudopotential/H.nc.pbe.UPF
 IN.PSP8   = /home/sabs/shenjie/Pseudopotential/P.nc.pbe.UPF
 IN.ATOM   = atom.config         
 CONVERGENCE  = EASY
 ACCURACY  = NORM
 VFF_DETAIL =   1   500  0.50000000E-02     30.00000     4.00000     0.00000     1.00000  
 EGG_DETAIL =            3           3           3
 SPIN      =   1
 CONSTRAINT_MAG =           0
 RANDOM_SEED=           0
 QIJ_DETAIL =   0  1
 SCF_MIX = CHARGE
 PWSCF_OUTPUT     =  F
 Ecut      =    60.0000000000000     
 Ecut2     =    120.000000000000     
 Ecut2L    =    120.000000000000     
 EcutP    =    60.0000000000000     
 N123      =   120   120   120
 NS123     =    40    40    40
 N123L     =   120   120   120
 STRESS_CORR =   0.100000E+01  0.000000E+00  0.200000E+01  0.000000E+00
 XCFUNCTIONAL = LDA
 HSE_DETAIL    =      1.00000000    1     0.00000000    6 1 1
 RELAX_HSE    =    20   0.50000E-01     2
 VDW       = NONE
 LONDON_S6      =   0.000000000000000E+000
 LONDON_C6(1)      =   -1.00000000000000     
 LONDON_C6(2)      =   -1.00000000000000     
 LONDON_C6(3)      =   -1.00000000000000     
 LONDON_C6(4)      =   -1.00000000000000     
 LONDON_C6(5)      =   -1.00000000000000     
 LONDON_C6(6)      =   -1.00000000000000     
 LONDON_C6(7)      =   -1.00000000000000     
 LONDON_C6(8)      =   -1.00000000000000     
 LONDON_RCUT      =   0.000000000000000E+000
 DFTD3_S6        =   0.000000000000000E+000
 DFTD3_RS6        =   0.000000000000000E+000
 DFTD3_S18        =   0.000000000000000E+000
 DFTD3_RS18        =   0.000000000000000E+000
 DFTD3_ALPHA6        =   0.000000000000000E+000
 DFTD3_VERSION        =            0
 DFTD3_3BODY        =  F
 COULOMB   =    0
 IN.WG     =  F
 OUT.WG    =  F
 IN.RHO    =  F
 OUT.RHOATOM =  F
 OUT.RHO   =  F
 IN.VR     =  F
 OUT.VR    =  F
 OUT.ELF   =  F
 IN.VEXT   =  F
 OUT.VATOM   =  F
 OUT.FORCE =  T
 OUT.STRESS =  F
 IN.KPT    =  F
 IN.SYMM   =  F
 SYMM_PREC =    0.10000E-04
 MP_N123 =      1      1      1      0      0      0      0
 NUM_KPT =            1
 CHARGE_DECOMP = F
 ENERGY_DECOMP = F 
 IN.SOLVENT =  F
 NUM_ELECTRON =   1940.00000000000     
 FIX_FERMI =   F  0.000000E+00  0.000000E+00  0.000000E+00
 IN.NONSCF    =  F
 NUM_BAND  =  1028
 OUT.REAL.RHOWF_SP= 0
 WG_ERROR  =   1.000000000000000E-004
 E_ERROR   =   5.279008887880000E-003
 RHO_ERROR =   5.000000000000000E-005
 RHO_RELATIVE_ERROR      =   0.000000000000000E+000
 FORCE_RELATIVE_ERROR     =   0.000000000000000E+000
 MIN_SCF_ITER     =            1
 SYS_TYPE   =            1
 PULAY_MIX_OPT =     30  1  0       1.00000       0.00000
 PULAY_METRIC_Q0 =       -1.00000
 IN.OCC    =  F          -1
 IN.CC    =  F
 IN.OCC_ADIA    =  F
 SCF_ITER0_1 =    6   4    3    0.0000     0.02500    1
 SCF_ITER0_2 =   94   4    3    1.0000     0.02500    1
 SCF_ITER1_1 =   40   4    3    1.0000     0.02500    1
 NONLOCAL  =  2
 IN.A_FIELD =  F       0.00000       0.00000       0.00000
 RCUT      =    4.00000000000000     
 IN.PSP_RCUT1 =   4.00000000000000     
 IN.PSP_RCUT2 =   4.00000000000000     
 IN.PSP_RCUT3 =   4.00000000000000     
 IN.PSP_RCUT4 =   4.00000000000000     
 IN.PSP_RCUT5 =   4.00000000000000     
 IN.PSP_RCUT6 =   4.00000000000000     
 IN.PSP_RCUT7 =   4.00000000000000     
 IN.PSP_RCUT8 =   4.00000000000000     
 MD_VV_SCALE =    100
 LDAU_PSP1   =           -1  2.721138638331097E-009  2.721138638331097E-009  eV
 LDAU_PSP2   =           -1  2.721138638331097E-009  2.721138638331097E-009  eV
 LDAU_PSP3   =           -1  2.721138638331097E-009  2.721138638331097E-009  eV
 LDAU_PSP4   =           -1  2.721138638331097E-009  2.721138638331097E-009  eV
 LDAU_PSP5   =           -1  2.721138638331097E-009  2.721138638331097E-009  eV
 LDAU_PSP6   =           -1  2.721138638331097E-009  2.721138638331097E-009  eV
 LDAU_PSP7   =           -1  2.721138638331097E-009  2.721138638331097E-009  eV
 LDAU_PSP8   =           -1  2.721138638331097E-009  2.721138638331097E-009  eV
 NUM_BLOCKED_PSI=  F
 WF_STORE2DISK  =            0
 NUM_DOS_GRID =         4000
 NMAP_MAX =        50000
 KERK_AMIN =   0.300000000000000     
 KERK_AMIX =   0.400000000000000     
 KERK_AMIX_MAG =   0.800000000000000     
 KERK_BMIX =   0.500000000000000     
 LDAU_MIX =   0.700000000000000     
 PULAY_WEIGHT_SPIN =    1.00000000000000     
 PULAY_WEIGHT_NS =    1.00000000000000     
 OUT.MLMD    =  F
 NUM_MPI_PER_GPU =     1
 FLAG_CYLINDER =            0
 SET_OUT_FERMI_POS =  F           0
 E_FINITE =  F   0.00000E+00   0.00000E+00   0.00000E+00
 MLINE_EIGEN =      1
 
 ------------------------------------------------
 total number of K-point:           1
   0.00000     0.00000    0.00000     1.00000            
 ------------------------------------------------
 
 
 *********************************************
 *********** end of etot.input report ********
 minimum n1,n2,n3 from Ecut2
     118.970      119.148      119.089
 minimum n1L,n2L,n3L from Ecut2L
     118.970      119.148      119.089
 *********************************************
 
 
Weighted average num_of_PW for all kpoint=                       312673.000
 ************************************
 E_Hxc(eV)         50998.6031837532     
 E_ion(eV)        -222748.981187891     
 E_Coul(eV)        79288.0355744446     
 E_Hxc+E_ion(eV)  -171750.378004137     
 NONSCF     1          AVE_STATE_ERROR= 0.5919E+01
 NONSCF     2          AVE_STATE_ERROR= 0.1631E+01
 NONSCF     3          AVE_STATE_ERROR= 0.5084E+00
 NONSCF     4          AVE_STATE_ERROR= 0.9500E-01
 NONSCF     5          AVE_STATE_ERROR= 0.1573E-01
 NONSCF     6          AVE_STATE_ERROR= 0.3019E-02
 iter=   7   ave_lin=  4.0  iCGmth=   3
 Ef(eV)               = -.1095638E+01
 err of ug            = 0.1187E-02
 dv_ave, drho_tot     = 0.0000E+00 0.1220E+00
 E_tot(eV)            = -.13304318226014E+06    -.1330E+06
 -------------------------------------------
 iter=   8   ave_lin=  4.0  iCGmth=   3
 Ef(eV)               = -.1220989E+01
 err of ug            = 0.1069E-01
 dv_ave, drho_tot     = 0.1716E-01 0.7042E-01
 E_tot(eV)            = -.13293898963286E+06    0.1042E+03
 -------------------------------------------
 iter=   9   ave_lin=  4.0  iCGmth=   3
 Ef(eV)               = -.8514163E+00
 err of ug            = 0.6557E-02
 dv_ave, drho_tot     = 0.1363E-01 0.3041E-01
 E_tot(eV)            = -.13290700708542E+06    0.3198E+02
 -------------------------------------------
 iter=  10   ave_lin=  4.0  iCGmth=   3
 Ef(eV)               = -.7791406E+00
 err of ug            = 0.2096E-02
 dv_ave, drho_tot     = 0.6950E-02 0.1060E-01
 E_tot(eV)            = -.13290161631365E+06    0.5391E+01
 -------------------------------------------
 iter=  11   ave_lin=  4.0  iCGmth=   3
 Ef(eV)               = -.7512070E+00
 err of ug            = 0.5503E-03
 dv_ave, drho_tot     = 0.3006E-02 0.6032E-02
 E_tot(eV)            = -.13290095409765E+06    0.6622E+00
 -------------------------------------------
 iter=  12   ave_lin=  4.0  iCGmth=   3
 Ef(eV)               = -.7049339E+00
 err of ug            = 0.3162E-03
 dv_ave, drho_tot     = 0.3525E-02 0.3648E-02
 E_tot(eV)            = -.13290043396291E+06    0.5201E+00
 -------------------------------------------
 iter=  13   ave_lin=  4.0  iCGmth=   3
 Ef(eV)               = -.6539719E+00
 err of ug            = 0.3552E-03
 dv_ave, drho_tot     = 0.3944E-02 0.2825E-02
 E_tot(eV)            = -.13289994935874E+06    0.4846E+00
 -------------------------------------------
 iter=  14   ave_lin=  4.0  iCGmth=   3
 Ef(eV)               = -.5794418E+00
 err of ug            = 0.3336E-03
 dv_ave, drho_tot     = 0.5371E-02 0.2237E-02
 E_tot(eV)            = -.13289950593503E+06    0.4434E+00
 -------------------------------------------
 iter=  15   ave_lin=  4.0  iCGmth=   3
 Ef(eV)               = -.4185535E+00
 err of ug            = 0.3449E-03
 dv_ave, drho_tot     = 0.6214E-02 0.1791E-02
 E_tot(eV)            = -.13289919084382E+06    0.3151E+00
 -------------------------------------------
 iter=  16   ave_lin=  4.0  iCGmth=   3
 Ef(eV)               = -.4054903E+00
 err of ug            = 0.2592E-03
 dv_ave, drho_tot     = 0.4318E-02 0.1365E-02
 E_tot(eV)            = -.13289910461205E+06    0.8623E-01
 -------------------------------------------
 iter=  17   ave_lin=  4.0  iCGmth=   3
 Ef(eV)               = -.3850633E+00
 err of ug            = 0.1942E-03
 dv_ave, drho_tot     = 0.3612E-02 0.1055E-02
 E_tot(eV)            = -.13289907291267E+06    0.3170E-01
 -------------------------------------------
 iter=  18   ave_lin=  4.0  iCGmth=   3
 Ef(eV)               = -.3770347E+00
 err of ug            = 0.1262E-03
 dv_ave, drho_tot     = 0.2799E-02 0.7868E-03
 E_tot(eV)            = -.13289905564512E+06    0.1727E-01
 -------------------------------------------
 iter=  19   ave_lin=  4.0  iCGmth=   3
 Ef(eV)               = -.3355159E+00
 err of ug            = 0.1078E-03
 dv_ave, drho_tot     = 0.2405E-02 0.5967E-03
 E_tot(eV)            = -.13289903826656E+06    0.1738E-01
 -------------------------------------------
 iter=  20   ave_lin=  4.0  iCGmth=   3
 Ef(eV)               = -.2968647E+00
 err of ug            = 0.9311E-04
 dv_ave, drho_tot     = 0.2322E-02 0.4501E-03
 E_tot(eV)            = -.13289902631849E+06    0.1195E-01
 -------------------------------------------
 iter=  21   ave_lin=  4.0  iCGmth=   3
 Ef(eV)               = -.2752769E+00
 err of ug            = 0.6310E-04
 dv_ave, drho_tot     = 0.1058E-02 0.3756E-03
 E_tot(eV)            = -.13289901909935E+06    0.7219E-02
 -------------------------------------------
 iter=  22   ave_lin=  4.0  iCGmth=   3
 Ef(eV)               = -.2636585E+00
 err of ug            = 0.6672E-04
 dv_ave, drho_tot     = 0.1072E-02 0.3055E-03
 E_tot(eV)            = -.13289901236819E+06    0.6731E-02
 -------------------------------------------
 iter=  23   ave_lin=  4.0  iCGmth=   3
 Ef(eV)               = -.2659789E+00
 err of ug            = 0.4772E-04
 dv_ave, drho_tot     = 0.7138E-03 0.2482E-03
 E_tot(eV)            = -.13289900958533E+06    0.2783E-02
 -------------------------------------------
 E_Fermi(eV)= -0.265978898301889     
 ---------------------------------------------------
 Ef(eV)               = -.2659789E+00
 dvE, dvE(n)-dvE(n-1) = 0.5095E-06 -.6388E-06
 dv_ave, drho_tot     = 0.7138E-03 0.2482E-03
 err of ug            = 0.4772E-04
 ---------------------------------------------------
 ending_scf_reason = tol Etot_err  5.279008887880000E-003
 Ewald        = -.40843750300722E+05
 Alpha        = 0.15207970391171E+04
 E_extV       = 0.00000000000000E+00    0.0000E+00
 E_NSC        = -.21493781124217E+05    0.5908E+00
 E[-rho*V_Hxc]= -.12430440476906E+06    -.5880E+00
 E_Hxc        = 0.52222129569558E+05    0.5878E+00
 -TS          = -.35505862133968E-26    0.0000E+00
 E_tot(eV)    = -.13289900958533E+06    0.2783E-02
 E_tot(Ryd)   = -.97678971212746E+04    0.1023E-03
 ---------------------------------------------------
 ---------------------------------------------------
 occup for:      kpt=1,spin=1,m=(totN/2-2,totN/2+2)
   1.000    1.000    1.000    0.000    0.000
 eigen(eV) for:  kpt=1,spin=1,m=(totN/2-2,totN/2+2)
  -1.930   -1.854   -1.680    2.364    2.424
 ---------------------------------------------------
 ---------------------------------------------------
 E_Hart,E_xc,E_ion =0.81033854192758E+05  -.28811724623200E+05  -.22523298118547E+06
 E_Hxc+E_ion       =-.17301085161591E+06
 E_kin+E_nonloc    =0.79434795292190E+05
 E_rhoVext,E_IVext     =0.00000000000000E+00  0.00000000000000E+00
 E_psiV,E_dDrho =-.10092862616212E+06  0.00000000000000E+00
 ave(vtot):v0 =-.76972088475478E+01
 ave(V_ion_s(or p,d))=ave(V_Hatree)=0; ave(Vtot)=ave(V_xc)=v0
 ---------------------------------------------------
 *********************************
 Eigen energies are values after setting ave(Vtot)=0
 For Vtot=V_ion+V_Hartree+V_xc, and
 ave(V_ion+V_Hatree)=0, ave(V_xc).ne.0:  E=E+v0
 *********************************
iislda,kpt=   1,    1      0.000000     0.000000     0.000000             kpoint in xyz unit 
 err of each states, A.U
  0.175681E-03     0.695182E-03     0.712853E-04     0.213732E-04     0.207956E-04
  0.390680E-04     0.187988E-04     0.211594E-04     0.648143E-04     0.284674E-04
  0.156653E-04     0.228089E-04     0.172920E-04     0.159227E-04     0.278030E-04
  0.223559E-04     0.248908E-04     0.149822E-04     0.148686E-04     0.121459E-04
  0.213445E-04     0.146637E-04     0.559499E-04     0.322674E-04     0.164946E-04
  0.262026E-04     0.135933E-04     0.156598E-04     0.394883E-04     0.379710E-04
  0.287422E-04     0.370949E-04     0.993432E-04     0.182867E-04     0.146154E-04
  0.398606E-04     0.219754E-04     0.236237E-04     0.334647E-04     0.159014E-04
  0.225623E-04     0.300339E-04     0.115680E-04     0.667281E-04     0.445003E-04
  0.150533E-04     0.274678E-04     0.173333E-04     0.371459E-04     0.196776E-04
  0.457833E-04     0.354324E-04     0.166291E-04     0.235541E-04     0.141737E-04
  0.182172E-04     0.175927E-04     0.453517E-04     0.366667E-04     0.146826E-04
  0.161559E-04     0.233487E-04     0.441174E-04     0.185348E-04     0.164355E-04
  0.127910E-04     0.178624E-04     0.249503E-04     0.176877E-04     0.134149E-04
  0.132529E-04     0.270016E-04     0.175731E-04     0.361341E-04     0.345019E-04
  0.132047E-04     0.554921E-04     0.177252E-04     0.135448E-04     0.128413E-04
  0.268765E-04     0.148481E-04     0.253687E-04     0.200810E-04     0.140757E-04
  0.461822E-04     0.198040E-04     0.159246E-04     0.109248E-04     0.135763E-04
  0.128213E-04     0.423985E-04     0.111992E-04     0.126240E-04     0.268313E-04
  0.270595E-04     0.117170E-04     0.435500E-04     0.209887E-04     0.123333E-04
  0.570581E-04     0.325515E-04     0.106573E-04     0.150680E-04     0.116315E-04
  0.168463E-04     0.151153E-04     0.120471E-04     0.173900E-04     0.145691E-04
  0.208945E-04     0.398065E-04     0.246840E-04     0.121227E-04     0.315775E-04
  0.187291E-04     0.157244E-04     0.137182E-04     0.155598E-04     0.103630E-04
  0.132941E-04     0.166119E-04     0.544350E-04     0.197786E-04     0.166261E-04
  0.204604E-04     0.948153E-04     0.121524E-04     0.170426E-04     0.151320E-04
  0.154690E-04     0.121456E-04     0.140228E-04     0.111319E-04     0.177196E-04
  0.799052E-04     0.188912E-04     0.327401E-04     0.577440E-04     0.234710E-04
  0.278343E-04     0.155959E-04     0.110147E-04     0.226225E-04     0.135404E-04
  0.167984E-04     0.159021E-04     0.112609E-04     0.134547E-04     0.700592E-04
  0.198170E-04     0.437816E-04     0.277526E-04     0.124986E-04     0.128331E-04
  0.308605E-04     0.163096E-04     0.432425E-04     0.232387E-04     0.325638E-04
  0.142505E-04     0.118319E-04     0.218985E-04     0.216376E-04     0.209798E-04
  0.131825E-04     0.220574E-04     0.193135E-04     0.124788E-04     0.530567E-04
  0.173180E-04     0.231236E-04     0.986321E-05     0.200473E-04     0.591264E-04
  0.142117E-04     0.317514E-04     0.345114E-04     0.969430E-05     0.104981E-04
  0.935111E-05     0.196752E-04     0.104912E-04     0.174848E-04     0.122104E-04
  0.135310E-04     0.109108E-04     0.135340E-04     0.147078E-04     0.981777E-05
  0.115438E-04     0.199537E-04     0.241796E-04     0.219420E-04     0.936056E-05
  0.175049E-04     0.134246E-04     0.119956E-04     0.207085E-04     0.172473E-04
  0.147940E-04     0.102401E-04     0.101485E-04     0.106755E-04     0.196722E-04
  0.154570E-04     0.146501E-04     0.273718E-04     0.300236E-04     0.111534E-04
  0.135577E-04     0.106328E-04     0.134279E-04     0.145057E-04     0.161509E-04
  0.220074E-04     0.173430E-04     0.208267E-04     0.186182E-04     0.159195E-04
  0.144783E-04     0.138418E-04     0.181188E-04     0.136509E-04     0.113366E-04
  0.106293E-04     0.182051E-04     0.154874E-04     0.853348E-05     0.142375E-04
  0.115185E-04     0.180977E-04     0.112410E-04     0.145262E-04     0.133076E-04
  0.126233E-04     0.161781E-04     0.113966E-04     0.131793E-04     0.997429E-05
  0.185210E-04     0.145038E-04     0.167216E-04     0.992919E-05     0.145757E-04
  0.175812E-04     0.184976E-04     0.171191E-04     0.127686E-04     0.118288E-04
  0.213553E-04     0.232639E-04     0.126782E-04     0.149434E-04     0.125600E-04
  0.137716E-04     0.158966E-04     0.175130E-04     0.202387E-04     0.121844E-04
  0.166855E-04     0.165825E-04     0.115933E-04     0.134949E-04     0.155119E-04
  0.132776E-04     0.194209E-04     0.156718E-04     0.213375E-04     0.243552E-04
  0.159588E-04     0.198826E-04     0.131364E-04     0.153889E-04     0.227719E-04
  0.139894E-04     0.139428E-04     0.156783E-04     0.159289E-04     0.303064E-04
  0.204511E-04     0.207771E-04     0.192611E-04     0.195252E-04     0.157838E-04
  0.126307E-04     0.230917E-04     0.130290E-04     0.171192E-04     0.154824E-04
  0.140871E-04     0.206240E-04     0.186278E-04     0.174173E-04     0.239724E-04
  0.229119E-04     0.182496E-04     0.178217E-04     0.136431E-04     0.176471E-04
  0.198232E-04     0.194876E-04     0.249626E-04     0.161706E-04     0.174904E-04
  0.142952E-04     0.238828E-04     0.131437E-04     0.191099E-04     0.143870E-04
  0.152388E-04     0.154201E-04     0.309184E-04     0.353808E-04     0.158421E-04
  0.138319E-04     0.221831E-04     0.202278E-04     0.195301E-04     0.188226E-04
  0.219567E-04     0.244072E-04     0.328917E-04     0.254399E-04     0.220301E-04
  0.208248E-04     0.208056E-04     0.215979E-04     0.204622E-04     0.196945E-04
  0.202564E-04     0.232676E-04     0.178050E-04     0.145092E-04     0.166311E-04
  0.259831E-04     0.246628E-04     0.238460E-04     0.178025E-04     0.175554E-04
  0.218652E-04     0.166029E-04     0.137597E-04     0.184431E-04     0.179344E-04
  0.190139E-04     0.171269E-04     0.125694E-04     0.233541E-04     0.182728E-04
  0.147410E-04     0.198503E-04     0.235564E-04     0.229865E-04     0.207882E-04
  0.186800E-04     0.175127E-04     0.227838E-04     0.228408E-04     0.207267E-04
  0.235863E-04     0.253010E-04     0.197977E-04     0.168793E-04     0.192435E-04
  0.183162E-04     0.178113E-04     0.149451E-04     0.235443E-04     0.193539E-04
  0.204289E-04     0.199955E-04     0.152379E-04     0.210663E-04     0.203901E-04
  0.247859E-04     0.238306E-04     0.139258E-04     0.233569E-04     0.179788E-04
  0.155682E-04     0.202348E-04     0.294005E-04     0.229855E-04     0.223807E-04
  0.209929E-04     0.297201E-04     0.190962E-04     0.244298E-04     0.196065E-04
  0.175342E-04     0.209942E-04     0.201084E-04     0.221987E-04     0.180304E-04
  0.186475E-04     0.189006E-04     0.202830E-04     0.226029E-04     0.280469E-04
  0.197265E-04     0.251112E-04     0.292875E-04     0.250241E-04     0.158719E-04
  0.212841E-04     0.244452E-04     0.186595E-04     0.238970E-04     0.257046E-04
  0.199403E-04     0.212805E-04     0.243446E-04     0.216640E-04     0.205622E-04
  0.197805E-04     0.192729E-04     0.210658E-04     0.226830E-04     0.196978E-04
  0.205068E-04     0.235598E-04     0.318614E-04     0.225012E-04     0.208529E-04
  0.205440E-04     0.299867E-04     0.239579E-04     0.286915E-04     0.246246E-04
  0.276910E-04     0.194799E-04     0.272601E-04     0.241038E-04     0.216074E-04
  0.208882E-04     0.200409E-04     0.239033E-04     0.267028E-04     0.275749E-04
  0.262581E-04     0.247537E-04     0.247813E-04     0.211978E-04     0.255430E-04
  0.423543E-04     0.300393E-04     0.300143E-04     0.199817E-04     0.229649E-04
  0.197036E-04     0.204533E-04     0.181516E-04     0.139665E-04     0.279306E-04
  0.317191E-04     0.318696E-04     0.272303E-04     0.201117E-04     0.153609E-04
  0.240030E-04     0.220257E-04     0.279242E-04     0.263809E-04     0.184379E-04
  0.134704E-04     0.312993E-04     0.157679E-04     0.203628E-04     0.211569E-04
  0.188356E-04     0.175714E-04     0.173382E-04     0.216073E-04     0.186596E-04
  0.324608E-04     0.191954E-04     0.216880E-04     0.290192E-04     0.206987E-04
  0.247370E-04     0.163708E-04     0.170915E-04     0.187707E-04     0.312567E-04
  0.203350E-04     0.219475E-04     0.182519E-04     0.201398E-04     0.190590E-04
  0.149511E-04     0.163256E-04     0.172683E-04     0.156922E-04     0.148475E-04
  0.185841E-04     0.153819E-04     0.127558E-04     0.171469E-04     0.196533E-04
  0.151270E-04     0.166398E-04     0.164499E-04     0.168866E-04     0.122674E-04
  0.133432E-04     0.199838E-04     0.150859E-04     0.151645E-04     0.202849E-04
  0.181968E-04     0.157948E-04     0.191892E-04     0.179051E-04     0.262258E-04
  0.152473E-04     0.277006E-04     0.170389E-04     0.219834E-04     0.164187E-04
  0.175448E-04     0.214202E-04     0.171721E-04     0.182082E-04     0.156187E-04
  0.202290E-04     0.238067E-04     0.158673E-04     0.189989E-04     0.177274E-04
  0.199418E-04     0.163999E-04     0.152114E-04     0.201758E-04     0.157855E-04
  0.230445E-04     0.208626E-04     0.254439E-04     0.206713E-04     0.223640E-04
  0.269992E-04     0.174268E-04     0.228127E-04     0.210372E-04     0.159921E-04
  0.155900E-04     0.210501E-04     0.186682E-04     0.204366E-04     0.206157E-04
  0.228590E-04     0.170212E-04     0.161456E-04     0.210689E-04     0.194476E-04
  0.195110E-04     0.215625E-04     0.182507E-04     0.202176E-04     0.330907E-04
  0.187764E-04     0.251010E-04     0.204466E-04     0.240909E-04     0.189270E-04
  0.177703E-04     0.149779E-04     0.204675E-04     0.202162E-04     0.219948E-04
  0.187210E-04     0.186523E-04     0.188911E-04     0.185248E-04     0.208252E-04
  0.225583E-04     0.196452E-04     0.223853E-04     0.197879E-04     0.196917E-04
  0.212027E-04     0.214265E-04     0.161068E-04     0.155621E-04     0.145881E-04
  0.192002E-04     0.133310E-04     0.137841E-04     0.187303E-04     0.187738E-04
  0.166234E-04     0.191694E-04     0.194332E-04     0.210832E-04     0.170266E-04
  0.216276E-04     0.165990E-04     0.194353E-04     0.201821E-04     0.203235E-04
  0.214919E-04     0.220565E-04     0.194554E-04     0.162261E-04     0.192045E-04
  0.190819E-04     0.191910E-04     0.222088E-04     0.202128E-04     0.166948E-04
  0.206639E-04     0.191250E-04     0.191260E-04     0.187532E-04     0.200112E-04
  0.185116E-04     0.162899E-04     0.162977E-04     0.244615E-04     0.205831E-04
  0.171067E-04     0.193343E-04     0.242285E-04     0.187732E-04     0.203150E-04
  0.191461E-04     0.197887E-04     0.201141E-04     0.156287E-04     0.157718E-04
  0.202934E-04     0.199496E-04     0.176869E-04     0.184934E-04     0.201825E-04
  0.173300E-04     0.177962E-04     0.191352E-04     0.199269E-04     0.192082E-04
  0.175632E-04     0.172528E-04     0.170389E-04     0.172682E-04     0.181957E-04
  0.206841E-04     0.214500E-04     0.263287E-04     0.210772E-04     0.220122E-04
  0.212251E-04     0.210183E-04     0.226528E-04     0.201568E-04     0.199022E-04
  0.227902E-04     0.220631E-04     0.225913E-04     0.219592E-04     0.190275E-04
  0.188460E-04     0.229665E-04     0.184461E-04     0.196705E-04     0.198614E-04
  0.229535E-04     0.255870E-04     0.227629E-04     0.263945E-04     0.253352E-04
  0.228018E-04     0.171052E-04     0.225833E-04     0.199601E-04     0.239988E-04
  0.212111E-04     0.228779E-04     0.242418E-04     0.190050E-04     0.226005E-04
  0.220606E-04     0.186032E-04     0.273954E-04     0.245244E-04     0.227554E-04
  0.218731E-04     0.227663E-04     0.229797E-04     0.213232E-04     0.236282E-04
  0.217538E-04     0.206916E-04     0.263986E-04     0.244829E-04     0.243207E-04
  0.240216E-04     0.223240E-04     0.223064E-04     0.221683E-04     0.228560E-04
  0.233771E-04     0.238551E-04     0.252955E-04     0.249700E-04     0.246347E-04
  0.228951E-04     0.234103E-04     0.223987E-04     0.231877E-04     0.270486E-04
  0.260081E-04     0.264103E-04     0.243410E-04     0.228027E-04     0.285424E-04
  0.258350E-04     0.251843E-04     0.259373E-04     0.311912E-04     0.237831E-04
  0.247296E-04     0.216025E-04     0.268341E-04     0.240444E-04     0.284488E-04
  0.269488E-04     0.247647E-04     0.226035E-04     0.214259E-04     0.217910E-04
  0.195246E-04     0.213571E-04     0.212824E-04     0.220955E-04     0.231835E-04
  0.232014E-04     0.253372E-04     0.282012E-04     0.320709E-04     0.276498E-04
  0.274887E-04     0.260107E-04     0.272352E-04     0.295754E-04     0.259571E-04
  0.265345E-04     0.324594E-04     0.249677E-04     0.316717E-04     0.249622E-04
  0.269162E-04     0.259217E-04     0.268145E-04     0.328710E-04     0.303290E-04
  0.230897E-04     0.235886E-04     0.273381E-04     0.259794E-04     0.249687E-04
  0.244898E-04     0.214820E-04     0.272919E-04     0.340268E-04     0.307021E-04
  0.234794E-04     0.281679E-04     0.283924E-04     0.300629E-04     0.239098E-04
  0.308874E-04     0.224271E-04     0.260661E-04     0.224597E-04     0.261996E-04
  0.377830E-04     0.280710E-04     0.295052E-04     0.262100E-04     0.274549E-04
  0.218538E-04     0.244647E-04     0.269710E-04     0.264013E-04     0.256108E-04
  0.287899E-04     0.293552E-04     0.268188E-04     0.205271E-04     0.279078E-04
  0.270217E-04     0.265590E-04     0.242488E-04     0.248934E-04     0.241760E-04
  0.251734E-04     0.171139E-04     0.240162E-04     0.256708E-04     0.322226E-04
  0.280036E-04     0.226050E-04     0.233503E-04     0.278211E-04     0.229596E-04
  0.224750E-04     0.257099E-04     0.377551E-04     0.254245E-04     0.358159E-04
  0.229908E-04     0.289287E-04     0.194294E-04     0.221019E-04     0.230887E-04
  0.193576E-04     0.212385E-04     0.236383E-04     0.227938E-04     0.227738E-04
  0.255737E-04     0.273820E-04     0.296457E-04     0.248809E-04     0.242405E-04
  0.251513E-04     0.259540E-04     0.279512E-04     0.320548E-04     0.241848E-04
  0.306690E-04     0.267866E-04     0.283680E-04     0.294835E-04     0.240968E-04
  0.385657E-04     0.341809E-04     0.333283E-04     0.273581E-04     0.274350E-04
  0.284486E-04     0.271412E-04     0.219627E-04     0.299029E-04     0.264166E-04
  0.290258E-04     0.274999E-04     0.291155E-04     0.224600E-04     0.195998E-04
  0.256272E-04     0.357350E-04     0.300793E-04     0.271265E-04     0.277286E-04
  0.286414E-04     0.263852E-04     0.267618E-04     0.237223E-04     0.306601E-04
  0.314588E-04     0.211113E-04     0.381334E-04     0.447581E-04     0.207501E-04
  0.245993E-04     0.262753E-04     0.396069E-04     0.246819E-04     0.214635E-04
  0.253799E-04     0.330771E-04     0.202403E-04     0.254831E-04     0.413370E-04
  0.307064E-04     0.253804E-04     0.314704E-04     0.226272E-04     0.523876E-04
  0.376302E-04     0.613714E-04     0.300148E-04     0.240036E-04     0.403778E-04
  0.324357E-04     0.407921E-04     0.298961E-04     0.313672E-04     0.286286E-04
  0.311467E-04     0.336216E-04     0.291628E-04     0.426994E-04     0.330750E-04
  0.375769E-04     0.339244E-04     0.242794E-04     0.361483E-04     0.308314E-04
  0.358319E-04     0.326343E-04     0.230862E-04     0.277750E-04     0.516940E-04
  0.252120E-04     0.394767E-04     0.235549E-04     0.573618E-04     0.234266E-04
  0.277164E-04     0.251982E-04     0.173512E-04     0.243587E-04     0.364425E-04
  0.189432E-04     0.253971E-04     0.482330E-04     0.264230E-04     0.250924E-04
  0.293301E-04     0.386368E-04     0.450902E-04     0.322226E-04     0.315336E-04
  0.331969E-04     0.298970E-04     0.268998E-04     0.379595E-04     0.228018E-04
  0.236527E-04     0.226889E-04     0.448678E-04     0.417194E-04     0.306875E-04
  0.245011E-04     0.311631E-04     0.465432E-04     0.286260E-04     0.385717E-04
  0.284880E-04     0.409039E-04     0.343308E-04     0.289886E-04     0.297669E-04
  0.186584E-04     0.278768E-04     0.315923E-04     0.322092E-04     0.270823E-04
  0.349272E-04     0.265668E-04     0.270700E-04     0.285774E-04     0.322976E-04
  0.224590E-04     0.337139E-04     0.249902E-04     0.392068E-04     0.320226E-04
  0.364947E-04     0.323990E-04     0.304197E-04     0.394974E-04     0.356320E-04
  0.201498E-04     0.290442E-04     0.300944E-04     0.347311E-04     0.194289E-04
  0.492621E-04     0.878963E-04     0.125060E-03     0.857215E-04     0.182571E-03
  0.917348E-04     0.197838E-03     0.126254E-03     0.101305E-03     0.251025E-03
  0.349558E-03     0.189079E-03     0.414224E-03     0.293208E-03     0.445296E-03
  0.604148E-03     0.643059E-03     0.440722E-03     0.953634E-03     0.786265E-03
  0.791289E-03     0.817733E-03     0.105387E-02     0.840724E-03     0.986166E-03
  0.114532E-02     0.151359E-02     0.110013E-02     0.857259E-03     0.195359E-02
  0.148511E-02     0.149237E-02     0.255801E-02     0.162457E-02     0.147831E-02
  0.161443E-02     0.160868E-02     0.222371E-02     0.337217E-02     0.199960E-02
  0.208960E-02     0.466643E-02     0.626450E-02     0.269731E-02     0.478365E-02
  0.333623E-02     0.457977E-02     0.418979E-02     0.584735E-02     0.555538E-02
  0.500319E-02     0.561003E-02     0.728597E-02     0.689629E-02     0.694450E-02
  0.800659E-02     0.999700E-02     0.117256E-01
 eigen energies, in eV 
    -44.621879       -44.483430       -44.426430       -44.114267       -44.076699
    -29.055810       -28.848683       -28.841261       -28.837944       -28.801244
    -28.743012       -28.676871       -28.673946       -28.579938       -28.572512
    -28.523308       -28.502183       -28.491896       -28.439203       -28.385451
    -28.383988       -28.372820       -28.313649       -28.312326       -28.283525
    -28.262258       -28.258172       -28.252184       -28.241839       -28.217764
    -28.062824       -28.046898       -28.015750       -27.985799       -27.974633
    -27.963605       -27.891087       -27.857606       -27.820815       -27.815819
    -27.785095       -27.743535       -27.708384       -27.708075       -27.661833
    -27.658705       -27.641809       -27.609629       -27.566724       -27.532482
    -27.527892       -27.522689       -27.496005       -27.469822       -27.466018
    -27.424320       -27.420690       -27.391930       -27.324243       -27.292539
    -27.266693       -27.261416       -27.220463       -27.195512       -27.189048
    -27.154653       -27.144459       -27.122190       -27.117934       -27.064353
    -27.026894       -26.885681       -26.766711       -26.765416       -26.746360
    -26.729431       -26.721744       -26.648027       -26.614192       -26.600737
    -26.593065       -26.587977       -26.587527       -26.584467       -26.579617
    -26.537782       -26.525276       -26.522120       -26.510188       -26.456513
    -26.361236       -26.354959       -26.341750       -26.279239       -26.232544
    -26.209844       -26.205948       -26.204284       -26.170501       -26.147147
    -26.121116       -26.102855       -26.085175       -26.069144       -26.041652
    -26.027808       -26.022022       -26.016797       -25.991497       -25.963183
    -25.956424       -25.950722       -25.921502       -25.917614       -25.903224
    -25.899261       -25.875919       -25.873056       -25.868120       -25.847784
    -25.824735       -25.808698       -25.643790       -25.640341       -25.617982
    -25.566194       -25.491017       -25.450850       -25.422425       -25.324156
    -25.194943       -25.148040       -25.145734       -25.105769       -25.043335
    -24.413315       -24.082923       -23.962163       -23.905767       -23.875790
    -23.770547       -23.713492       -23.573419       -23.488113       -23.473884
    -23.422287       -23.389294       -23.315846       -23.239335       -23.186001
    -23.120676       -23.115561       -23.083859       -23.053601       -23.042226
    -23.016953       -23.009917       -22.992998       -22.896326       -22.883321
    -22.840151       -22.682248       -22.356442       -22.335879       -22.326735
    -22.283142       -22.274704       -22.264471       -21.951103       -21.905828
    -21.792604       -21.657639       -21.641376       -21.608881       -21.508324
    -21.418999       -21.264371       -21.182059       -21.172400       -21.110804
    -21.079019       -21.070204       -21.029969       -21.006055       -21.000277
    -20.997327       -20.789959       -20.741131       -20.571771       -20.349201
    -18.704684       -18.272264       -18.261124       -18.205592       -18.082296
    -16.325465       -16.083037       -15.943601       -15.913463       -15.852023
    -15.804213       -15.791470       -15.762957       -15.660853       -15.633199
    -15.485647       -15.474641       -15.428892       -15.376962       -15.357039
    -15.238080       -15.200712       -15.198767       -15.188807       -15.140475
    -15.028459       -14.989420       -14.877461       -14.850966       -14.720094
    -14.684073       -14.656191       -14.654473       -14.613357       -14.598459
    -14.535199       -14.477744       -14.440821       -14.415261       -14.325830
    -14.308264       -14.293403       -14.268036       -14.212034       -14.191623
    -13.822258       -13.766469       -13.762442       -13.660938       -13.621300
    -13.614061       -13.560025       -13.557805       -13.504233       -13.481862
    -13.439910       -13.437007       -13.396996       -13.393455       -13.373831
    -13.354428       -13.320373       -13.249773       -13.244620       -13.233688
    -13.183162       -13.164645       -13.154735       -13.139011       -13.096001
    -13.044180       -13.042897       -12.872351       -12.778094       -12.651278
    -12.508490       -12.282196       -12.265415       -12.203054       -12.200585
    -12.108001       -12.024314       -12.004913       -11.957650       -11.946100
    -11.943423       -11.921930       -11.893349       -11.888438       -11.789676
    -11.744485       -11.743760       -11.723986       -11.653957       -11.649289
    -11.622526       -11.570742       -11.526119       -11.524373       -11.499320
    -11.449789       -11.442701       -11.425135       -11.420074       -11.404141
    -11.401796       -11.369609       -11.356487       -11.345003       -11.293805
    -11.238111       -11.187848       -11.044914       -11.034822       -11.024917
    -11.012715       -11.006191       -10.880502       -10.864834       -10.830741
    -10.812474       -10.801280       -10.759256       -10.757275       -10.685487
    -10.683222       -10.663046       -10.639441       -10.575840       -10.571265
    -10.549545       -10.538651       -10.525430       -10.520518       -10.499147
    -10.495442       -10.491179       -10.486827       -10.469107       -10.449355
    -10.444224       -10.412466       -10.387823       -10.368052       -10.333255
    -10.331406       -10.325060       -10.318830       -10.313279       -10.296673
    -10.274221       -10.265266       -10.256126       -10.249052       -10.242789
    -10.233638       -10.227876       -10.224148       -10.207291       -10.203048
    -10.179443       -10.158782       -10.141341       -10.116258       -10.106531
    -10.097067       -10.094164       -10.064944       -10.056912       -10.047528
    -10.033392       -10.028780       -10.023162       -10.005818       -10.001086
     -9.997540        -9.978848        -9.970935        -9.966285        -9.961650
     -9.949398        -9.943504        -9.919821        -9.900667        -9.884524
     -9.870552        -9.865551        -9.855413        -9.841954        -9.837885
     -9.828379        -9.825771        -9.797945        -9.794332        -9.689326
     -9.680195        -9.655851        -9.646171        -9.635282        -9.627604
     -9.619940        -9.596819        -9.585986        -9.573956        -9.573034
     -9.554259        -9.535854        -9.526986        -9.501116        -9.492278
     -9.477225        -9.470555        -9.449043        -9.443184        -9.423968
     -9.420683        -9.417305        -9.411207        -9.390748        -9.376628
     -9.350715        -9.342267        -9.335732        -9.305409        -9.298192
     -9.289774        -9.281509        -9.268912        -9.239299        -9.186173
     -9.182879        -9.168572        -9.154635        -9.137607        -9.127900
     -9.122956        -9.090591        -9.081910        -9.063273        -9.058009
     -9.052027        -9.045964        -9.039878        -9.028354        -9.019446
     -9.010018        -8.996376        -8.981949        -8.959324        -8.937702
     -8.922408        -8.911664        -8.906230        -8.895597        -8.883351
     -8.872023        -8.865466        -8.849007        -8.832648        -8.823046
     -8.806917        -8.782978        -8.780682        -8.767182        -8.758215
     -8.745993        -8.731237        -8.721524        -8.688748        -8.679471
     -8.654834        -8.644724        -8.638597        -8.634104        -8.602370
     -8.600279        -8.544649        -8.486643        -8.450514        -8.443503
     -8.413199        -8.407211        -8.367240        -8.357175        -8.342417
     -8.333166        -8.320397        -8.315198        -8.307091        -8.288096
     -8.284356        -8.271303        -8.229378        -8.223350        -8.163214
     -8.104271        -8.090635        -8.077504        -8.052434        -8.042657
     -8.024088        -7.983967        -7.952777        -7.909122        -7.907871
     -7.837551        -7.814425        -7.800633        -7.792362        -7.775769
     -7.748987        -7.730967        -7.727421        -7.714940        -7.695893
     -7.656840        -7.648906        -7.631581        -7.615877        -7.600549
     -7.586988        -7.574369        -7.532537        -7.515910        -7.493582
     -7.453166        -7.420404        -7.380840        -7.377552        -7.368313
     -7.345890        -7.339304        -7.310409        -7.262037        -7.247962
     -7.235012        -7.232834        -7.218422        -7.207714        -7.190184
     -7.179401        -7.174518        -7.168358        -7.162441        -7.148968
     -7.119953        -7.092340        -7.077748        -7.048591        -7.023153
     -7.011621        -6.990691        -6.982125        -6.973289        -6.966302
     -6.917098        -6.901762        -6.889969        -6.887670        -6.872224
     -6.861455        -6.856736        -6.842266        -6.830551        -6.812813
     -6.803754        -6.800773        -6.797237        -6.789312        -6.776951
     -6.770337        -6.765852        -6.741393        -6.735385        -6.704710
     -6.701247        -6.696014        -6.679375        -6.673015        -6.661079
     -6.644191        -6.641971        -6.631412        -6.613133        -6.595652
     -6.586887        -6.571425        -6.566591        -6.535020        -6.513779
     -6.506296        -6.500231        -6.485964        -6.460195        -6.459571
     -6.452766        -6.449103        -6.444302        -6.439372        -6.429039
     -6.424757        -6.414675        -6.402881        -6.397793        -6.367963
     -6.359906        -6.341113        -6.318447        -6.314543        -6.307966
     -6.297365        -6.287043        -6.282885        -6.275339        -6.263289
     -6.247489        -6.237484        -6.237331        -6.223524        -6.204660
     -6.194175        -6.175569        -6.166981        -6.150533        -6.137662
     -6.133004        -6.103323        -6.081338        -6.076215        -6.073367
     -6.065152        -6.061120        -6.047176        -6.037551        -6.031895
     -6.027312        -6.025859        -6.016286        -6.013963        -6.001933
     -5.999394        -5.986465        -5.974530        -5.972005        -5.966308
     -5.959928        -5.947234        -5.939343        -5.937452        -5.925325
     -5.918697        -5.910657        -5.902210        -5.894084        -5.888700
     -5.876322        -5.867146        -5.858041        -5.849031        -5.843019
     -5.829870        -5.824314        -5.820162        -5.806165        -5.800443
     -5.793860        -5.792898        -5.788328        -5.779351        -5.768877
     -5.761297        -5.756528        -5.749961        -5.743237        -5.737508
     -5.724861        -5.720528        -5.710122        -5.704106        -5.694984
     -5.693536        -5.682366        -5.675351        -5.663375        -5.660356
     -5.654591        -5.640040        -5.630303        -5.622586        -5.617728
     -5.614564        -5.608117        -5.603231        -5.595788        -5.592059
     -5.579396        -5.575972        -5.567657        -5.552297        -5.550842
     -5.545111        -5.538881        -5.535976        -5.529628        -5.523996
     -5.509884        -5.505170        -5.504991        -5.499342        -5.486335
     -5.480531        -5.472045        -5.470355        -5.466772        -5.459223
     -5.444748        -5.429897        -5.420250        -5.417244        -5.408903
     -5.398440        -5.392999        -5.386502        -5.380348        -5.376096
     -5.366995        -5.355232        -5.353106        -5.342861        -5.332560
     -5.317721        -5.316855        -5.299126        -5.290527        -5.284615
     -5.274711        -5.271186        -5.266464        -5.256118        -5.251971
     -5.245855        -5.241376        -5.237493        -5.231956        -5.220519
     -5.212838        -5.209796        -5.201113        -5.190210        -5.186346
     -5.182857        -5.175348        -5.171436        -5.168820        -5.166091
     -5.155406        -5.150692        -5.138818        -5.136442        -5.130868
     -5.128544        -5.124268        -5.115813        -5.108204        -5.101789
     -5.099050        -5.094671        -5.090947        -5.072674        -5.068510
     -5.065078        -5.060241        -5.053228        -5.029451        -5.022736
     -5.019463        -5.016057        -5.008248        -4.994674        -4.987096
     -4.973989        -4.963753        -4.957099        -4.956643        -4.949423
     -4.947025        -4.935461        -4.931802        -4.920960        -4.914058
     -4.911023        -4.903042        -4.901553        -4.895458        -4.877265
     -4.873746        -4.863338        -4.856655        -4.847536        -4.831348
     -4.826933        -4.824609        -4.819503        -4.806996        -4.801822
     -4.798053        -4.793822        -4.792279        -4.783419        -4.769139
     -4.764306        -4.756367        -4.744692        -4.736168        -4.730677
     -4.719211        -4.699695        -4.682482        -4.654197        -4.636500
     -4.631704        -4.625485        -4.617492        -4.613961        -4.597296
     -4.579536        -4.575637        -4.565767        -4.558472        -4.550879
     -4.548495        -4.520983        -4.512089        -4.498633        -4.495723
     -4.467313        -4.462388        -4.449323        -4.437734        -4.431020
     -4.418867        -4.406303        -4.390897        -4.381215        -4.366377
     -4.348712        -4.304396        -4.299028        -4.281653        -4.268239
     -4.238918        -4.234770        -4.215144        -4.197246        -4.183149
     -4.164985        -4.145878        -4.144054        -4.137157        -4.129946
     -4.113034        -4.099485        -4.088967        -4.073458        -4.058806
     -4.037909        -4.029750        -4.012254        -3.996437        -3.970556
     -3.964761        -3.910881        -3.872041        -3.848392        -3.822850
     -3.815221        -3.793520        -3.784235        -3.759061        -3.741612
     -3.729275        -3.702095        -3.684131        -3.673743        -3.640923
     -3.632533        -3.618686        -3.600480        -3.572740        -3.556825
     -3.554914        -3.514921        -3.486927        -3.477739        -3.468176
     -3.444152        -3.416397        -3.405779        -3.399061        -3.378239
     -3.375161        -3.338648        -3.334855        -3.304894        -3.301505
     -3.283772        -3.276928        -3.257338        -3.249442        -3.239456
     -3.228401        -3.225454        -3.216806        -3.210250        -3.164869
     -3.156875        -3.139263        -3.123502        -3.112115        -3.091843
     -3.080733        -3.070787        -3.061780        -3.048310        -3.028229
     -3.022205        -2.998158        -2.977243        -2.936108        -2.931574
     -2.905623        -2.890382        -2.884546        -2.864834        -2.820311
     -2.815614        -2.811482        -2.806697        -2.796711        -2.790664
     -2.774329        -2.735084        -2.725495        -2.688317        -2.655094
     -2.646801        -2.635979        -2.602962        -2.600793        -2.595293
     -2.590269        -2.578574        -2.557975        -2.526985        -2.493429
     -2.487396        -2.466262        -2.435482        -2.408355        -2.394863
     -2.388668        -2.370931        -2.370276        -2.330726        -2.310971
     -2.307109        -2.294693        -2.257727        -2.227165        -2.172226
     -2.139843        -2.109864        -2.019145        -2.013345        -1.988683
     -1.986020        -1.977561        -1.930305        -1.853677        -1.679641
      2.364435         2.423533         2.683105         2.737996         2.776018
      2.898175         3.183283         3.203629         3.209540         3.257247
      3.409543         3.441116         3.449881         3.516957         3.565401
      3.595350         3.656683         3.714750         3.745403         3.791274
      3.827960         3.832360         3.909886         3.919876         3.954154
      3.966024         3.966714         4.012467         4.052098         4.058521
      4.094089         4.127536         4.135794         4.181740         4.195008
      4.215251         4.221871         4.246295         4.255530         4.276482
      4.307543         4.332897         4.353603         4.363556         4.374589
      4.390571         4.450558         4.481675         4.505817         4.533402
      4.560183         4.573627         4.585718         4.620622         4.630211
      4.677588         4.688777         4.714710
 *********************************
 total computation time (sec)=   1996.78620004654     
