 AEM_Eatom=  6.053969152217060E-003
 AEM_Egroup=  8.860271646005229E-004
 AEM_Etot=  9.160917396455108E-004
 AEM_F=  0.500938450675540     
