 AEM_Eatom=  8.898614405010792E-002
 AEM_Egroup=  5.799126566217217E-003
 AEM_Etot=  1.756914541274183E-003
 AEM_F=  0.502712408249055     
