 AEM_Eatom=  1.706906469600387E-003
 AEM_Egroup=  1.903805571399763E-004
 AEM_Etot=  1.516867922748161E-003
 AEM_F=  0.500034292717884     
