 AEM_Eatom=  7.731332485340866E-003
 AEM_Egroup=  1.654224384672539E-003
 AEM_Etot=  2.038009996396464E-002
 AEM_F=  0.512178728048077     
