 AEM_Eatom=  2.543604150159794E-002
 AEM_Egroup=  1.607047025409603E-003
 AEM_Etot=  3.101613755061493E-003
 AEM_F=  0.566619026526605     
