 AEM_Eatom=  7.802099530727540E-002
 AEM_Egroup=  1.314140199995608E-002
 AEM_Etot=  8.430997570179549E-003
 AEM_F=  0.728895684444507     
