 AEM_Eatom=  7.516476325570641E-002
 AEM_Egroup=  8.954407419251553E-003
 AEM_Etot=  1.334467039019827E-002
 AEM_F=  0.937377942119857     
