 AEM_Eatom=  8.826941915948595E-002
 AEM_Egroup=  1.365389726941149E-002
 AEM_Etot=  6.783306325270123E-003
 AEM_F=  0.719224901549802     
