 AEM_Eatom=  0.151001206102721     
 AEM_Egroup=  2.617528793116133E-002
 AEM_Etot=  1.141223203361959E-003
 AEM_F=  0.503554490424072     
