           4           1
 PRECISION  = SINGLE     
 JOB       = SCF
 IN.PSP1   = /home/sabs/shenjie/Pseudopotential/Li.nc.pbe.UPF
 IN.PSP2   = /home/sabs/shenjie/Pseudopotential/C.nc.pbe.UPF
 IN.PSP3   = /home/sabs/shenjie/Pseudopotential/O.nc.pbe.UPF
 IN.PSP4   = /home/sabs/shenjie/Pseudopotential/N.nc.pbe.UPF
 IN.PSP5   = /home/sabs/shenjie/Pseudopotential/S.nc.pbe.UPF
 IN.PSP6   = /home/sabs/shenjie/Pseudopotential/F.nc.pbe.UPF
 IN.PSP7   = /home/sabs/shenjie/Pseudopotential/H.nc.pbe.UPF
 IN.PSP8   = /home/sabs/shenjie/Pseudopotential/P.nc.pbe.UPF
 IN.ATOM   = atom.config         
 CONVERGENCE  = EASY
 ACCURACY  = NORM
 VFF_DETAIL =   1   500  0.50000000E-02     30.00000     4.00000     0.00000     1.00000  
 EGG_DETAIL =            3           3           3
 SPIN      =   1
 CONSTRAINT_MAG =           0
 RANDOM_SEED=           0
 QIJ_DETAIL =   0  1
 SCF_MIX = CHARGE
 PWSCF_OUTPUT     =  F
 Ecut      =    60.0000000000000     
 Ecut2     =    120.000000000000     
 Ecut2L    =    120.000000000000     
 EcutP    =    60.0000000000000     
 N123      =   120   120   120
 NS123     =    40    40    40
 N123L     =   120   120   120
 STRESS_CORR =   0.100000E+01  0.000000E+00  0.200000E+01  0.000000E+00
 XCFUNCTIONAL = LDA
 HSE_DETAIL    =      1.00000000    1     0.00000000    6 1 1
 RELAX_HSE    =    20   0.50000E-01     2
 VDW       = NONE
 LONDON_S6      =   0.000000000000000E+000
 LONDON_C6(1)      =   -1.00000000000000     
 LONDON_C6(2)      =   -1.00000000000000     
 LONDON_C6(3)      =   -1.00000000000000     
 LONDON_C6(4)      =   -1.00000000000000     
 LONDON_C6(5)      =   -1.00000000000000     
 LONDON_C6(6)      =   -1.00000000000000     
 LONDON_C6(7)      =   -1.00000000000000     
 LONDON_C6(8)      =   -1.00000000000000     
 LONDON_RCUT      =   0.000000000000000E+000
 DFTD3_S6        =   0.000000000000000E+000
 DFTD3_RS6        =   0.000000000000000E+000
 DFTD3_S18        =   0.000000000000000E+000
 DFTD3_RS18        =   0.000000000000000E+000
 DFTD3_ALPHA6        =   0.000000000000000E+000
 DFTD3_VERSION        =            0
 DFTD3_3BODY        =  F
 COULOMB   =    0
 IN.WG     =  F
 OUT.WG    =  F
 IN.RHO    =  F
 OUT.RHOATOM =  F
 OUT.RHO   =  F
 IN.VR     =  F
 OUT.VR    =  F
 OUT.ELF   =  F
 IN.VEXT   =  F
 OUT.VATOM   =  F
 OUT.FORCE =  T
 OUT.STRESS =  F
 IN.KPT    =  F
 IN.SYMM   =  F
 SYMM_PREC =    0.10000E-04
 MP_N123 =      1      1      1      0      0      0      0
 NUM_KPT =            1
 CHARGE_DECOMP = F
 ENERGY_DECOMP = F 
 IN.SOLVENT =  F
 NUM_ELECTRON =   1940.00000000000     
 FIX_FERMI =   F  0.000000E+00  0.000000E+00  0.000000E+00
 IN.NONSCF    =  F
 NUM_BAND  =  1028
 OUT.REAL.RHOWF_SP= 0
 WG_ERROR  =   1.000000000000000E-004
 E_ERROR   =   5.279008887880000E-003
 RHO_ERROR =   5.000000000000000E-005
 RHO_RELATIVE_ERROR      =   0.000000000000000E+000
 FORCE_RELATIVE_ERROR     =   0.000000000000000E+000
 MIN_SCF_ITER     =            1
 SYS_TYPE   =            1
 PULAY_MIX_OPT =     30  1  0       1.00000       0.00000
 PULAY_METRIC_Q0 =       -1.00000
 IN.OCC    =  F          -1
 IN.CC    =  F
 IN.OCC_ADIA    =  F
 SCF_ITER0_1 =    6   4    3    0.0000     0.02500    1
 SCF_ITER0_2 =   94   4    3    1.0000     0.02500    1
 SCF_ITER1_1 =   40   4    3    1.0000     0.02500    1
 NONLOCAL  =  2
 IN.A_FIELD =  F       0.00000       0.00000       0.00000
 RCUT      =    4.00000000000000     
 IN.PSP_RCUT1 =   4.00000000000000     
 IN.PSP_RCUT2 =   4.00000000000000     
 IN.PSP_RCUT3 =   4.00000000000000     
 IN.PSP_RCUT4 =   4.00000000000000     
 IN.PSP_RCUT5 =   4.00000000000000     
 IN.PSP_RCUT6 =   4.00000000000000     
 IN.PSP_RCUT7 =   4.00000000000000     
 IN.PSP_RCUT8 =   4.00000000000000     
 MD_VV_SCALE =    100
 LDAU_PSP1   =           -1  2.721138638331097E-009  2.721138638331097E-009  eV
 LDAU_PSP2   =           -1  2.721138638331097E-009  2.721138638331097E-009  eV
 LDAU_PSP3   =           -1  2.721138638331097E-009  2.721138638331097E-009  eV
 LDAU_PSP4   =           -1  2.721138638331097E-009  2.721138638331097E-009  eV
 LDAU_PSP5   =           -1  2.721138638331097E-009  2.721138638331097E-009  eV
 LDAU_PSP6   =           -1  2.721138638331097E-009  2.721138638331097E-009  eV
 LDAU_PSP7   =           -1  2.721138638331097E-009  2.721138638331097E-009  eV
 LDAU_PSP8   =           -1  2.721138638331097E-009  2.721138638331097E-009  eV
 NUM_BLOCKED_PSI=  F
 WF_STORE2DISK  =            0
 NUM_DOS_GRID =         4000
 NMAP_MAX =        50000
 KERK_AMIN =   0.300000000000000     
 KERK_AMIX =   0.400000000000000     
 KERK_AMIX_MAG =   0.800000000000000     
 KERK_BMIX =   0.500000000000000     
 LDAU_MIX =   0.700000000000000     
 PULAY_WEIGHT_SPIN =    1.00000000000000     
 PULAY_WEIGHT_NS =    1.00000000000000     
 OUT.MLMD    =  F
 NUM_MPI_PER_GPU =     1
 FLAG_CYLINDER =            0
 SET_OUT_FERMI_POS =  F           0
 E_FINITE =  F   0.00000E+00   0.00000E+00   0.00000E+00
 MLINE_EIGEN =      1
 
 ------------------------------------------------
 total number of K-point:           1
   0.00000     0.00000    0.00000     1.00000            
 ------------------------------------------------
 
 
 *********************************************
 *********** end of etot.input report ********
 minimum n1,n2,n3 from Ecut2
     118.970      119.148      119.089
 minimum n1L,n2L,n3L from Ecut2L
     118.970      119.148      119.089
 *********************************************
 
 
Weighted average num_of_PW for all kpoint=                       312673.000
 ************************************
 E_Hxc(eV)         49475.1176370386     
 E_ion(eV)        -219134.577876693     
 E_Coul(eV)        77696.0395509845     
 E_Hxc+E_ion(eV)  -169659.460239654     
 NONSCF     1          AVE_STATE_ERROR= 0.5918E+01
 NONSCF     2          AVE_STATE_ERROR= 0.1620E+01
 NONSCF     3          AVE_STATE_ERROR= 0.4972E+00
 NONSCF     4          AVE_STATE_ERROR= 0.9195E-01
 NONSCF     5          AVE_STATE_ERROR= 0.1555E-01
 NONSCF     6          AVE_STATE_ERROR= 0.3124E-02
 iter=   7   ave_lin=  4.0  iCGmth=   3
 Ef(eV)               = -.1655179E+01
 err of ug            = 0.1233E-02
 dv_ave, drho_tot     = 0.0000E+00 0.1223E+00
 E_tot(eV)            = -.13304931230889E+06    -.1330E+06
 -------------------------------------------
 iter=   8   ave_lin=  4.0  iCGmth=   3
 Ef(eV)               = 0.1456232E+00
 err of ug            = 0.1073E-01
 dv_ave, drho_tot     = 0.1688E-01 0.7065E-01
 E_tot(eV)            = -.13294663370637E+06    0.1027E+03
 -------------------------------------------
 iter=   9   ave_lin=  4.0  iCGmth=   3
 Ef(eV)               = -.1139513E+01
 err of ug            = 0.6521E-02
 dv_ave, drho_tot     = 0.1329E-01 0.3046E-01
 E_tot(eV)            = -.13291571228616E+06    0.3092E+02
 -------------------------------------------
 iter=  10   ave_lin=  4.0  iCGmth=   3
 Ef(eV)               = 0.7681055E+00
 err of ug            = 0.2014E-02
 dv_ave, drho_tot     = 0.6907E-02 0.1040E-01
 E_tot(eV)            = -.13291051604324E+06    0.5196E+01
 -------------------------------------------
 iter=  11   ave_lin=  4.0  iCGmth=   3
 Ef(eV)               = 0.6910245E+00
 err of ug            = 0.5329E-03
 dv_ave, drho_tot     = 0.2996E-02 0.5857E-02
 E_tot(eV)            = -.13290986060779E+06    0.6554E+00
 -------------------------------------------
 iter=  12   ave_lin=  4.0  iCGmth=   3
 Ef(eV)               = 0.5577756E+00
 err of ug            = 0.3063E-03
 dv_ave, drho_tot     = 0.3538E-02 0.3674E-02
 E_tot(eV)            = -.13290932225284E+06    0.5384E+00
 -------------------------------------------
 iter=  13   ave_lin=  4.0  iCGmth=   3
 Ef(eV)               = 0.7230061E+00
 err of ug            = 0.3597E-03
 dv_ave, drho_tot     = 0.4234E-02 0.2871E-02
 E_tot(eV)            = -.13290878374948E+06    0.5385E+00
 -------------------------------------------
 iter=  14   ave_lin=  4.0  iCGmth=   3
 Ef(eV)               = 0.9961096E+00
 err of ug            = 0.3468E-03
 dv_ave, drho_tot     = 0.5794E-02 0.2263E-02
 E_tot(eV)            = -.13290830479692E+06    0.4790E+00
 -------------------------------------------
 iter=  15   ave_lin=  4.0  iCGmth=   3
 Ef(eV)               = 0.1262451E+01
 err of ug            = 0.3590E-03
 dv_ave, drho_tot     = 0.6281E-02 0.1808E-02
 E_tot(eV)            = -.13290799171619E+06    0.3131E+00
 -------------------------------------------
 iter=  16   ave_lin=  4.0  iCGmth=   3
 Ef(eV)               = 0.1418156E+01
 err of ug            = 0.2570E-03
 dv_ave, drho_tot     = 0.4020E-02 0.1385E-02
 E_tot(eV)            = -.13290791889392E+06    0.7282E-01
 -------------------------------------------
 iter=  17   ave_lin=  4.0  iCGmth=   3
 Ef(eV)               = 0.1558397E+01
 err of ug            = 0.2010E-03
 dv_ave, drho_tot     = 0.3564E-02 0.1078E-02
 E_tot(eV)            = -.13290789044147E+06    0.2845E-01
 -------------------------------------------
 iter=  18   ave_lin=  4.0  iCGmth=   3
 Ef(eV)               = 0.1632358E+01
 err of ug            = 0.1321E-03
 dv_ave, drho_tot     = 0.2850E-02 0.8117E-03
 E_tot(eV)            = -.13290787547111E+06    0.1497E-01
 -------------------------------------------
 iter=  19   ave_lin=  4.0  iCGmth=   3
 Ef(eV)               = 0.1727441E+01
 err of ug            = 0.1139E-03
 dv_ave, drho_tot     = 0.2538E-02 0.6197E-03
 E_tot(eV)            = -.13290785761875E+06    0.1785E-01
 -------------------------------------------
 iter=  20   ave_lin=  4.0  iCGmth=   3
 Ef(eV)               = 0.1829057E+01
 err of ug            = 0.1017E-03
 dv_ave, drho_tot     = 0.2266E-02 0.4619E-03
 E_tot(eV)            = -.13290784410436E+06    0.1351E-01
 -------------------------------------------
 iter=  21   ave_lin=  4.0  iCGmth=   3
 Ef(eV)               = 0.1900106E+01
 err of ug            = 0.6542E-04
 dv_ave, drho_tot     = 0.9762E-03 0.3749E-03
 E_tot(eV)            = -.13290783712036E+06    0.6984E-02
 -------------------------------------------
 iter=  22   ave_lin=  4.0  iCGmth=   3
 Ef(eV)               = 0.1959571E+01
 err of ug            = 0.6178E-04
 dv_ave, drho_tot     = 0.1009E-02 0.3005E-03
 E_tot(eV)            = -.13290783129567E+06    0.5825E-02
 -------------------------------------------
 iter=  23   ave_lin=  4.0  iCGmth=   3
 Ef(eV)               = 0.2003192E+01
 err of ug            = 0.5317E-04
 dv_ave, drho_tot     = 0.8361E-03 0.2428E-03
 E_tot(eV)            = -.13290782811019E+06    0.3185E-02
 -------------------------------------------
 E_Fermi(eV)=   2.00319187062845     
 ---------------------------------------------------
 Ef(eV)               = 0.2003192E+01
 dvE, dvE(n)-dvE(n-1) = 0.6991E-06 -.3193E-06
 dv_ave, drho_tot     = 0.8361E-03 0.2428E-03
 err of ug            = 0.5317E-04
 ---------------------------------------------------
 ending_scf_reason = tol Etot_err  5.279008887880000E-003
 Ewald        = -.42771925302408E+05
 Alpha        = 0.15207970391171E+04
 E_extV       = 0.00000000000000E+00    0.0000E+00
 E_NSC        = -.21243070806785E+05    0.6136E+00
 E[-rho*V_Hxc]= -.12102885492227E+06    -.6104E+00
 E_Hxc        = 0.50615225882157E+05    0.6268E+00
 -TS          = -.92009360215346E-12    -.7562E-12
 E_tot(eV)    = -.13290782811019E+06    0.3185E-02
 E_tot(Ryd)   = -.97685452709026E+04    0.1171E-03
 ---------------------------------------------------
 ---------------------------------------------------
 occup for:      kpt=1,spin=1,m=(totN/2-2,totN/2+2)
   1.000    1.000    1.000    0.000    0.000
 eigen(eV) for:  kpt=1,spin=1,m=(totN/2-2,totN/2+2)
  -2.075   -2.070   -1.790    2.706    2.813
 ---------------------------------------------------
 ---------------------------------------------------
 E_Hart,E_xc,E_ion =0.79336154145727E+05  -.28720928263570E+05  -.22139585609873E+06
 E_Hxc+E_ion       =-.17078063021657E+06
 E_kin+E_nonloc    =0.79123930369676E+05
 E_rhoVext,E_IVext     =0.00000000000000E+00  0.00000000000000E+00
 E_psiV,E_dDrho =-.10036725423537E+06  0.00000000000000E+00
 ave(vtot):v0 =-.77300290500190E+01
 ave(V_ion_s(or p,d))=ave(V_Hatree)=0; ave(Vtot)=ave(V_xc)=v0
 ---------------------------------------------------
 *********************************
 Eigen energies are values after setting ave(Vtot)=0
 For Vtot=V_ion+V_Hartree+V_xc, and
 ave(V_ion+V_Hatree)=0, ave(V_xc).ne.0:  E=E+v0
 *********************************
iislda,kpt=   1,    1      0.000000     0.000000     0.000000             kpoint in xyz unit 
 err of each states, A.U
  0.424872E-04     0.183305E-04     0.111379E-03     0.969990E-04     0.548857E-04
  0.173086E-04     0.239022E-04     0.152498E-04     0.175629E-04     0.167679E-04
  0.438616E-04     0.210799E-04     0.150038E-04     0.180298E-04     0.111899E-04
  0.215605E-04     0.142246E-04     0.221904E-04     0.172630E-04     0.558030E-04
  0.149503E-04     0.326976E-04     0.187792E-04     0.172253E-04     0.143172E-04
  0.166444E-04     0.138337E-04     0.149932E-04     0.151872E-04     0.249861E-04
  0.331311E-04     0.175737E-04     0.123488E-04     0.225529E-04     0.184977E-04
  0.158038E-03     0.209434E-04     0.134895E-04     0.205119E-04     0.127897E-04
  0.256715E-04     0.184500E-04     0.252322E-04     0.145054E-04     0.500782E-04
  0.131282E-04     0.153290E-04     0.170575E-04     0.143515E-04     0.155608E-04
  0.166870E-04     0.252069E-04     0.186981E-04     0.516596E-04     0.758926E-04
  0.165340E-04     0.173569E-04     0.690499E-04     0.248597E-04     0.159939E-04
  0.524532E-04     0.152629E-04     0.137852E-04     0.132848E-04     0.198138E-04
  0.772455E-04     0.197259E-04     0.188672E-04     0.139471E-04     0.279052E-04
  0.193772E-04     0.134366E-04     0.189356E-04     0.107319E-04     0.176021E-04
  0.149285E-04     0.319884E-04     0.123969E-04     0.197551E-04     0.144045E-04
  0.150363E-04     0.108978E-04     0.725144E-04     0.114959E-04     0.130261E-04
  0.146049E-04     0.710920E-04     0.122722E-04     0.122114E-04     0.324970E-04
  0.870812E-04     0.135308E-04     0.434292E-04     0.103568E-03     0.220952E-04
  0.166394E-04     0.193744E-04     0.282411E-04     0.304575E-04     0.106072E-04
  0.147924E-04     0.140952E-04     0.115175E-03     0.109959E-04     0.154072E-04
  0.164997E-04     0.124834E-04     0.122983E-04     0.786328E-04     0.127562E-04
  0.153084E-04     0.678032E-04     0.176784E-04     0.158140E-04     0.234234E-04
  0.123370E-04     0.156388E-04     0.126891E-04     0.166279E-04     0.168534E-04
  0.132527E-04     0.148301E-04     0.148942E-04     0.275755E-04     0.207033E-04
  0.135481E-04     0.122686E-04     0.250732E-04     0.163815E-04     0.199697E-04
  0.241040E-04     0.254267E-04     0.156420E-04     0.978529E-05     0.296270E-04
  0.145142E-04     0.183926E-04     0.491736E-04     0.234677E-04     0.126912E-04
  0.229120E-04     0.190417E-04     0.130617E-04     0.289346E-04     0.466586E-04
  0.434047E-04     0.184167E-04     0.174037E-04     0.352068E-04     0.129669E-04
  0.190498E-04     0.450097E-04     0.121777E-04     0.314817E-04     0.154637E-04
  0.107643E-04     0.205405E-04     0.117291E-04     0.457497E-04     0.171469E-04
  0.192855E-04     0.163965E-04     0.450556E-04     0.210117E-04     0.325044E-04
  0.147436E-04     0.100211E-04     0.280101E-04     0.319927E-04     0.217424E-04
  0.868083E-04     0.159253E-04     0.139248E-04     0.117579E-04     0.127813E-04
  0.113560E-04     0.115059E-04     0.182770E-04     0.113871E-04     0.122225E-04
  0.265744E-04     0.138472E-04     0.101891E-04     0.231059E-04     0.355679E-04
  0.565251E-04     0.107907E-04     0.121570E-04     0.132026E-04     0.100711E-04
  0.235169E-04     0.140286E-04     0.146458E-04     0.104827E-04     0.142232E-04
  0.148168E-04     0.142455E-04     0.182255E-04     0.126839E-04     0.148658E-04
  0.130174E-04     0.134559E-04     0.216260E-04     0.264703E-04     0.386765E-04
  0.123216E-04     0.128715E-04     0.166797E-04     0.141522E-04     0.200600E-04
  0.155340E-04     0.209552E-04     0.157692E-04     0.142727E-04     0.173453E-04
  0.224844E-04     0.167643E-04     0.259345E-04     0.186646E-04     0.112063E-04
  0.169352E-04     0.173499E-04     0.162467E-04     0.126101E-04     0.126399E-04
  0.201117E-04     0.147663E-04     0.162722E-04     0.126699E-04     0.164162E-04
  0.165536E-04     0.203162E-04     0.153034E-04     0.129385E-04     0.182899E-04
  0.101712E-04     0.162298E-04     0.181047E-04     0.188838E-04     0.242937E-04
  0.204164E-04     0.132266E-04     0.156179E-04     0.153785E-04     0.153866E-04
  0.132585E-04     0.133562E-04     0.125691E-04     0.117851E-04     0.148968E-04
  0.132498E-04     0.149637E-04     0.191240E-04     0.173985E-04     0.174903E-04
  0.200476E-04     0.126315E-04     0.148510E-04     0.203016E-04     0.119562E-04
  0.201692E-04     0.256904E-04     0.116433E-04     0.226937E-04     0.149261E-04
  0.133633E-04     0.245946E-04     0.130276E-04     0.168515E-04     0.196950E-04
  0.160553E-04     0.155439E-04     0.187214E-04     0.254779E-04     0.211837E-04
  0.188226E-04     0.196777E-04     0.198809E-04     0.194831E-04     0.239139E-04
  0.173158E-04     0.178642E-04     0.173676E-04     0.168452E-04     0.192491E-04
  0.150460E-04     0.154096E-04     0.152651E-04     0.184392E-04     0.198738E-04
  0.103125E-04     0.314814E-04     0.220038E-04     0.314453E-04     0.167189E-04
  0.170717E-04     0.281237E-04     0.172058E-04     0.162046E-04     0.146566E-04
  0.291232E-04     0.235211E-04     0.145005E-04     0.247843E-04     0.192664E-04
  0.233871E-04     0.197023E-04     0.195131E-04     0.304135E-04     0.193304E-04
  0.149366E-04     0.200857E-04     0.308183E-04     0.291087E-04     0.227011E-04
  0.236416E-04     0.295917E-04     0.233988E-04     0.234674E-04     0.229662E-04
  0.315887E-04     0.277089E-04     0.242976E-04     0.287750E-04     0.161480E-04
  0.280433E-04     0.198850E-04     0.253432E-04     0.192172E-04     0.253750E-04
  0.242769E-04     0.208957E-04     0.170906E-04     0.270542E-04     0.194918E-04
  0.243888E-04     0.230495E-04     0.252517E-04     0.243716E-04     0.303825E-04
  0.226616E-04     0.236513E-04     0.257815E-04     0.244506E-04     0.293949E-04
  0.227335E-04     0.258946E-04     0.224563E-04     0.204493E-04     0.209053E-04
  0.200383E-04     0.240716E-04     0.227186E-04     0.254898E-04     0.204562E-04
  0.213535E-04     0.249958E-04     0.264138E-04     0.265212E-04     0.223435E-04
  0.226697E-04     0.241594E-04     0.182755E-04     0.217544E-04     0.200442E-04
  0.195388E-04     0.273670E-04     0.246017E-04     0.278858E-04     0.203075E-04
  0.204301E-04     0.166932E-04     0.227933E-04     0.288595E-04     0.274055E-04
  0.241465E-04     0.261025E-04     0.231208E-04     0.208231E-04     0.197547E-04
  0.225114E-04     0.228684E-04     0.210079E-04     0.392054E-04     0.278726E-04
  0.145621E-04     0.215885E-04     0.207677E-04     0.308603E-04     0.259911E-04
  0.264543E-04     0.206176E-04     0.260174E-04     0.235660E-04     0.283388E-04
  0.288442E-04     0.328099E-04     0.233230E-04     0.222343E-04     0.285556E-04
  0.258888E-04     0.279110E-04     0.227390E-04     0.433110E-04     0.306220E-04
  0.224093E-04     0.207427E-04     0.240207E-04     0.244755E-04     0.240893E-04
  0.270416E-04     0.304613E-04     0.318695E-04     0.320896E-04     0.293561E-04
  0.269428E-04     0.238303E-04     0.261583E-04     0.430233E-04     0.305364E-04
  0.230319E-04     0.328042E-04     0.257054E-04     0.268969E-04     0.307157E-04
  0.299552E-04     0.223199E-04     0.259500E-04     0.233586E-04     0.314745E-04
  0.268111E-04     0.282375E-04     0.359880E-04     0.300771E-04     0.249144E-04
  0.328484E-04     0.387500E-04     0.238846E-04     0.288842E-04     0.250602E-04
  0.371197E-04     0.273061E-04     0.286868E-04     0.288560E-04     0.324155E-04
  0.317423E-04     0.420673E-04     0.212666E-04     0.243192E-04     0.232042E-04
  0.251861E-04     0.219122E-04     0.308106E-04     0.243055E-04     0.404470E-04
  0.291830E-04     0.287121E-04     0.342324E-04     0.249612E-04     0.248652E-04
  0.255783E-04     0.280981E-04     0.288692E-04     0.287865E-04     0.320056E-04
  0.259424E-04     0.229251E-04     0.301667E-04     0.465578E-04     0.334019E-04
  0.237623E-04     0.287822E-04     0.253471E-04     0.291204E-04     0.300078E-04
  0.196305E-04     0.223862E-04     0.331809E-04     0.285733E-04     0.406098E-04
  0.249228E-04     0.263252E-04     0.436359E-04     0.302481E-04     0.190501E-04
  0.387345E-04     0.258827E-04     0.148933E-04     0.269876E-04     0.211538E-04
  0.202785E-04     0.194562E-04     0.197237E-04     0.184761E-04     0.203096E-04
  0.259363E-04     0.202960E-04     0.223520E-04     0.227537E-04     0.260107E-04
  0.198608E-04     0.223152E-04     0.243004E-04     0.206374E-04     0.222180E-04
  0.192946E-04     0.276066E-04     0.189079E-04     0.211440E-04     0.288288E-04
  0.234096E-04     0.211760E-04     0.228825E-04     0.252534E-04     0.177879E-04
  0.233819E-04     0.225140E-04     0.217215E-04     0.260616E-04     0.206885E-04
  0.199221E-04     0.254113E-04     0.259362E-04     0.258746E-04     0.309440E-04
  0.260240E-04     0.324840E-04     0.211562E-04     0.175409E-04     0.264960E-04
  0.232409E-04     0.163036E-04     0.432188E-04     0.226394E-04     0.301785E-04
  0.298501E-04     0.249586E-04     0.291334E-04     0.144738E-04     0.187876E-04
  0.278845E-04     0.203774E-04     0.262863E-04     0.366118E-04     0.216823E-04
  0.251906E-04     0.158370E-04     0.150393E-04     0.181058E-04     0.230167E-04
  0.238001E-04     0.160682E-04     0.184832E-04     0.226687E-04     0.182750E-04
  0.172930E-04     0.177260E-04     0.265641E-04     0.222290E-04     0.198863E-04
  0.243708E-04     0.198746E-04     0.232609E-04     0.212887E-04     0.260586E-04
  0.264054E-04     0.301898E-04     0.186081E-04     0.197079E-04     0.188020E-04
  0.220813E-04     0.217640E-04     0.206105E-04     0.224493E-04     0.222753E-04
  0.248580E-04     0.257134E-04     0.206715E-04     0.159756E-04     0.204613E-04
  0.211119E-04     0.209055E-04     0.177669E-04     0.193698E-04     0.192557E-04
  0.283125E-04     0.219907E-04     0.200200E-04     0.199502E-04     0.221659E-04
  0.222694E-04     0.241209E-04     0.210147E-04     0.240719E-04     0.215932E-04
  0.231826E-04     0.204617E-04     0.234738E-04     0.259330E-04     0.222261E-04
  0.230851E-04     0.244110E-04     0.215582E-04     0.238516E-04     0.243858E-04
  0.224194E-04     0.237363E-04     0.204366E-04     0.240862E-04     0.245395E-04
  0.228844E-04     0.244349E-04     0.215908E-04     0.241117E-04     0.227969E-04
  0.216550E-04     0.292876E-04     0.260992E-04     0.169122E-04     0.215608E-04
  0.233440E-04     0.207639E-04     0.215299E-04     0.222668E-04     0.225708E-04
  0.217578E-04     0.262237E-04     0.203881E-04     0.216891E-04     0.206844E-04
  0.319780E-04     0.228244E-04     0.242524E-04     0.293225E-04     0.295243E-04
  0.216512E-04     0.205125E-04     0.200270E-04     0.212617E-04     0.217176E-04
  0.222608E-04     0.215036E-04     0.202248E-04     0.182527E-04     0.229712E-04
  0.198285E-04     0.217561E-04     0.200050E-04     0.224401E-04     0.335160E-04
  0.303769E-04     0.258085E-04     0.206089E-04     0.254161E-04     0.198990E-04
  0.252129E-04     0.255429E-04     0.261637E-04     0.239521E-04     0.245134E-04
  0.239511E-04     0.214226E-04     0.260378E-04     0.294086E-04     0.237735E-04
  0.241735E-04     0.257245E-04     0.284124E-04     0.196060E-04     0.245288E-04
  0.284113E-04     0.239507E-04     0.233494E-04     0.224361E-04     0.219731E-04
  0.310813E-04     0.211674E-04     0.281059E-04     0.274781E-04     0.221353E-04
  0.241076E-04     0.263533E-04     0.247728E-04     0.228130E-04     0.281302E-04
  0.259960E-04     0.264113E-04     0.288579E-04     0.298397E-04     0.238206E-04
  0.251193E-04     0.286354E-04     0.241454E-04     0.267382E-04     0.250741E-04
  0.274900E-04     0.250814E-04     0.266840E-04     0.279834E-04     0.262120E-04
  0.252574E-04     0.291635E-04     0.261972E-04     0.252427E-04     0.254019E-04
  0.302735E-04     0.282356E-04     0.246556E-04     0.259976E-04     0.248005E-04
  0.292460E-04     0.278992E-04     0.273067E-04     0.299129E-04     0.275194E-04
  0.362116E-04     0.304076E-04     0.386351E-04     0.322878E-04     0.285243E-04
  0.318817E-04     0.266405E-04     0.302177E-04     0.303306E-04     0.330303E-04
  0.258718E-04     0.278195E-04     0.302158E-04     0.239830E-04     0.245808E-04
  0.278347E-04     0.247391E-04     0.268832E-04     0.281389E-04     0.274852E-04
  0.264200E-04     0.277888E-04     0.268374E-04     0.288587E-04     0.285750E-04
  0.281984E-04     0.268358E-04     0.261982E-04     0.276833E-04     0.290646E-04
  0.258692E-04     0.264561E-04     0.257507E-04     0.234839E-04     0.297955E-04
  0.276345E-04     0.324304E-04     0.246421E-04     0.314404E-04     0.239411E-04
  0.254173E-04     0.267933E-04     0.262615E-04     0.272562E-04     0.305201E-04
  0.307824E-04     0.291549E-04     0.284397E-04     0.236978E-04     0.284874E-04
  0.286457E-04     0.283474E-04     0.271454E-04     0.319195E-04     0.309558E-04
  0.309142E-04     0.367371E-04     0.322735E-04     0.296560E-04     0.323623E-04
  0.323591E-04     0.392345E-04     0.267939E-04     0.364516E-04     0.381816E-04
  0.322715E-04     0.366262E-04     0.300153E-04     0.254456E-04     0.336800E-04
  0.300095E-04     0.325608E-04     0.322686E-04     0.326001E-04     0.364464E-04
  0.339524E-04     0.330590E-04     0.296408E-04     0.348363E-04     0.305164E-04
  0.290416E-04     0.298211E-04     0.298108E-04     0.338312E-04     0.341909E-04
  0.292835E-04     0.306500E-04     0.297883E-04     0.371796E-04     0.317643E-04
  0.291369E-04     0.283958E-04     0.290278E-04     0.271459E-04     0.292943E-04
  0.375631E-04     0.330398E-04     0.300934E-04     0.302594E-04     0.351358E-04
  0.304921E-04     0.284318E-04     0.288642E-04     0.230372E-04     0.302060E-04
  0.344909E-04     0.367775E-04     0.314788E-04     0.308980E-04     0.287315E-04
  0.330913E-04     0.291382E-04     0.351145E-04     0.314598E-04     0.393236E-04
  0.291198E-04     0.357409E-04     0.322817E-04     0.421962E-04     0.309982E-04
  0.302665E-04     0.317203E-04     0.281725E-04     0.372313E-04     0.426668E-04
  0.281764E-04     0.277219E-04     0.270991E-04     0.464722E-04     0.281680E-04
  0.276830E-04     0.295222E-04     0.248440E-04     0.269404E-04     0.312167E-04
  0.331671E-04     0.392624E-04     0.398042E-04     0.270846E-04     0.477828E-04
  0.402584E-04     0.322715E-04     0.350119E-04     0.489250E-04     0.463672E-04
  0.532930E-04     0.252569E-04     0.410445E-04     0.362733E-04     0.337861E-04
  0.511358E-04     0.337040E-04     0.301243E-04     0.248271E-04     0.308800E-04
  0.570623E-04     0.580465E-04     0.484811E-04     0.300612E-04     0.455888E-04
  0.425889E-04     0.354648E-04     0.327965E-04     0.473026E-04     0.509638E-04
  0.512385E-04     0.397610E-04     0.396545E-04     0.442529E-04     0.364668E-04
  0.386494E-04     0.388768E-04     0.412518E-04     0.443996E-04     0.404566E-04
  0.439873E-04     0.353389E-04     0.587381E-04     0.551391E-04     0.427778E-04
  0.363086E-04     0.300349E-04     0.358414E-04     0.466220E-04     0.386646E-04
  0.368491E-04     0.416560E-04     0.410330E-04     0.445922E-04     0.397271E-04
  0.389539E-04     0.425775E-04     0.389589E-04     0.397062E-04     0.356163E-04
  0.421625E-04     0.348692E-04     0.414645E-04     0.485708E-04     0.356052E-04
  0.447430E-04     0.354660E-04     0.319771E-04     0.350508E-04     0.298102E-04
  0.399469E-04     0.526901E-04     0.410039E-04     0.310811E-04     0.338096E-04
  0.341615E-04     0.698599E-04     0.595462E-04     0.256150E-04     0.306371E-04
  0.290158E-04     0.229931E-04     0.383109E-04     0.185441E-04     0.388971E-04
  0.313708E-04     0.565980E-04     0.301048E-04     0.270300E-04     0.274237E-04
  0.285757E-04     0.533699E-04     0.624331E-04     0.767015E-04     0.367686E-04
  0.342187E-04     0.366359E-04     0.417754E-04     0.516934E-04     0.548985E-04
  0.241099E-04     0.401197E-04     0.408181E-04     0.351640E-04     0.271118E-04
  0.315481E-04     0.253381E-04     0.346033E-04     0.210126E-04     0.391892E-04
  0.395928E-04     0.422505E-04     0.324700E-04     0.514863E-04     0.380516E-04
  0.347103E-04     0.489253E-04     0.352143E-04     0.337592E-04     0.283786E-04
  0.121059E-03     0.133696E-03     0.180121E-03     0.105097E-03     0.124771E-03
  0.128804E-03     0.172336E-03     0.214381E-03     0.178898E-03     0.283477E-03
  0.190373E-03     0.508185E-03     0.571552E-03     0.720646E-03     0.486315E-03
  0.973368E-03     0.777946E-03     0.739577E-03     0.123690E-02     0.809305E-03
  0.751875E-03     0.102171E-02     0.128205E-02     0.976199E-03     0.157203E-02
  0.110221E-02     0.100394E-02     0.198196E-02     0.250946E-02     0.243746E-02
  0.216953E-02     0.245321E-02     0.434908E-02     0.250067E-02     0.331800E-02
  0.292909E-02     0.480479E-02     0.363166E-02     0.544261E-02     0.240093E-02
  0.428921E-02     0.452565E-02     0.651175E-02     0.391435E-02     0.498836E-02
  0.531991E-02     0.563512E-02     0.679117E-02     0.854482E-02     0.628751E-02
  0.950881E-02     0.407021E-02     0.988831E-02     0.101784E-01     0.982326E-02
  0.945544E-02     0.902838E-02     0.141538E-01
 eigen energies, in eV 
    -44.398205       -44.295275       -44.191983       -44.179568       -43.908018
    -28.238493       -28.203689       -28.189625       -28.091758       -27.992457
    -27.955941       -27.942142       -27.903410       -27.866338       -27.858992
    -27.844337       -27.836897       -27.791732       -27.756373       -27.717039
    -27.686128       -27.675486       -27.666324       -27.634941       -27.624488
    -27.618041       -27.606244       -27.586304       -27.564437       -27.542202
    -27.495414       -27.475673       -27.355073       -27.338940       -27.337567
    -27.336821       -27.299153       -27.274154       -27.267805       -27.239545
    -27.238518       -27.227065       -27.212523       -27.205076       -27.179462
    -27.168213       -27.166525       -27.161702       -27.135699       -27.035519
    -26.991925       -26.990510       -26.968195       -26.945829       -26.886333
    -26.818597       -26.804330       -26.782198       -26.766050       -26.762815
    -26.746139       -26.691509       -26.681477       -26.656813       -26.611099
    -26.592748       -26.559047       -26.548701       -26.532325       -26.511419
    -26.351196       -26.349912       -26.332942       -26.319552       -26.307354
    -26.304441       -26.301684       -26.234132       -26.230159       -26.201245
    -26.197458       -26.171625       -26.159452       -26.096894       -26.032198
    -26.000508       -25.996479       -25.960704       -25.905709       -25.880162
    -25.856728       -25.847109       -25.838500       -25.831304       -25.796064
    -25.792077       -25.791419       -25.789111       -25.772362       -25.737015
    -25.683886       -25.682573       -25.658882       -25.658008       -25.654948
    -25.646337       -25.630236       -25.599243       -25.595086       -25.582971
    -25.579303       -25.536255       -25.476457       -25.476141       -25.476071
    -25.462085       -25.450608       -25.439744       -25.404372       -25.395239
    -25.376766       -25.313808       -25.290946       -25.287236       -25.272696
    -25.262468       -25.247108       -25.239956       -25.193833       -25.192683
    -25.169003       -25.095456       -25.012554       -24.997044       -24.899750
    -24.003723       -23.907555       -23.682176       -23.597110       -23.587633
    -23.563895       -23.524386       -23.510899       -23.494896       -23.426054
    -23.413933       -23.376300       -23.346801       -23.345836       -23.319806
    -23.316349       -23.311249       -23.229297       -23.211972       -23.179092
    -23.170616       -23.086630       -23.046369       -23.033771       -23.012566
    -22.996987       -22.964103       -22.931905       -22.897897       -22.876924
    -22.857757       -22.831891       -22.759267       -22.716888       -22.681017
    -21.806678       -21.443361       -21.438222       -21.366383       -21.361724
    -21.296439       -21.277430       -21.228192       -21.187872       -21.169517
    -21.143296       -21.123605       -21.092705       -21.072918       -21.057211
    -21.008030       -20.937688       -20.810298       -20.800113       -20.555063
    -18.506882       -18.485322       -18.394479       -18.235092       -18.157670
    -16.189007       -16.176827       -16.145423       -16.137025       -16.074977
    -16.072796       -16.069799       -15.995746       -15.977164       -15.968986
    -15.793608       -15.746173       -15.647548       -15.498267       -15.493761
    -14.989961       -14.912818       -14.886339       -14.878443       -14.861998
    -14.851266       -14.819210       -14.751395       -14.724512       -14.660853
    -14.614944       -14.573058       -14.545364       -14.544105       -14.535005
    -14.521479       -14.510963       -14.486184       -14.483262       -14.444997
    -14.427194       -14.386619       -14.360488       -14.030620       -13.998847
    -13.782359       -13.676048       -13.631121       -13.518911       -13.497548
    -13.483149       -13.463471       -13.447812       -13.421641       -13.388531
    -13.381925       -13.368013       -13.360361       -13.320171       -13.313844
    -13.294033       -13.291627       -13.267834       -13.263972       -13.247462
    -13.235140       -13.232573       -13.174930       -13.154084       -13.148146
    -13.062763       -13.041933       -13.020614       -12.990307       -12.792410
    -12.184517       -12.120775       -12.023918       -12.006022       -12.003009
    -11.972215       -11.928938       -11.922039       -11.918493       -11.878786
    -11.845979       -11.822552       -11.782567       -11.656494       -11.646162
    -11.615863       -11.563027       -11.543457       -11.534584       -11.461001
    -11.418753       -11.392748       -11.378645       -11.358884       -11.283090
    -11.261479       -11.218157       -11.190971       -11.184523       -11.097479
    -11.079262       -11.054256       -11.052469       -11.007471       -10.985024
    -10.896368       -10.858721       -10.807183       -10.742098       -10.658422
    -10.652827       -10.623772       -10.571498       -10.557070       -10.529022
    -10.482038       -10.458166       -10.451002       -10.431777       -10.414149
    -10.393250       -10.382742       -10.374158       -10.358583       -10.341475
    -10.335584       -10.307041       -10.292858       -10.271839       -10.267532
    -10.259241       -10.252099       -10.237805       -10.233702       -10.223777
    -10.214939       -10.199993       -10.183876       -10.173527       -10.158454
    -10.139805       -10.115110       -10.092440       -10.088370       -10.070580
    -10.066926       -10.060802       -10.042372       -10.020685       -10.018102
    -10.010617       -10.001055        -9.985203        -9.955637        -9.953712
     -9.949205        -9.926722        -9.913902        -9.910760        -9.881625
     -9.874017        -9.860890        -9.859181        -9.834689        -9.827680
     -9.805978        -9.793954        -9.788433        -9.785419        -9.766043
     -9.737922        -9.732055        -9.693135        -9.674949        -9.663997
     -9.650920        -9.645533        -9.632933        -9.621993        -9.608473
     -9.593088        -9.577961        -9.564805        -9.556297        -9.547186
     -9.542221        -9.530144        -9.496873        -9.489457        -9.477337
     -9.461771        -9.448969        -9.440883        -9.437076        -9.424137
     -9.419676        -9.391584        -9.384247        -9.355927        -9.342046
     -9.336218        -9.315644        -9.303506        -9.294179        -9.286008
     -9.272394        -9.270358        -9.262311        -9.214109        -9.200992
     -9.163749        -9.160401        -9.143353        -9.139286        -9.119754
     -9.102866        -9.093721        -9.082964        -9.062934        -9.050370
     -9.028051        -9.016489        -9.005139        -8.998802        -8.987530
     -8.965770        -8.956650        -8.949239        -8.941987        -8.930470
     -8.926791        -8.918764        -8.911591        -8.907023        -8.901947
     -8.885193        -8.882213        -8.872726        -8.853907        -8.841474
     -8.833794        -8.829381        -8.801836        -8.766206        -8.752001
     -8.742039        -8.725405        -8.715278        -8.709248        -8.705490
     -8.686833        -8.675324        -8.649680        -8.641896        -8.623313
     -8.598843        -8.588549        -8.569469        -8.555326        -8.535887
     -8.520466        -8.512428        -8.509131        -8.486585        -8.464010
     -8.463096        -8.442389        -8.418161        -8.398700        -8.377932
     -8.357367        -8.343752        -8.337406        -8.334570        -8.309013
     -8.284165        -8.262062        -8.251744        -8.248648        -8.235898
     -8.204242        -8.139306        -8.132117        -8.124707        -8.110916
     -8.087763        -8.079582        -8.060690        -8.044827        -8.038173
     -7.988028        -7.983040        -7.954583        -7.941861        -7.885900
     -7.869614        -7.849045        -7.832684        -7.797203        -7.791523
     -7.779155        -7.764933        -7.734950        -7.715070        -7.701401
     -7.696123        -7.672632        -7.652916        -7.594667        -7.586593
     -7.565100        -7.541103        -7.511421        -7.481869        -7.472350
     -7.452821        -7.410487        -7.387549        -7.376728        -7.334742
     -7.325647        -7.291085        -7.274060        -7.262990        -7.250014
     -7.230937        -7.194763        -7.184426        -7.170502        -7.167996
     -7.158117        -7.139517        -7.137339        -7.115918        -7.040233
     -7.006666        -6.998980        -6.982864        -6.975300        -6.968132
     -6.966214        -6.953378        -6.898899        -6.890354        -6.846035
     -6.829461        -6.815058        -6.804478        -6.774476        -6.773270
     -6.760509        -6.754229        -6.737073        -6.717003        -6.707517
     -6.683358        -6.673023        -6.651499        -6.649866        -6.616792
     -6.582905        -6.577592        -6.571350        -6.556268        -6.552228
     -6.535640        -6.530435        -6.507266        -6.493276        -6.483727
     -6.482236        -6.469604        -6.443736        -6.426665        -6.426262
     -6.409846        -6.397922        -6.383682        -6.361384        -6.357278
     -6.351886        -6.345531        -6.333458        -6.318250        -6.312359
     -6.304861        -6.287135        -6.283885        -6.253513        -6.246290
     -6.235666        -6.225824        -6.216776        -6.210373        -6.199006
     -6.183550        -6.169421        -6.166490        -6.161821        -6.141778
     -6.138369        -6.127625        -6.122115        -6.120264        -6.109584
     -6.106801        -6.098746        -6.090969        -6.087101        -6.084179
     -6.068387        -6.061078        -6.054990        -6.051376        -6.042262
     -6.030178        -6.029342        -6.021185        -6.011954        -6.004187
     -5.999172        -5.985558        -5.973443        -5.963025        -5.957936
     -5.949516        -5.932674        -5.928012        -5.915029        -5.901870
     -5.896561        -5.886132        -5.878762        -5.870641        -5.862764
     -5.862045        -5.852660        -5.846473        -5.828398        -5.822299
     -5.815670        -5.797515        -5.789351        -5.779306        -5.773796
     -5.769936        -5.761471        -5.750059        -5.739928        -5.737405
     -5.726172        -5.720866        -5.714920        -5.713116        -5.700231
     -5.692066        -5.689788        -5.681944        -5.672811        -5.658976
     -5.655854        -5.650428        -5.639936        -5.634767        -5.628826
     -5.620809        -5.614720        -5.610891        -5.608852        -5.597149
     -5.595965        -5.593640        -5.588211        -5.574195        -5.563599
     -5.561593        -5.552309        -5.539686        -5.534703        -5.520425
     -5.517506        -5.508024        -5.500622        -5.495079        -5.487337
     -5.482990        -5.476252        -5.469376        -5.454374        -5.452838
     -5.450315        -5.440317        -5.434177        -5.428001        -5.417629
     -5.414899        -5.405945        -5.404043        -5.389995        -5.382273
     -5.380279        -5.368195        -5.358849        -5.356927        -5.353298
     -5.350450        -5.344162        -5.333620        -5.330487        -5.325141
     -5.322711        -5.312081        -5.308873        -5.306503        -5.300893
     -5.291972        -5.289154        -5.280956        -5.277622        -5.266671
     -5.262778        -5.258298        -5.255832        -5.253215        -5.239031
     -5.227190        -5.224724        -5.217310        -5.207403        -5.193304
     -5.184357        -5.179193        -5.174833        -5.167476        -5.160401
     -5.156359        -5.147854        -5.145076        -5.142263        -5.137688
     -5.134541        -5.128226        -5.123037        -5.118132        -5.113245
     -5.107529        -5.103741        -5.100853        -5.094238        -5.091728
     -5.081656        -5.074491        -5.064978        -5.063878        -5.053344
     -5.049311        -5.044434        -5.033428        -5.027709        -5.021947
     -5.013686        -4.998868        -4.993065        -4.988027        -4.978438
     -4.977606        -4.971442        -4.964558        -4.961726        -4.949420
     -4.944194        -4.943774        -4.938609        -4.934769        -4.927234
     -4.922272        -4.919936        -4.912816        -4.912433        -4.901758
     -4.894006        -4.880059        -4.875752        -4.867005        -4.866041
     -4.858002        -4.857168        -4.848586        -4.837459        -4.832995
     -4.822750        -4.815549        -4.802711        -4.794039        -4.788478
     -4.783927        -4.773718        -4.771024        -4.756189        -4.748799
     -4.743035        -4.735008        -4.731769        -4.727209        -4.721859
     -4.716522        -4.713118        -4.705302        -4.690337        -4.688066
     -4.682019        -4.677398        -4.673540        -4.666533        -4.661387
     -4.650969        -4.646519        -4.639295        -4.633777        -4.629863
     -4.625753        -4.621645        -4.613805        -4.609658        -4.603116
     -4.591664        -4.582749        -4.571336        -4.561720        -4.543634
     -4.531441        -4.525849        -4.513929        -4.500917        -4.491788
     -4.486743        -4.481453        -4.473351        -4.463708        -4.449335
     -4.428016        -4.424801        -4.406012        -4.391704        -4.376073
     -4.369827        -4.345109        -4.340958        -4.315234        -4.295654
     -4.273586        -4.268146        -4.255024        -4.227460        -4.215414
     -4.203116        -4.190265        -4.158914        -4.143073        -4.119266
     -4.113877        -4.086152        -4.065501        -4.015220        -4.008744
     -3.994650        -3.959001        -3.943113        -3.927531        -3.896656
     -3.889077        -3.870521        -3.847299        -3.839677        -3.836616
     -3.806308        -3.794296        -3.784950        -3.777698        -3.768582
     -3.743000        -3.728875        -3.719569        -3.713553        -3.702184
     -3.695752        -3.672758        -3.667013        -3.660679        -3.654025
     -3.650081        -3.640502        -3.630545        -3.596550        -3.586972
     -3.578561        -3.569072        -3.564498        -3.561685        -3.553055
     -3.540167        -3.522379        -3.517436        -3.488684        -3.469692
     -3.445905        -3.425026        -3.416365        -3.411203        -3.408866
     -3.398514        -3.396516        -3.385962        -3.382415        -3.372421
     -3.368821        -3.347966        -3.327067        -3.316861        -3.313543
     -3.307244        -3.298098        -3.293459        -3.283223        -3.262522
     -3.259461        -3.249198        -3.230528        -3.202082        -3.193985
     -3.181069        -3.166761        -3.156533        -3.119496        -3.083291
     -3.059728        -3.025846        -3.023060        -2.999480        -2.952779
     -2.944019        -2.924026        -2.918168        -2.821470        -2.755477
     -2.702448        -2.692979        -2.653606        -2.648057        -2.639856
     -2.630290        -2.619078        -2.613536        -2.592186        -2.589776
     -2.584828        -2.576872        -2.529580        -2.458347        -2.436459
     -2.401407        -2.389743        -2.342415        -2.285059        -2.280178
     -2.254848        -2.229442        -2.181851        -2.177325        -2.165504
     -2.161036        -2.150633        -2.074847        -2.069628        -1.789718
      2.705915         2.813398         2.858184         2.882841         2.956815
      2.962143         3.018948         3.059526         3.176162         3.205476
      3.207163         3.271808         3.294696         3.358437         3.389048
      3.405194         3.446835         3.473187         3.497460         3.513336
      3.567733         3.599771         3.624779         3.650698         3.663867
      3.702475         3.726973         3.772032         3.781204         3.787799
      3.816155         3.831326         3.843880         3.851170         3.890876
      3.909956         3.943194         3.954662         3.989242         4.001755
      4.008580         4.034199         4.044599         4.051455         4.086585
      4.093188         4.124805         4.156983         4.175492         4.195928
      4.211064         4.234482         4.257883         4.280504         4.353009
      4.363066         4.374702         4.461236
 *********************************
 total computation time (sec)=   1996.39946508408     
