 AEM_Eatom=  9.462969524719974E-003
 AEM_Egroup=  9.960338987900989E-004
 AEM_Etot=  1.127551071926563E-003
 AEM_F=  0.500203299580486     
