 AEM_Eatom=  6.069686254950554E-002
 AEM_Egroup=  5.349986239240764E-003
 AEM_Etot=  1.626626153383930E-003
 AEM_F=  0.570727617116778     
