 AEM_Eatom=  5.935389265711353E-003
 AEM_Egroup=  5.141178141615839E-004
 AEM_Etot=  2.901261612545117E-003
 AEM_F=  0.501312820967387     
