 AEM_Eatom=  5.052317109139272E-002
 AEM_Egroup=  2.078844528605327E-003
 AEM_Etot=  3.832834233635661E-003
 AEM_F=  0.503590847071658     
