 AEM_Eatom=  1.079715889558207E-003
 AEM_Egroup=  1.901372695074251E-004
 AEM_Etot=  1.002091057125670E-003
 AEM_F=  0.500100469470648     
