 AEM_Eatom=  0.151515451060733     
 AEM_Egroup=  9.737562830140174E-003
 AEM_Etot=  1.367025353569113E-003
 AEM_F=  0.504024967476415     
