 AEM_Eatom=  2.446888600096854E-002
 AEM_Egroup=  3.550201644792947E-003
 AEM_Etot=  1.013567178450036E-003
 AEM_F=  0.503011035826730     
