 AEM_Eatom=  7.990948468154705E-003
 AEM_Egroup=  5.191866603564223E-004
 AEM_Etot=  8.717458562373398E-004
 AEM_F=  0.500475669689603     
