 AEM_Eatom=  1.293898066071919E-002
 AEM_Egroup=  1.753213449260440E-003
 AEM_Etot=  7.878614192606253E-004
 AEM_F=  0.501252495791065     
