 AEM_Eatom=  0.180795471730902     
 AEM_Egroup=  1.161357964501710E-002
 AEM_Etot=  9.643577966949516E-003
 AEM_F=   1.23816074278256     
