 AEM_Eatom=  3.615409117317431E-002
 AEM_Egroup=  2.432550692698925E-003
 AEM_Etot=  2.998515137474303E-003
 AEM_F=  0.502177121986513     
