 AEM_Eatom=  3.406308887913191E-002
 AEM_Egroup=  1.508803343656850E-003
 AEM_Etot=  7.639770670106511E-003
 AEM_F=  0.502397204636912     
