 AEM_Eatom=  1.851918076785706E-002
 AEM_Egroup=  1.906359775519461E-003
 AEM_Etot=  4.928758926331334E-004
 AEM_F=  0.506710290618238     
