  4.949256288293369E-003   7938.59981222412     
 -7.910836429479477E-005   202.010938263090     
  6.404721155353260E-005   202.002051727492     
  2.793478162816476E-005   201.988363326200     
 -2.888143690196892E-005   201.988584948753     
  1.131319147778703E-005   201.985675320482     
  1.118513745201831E-005   201.985663449815     
 -3.568929218590742E-005   201.990396298571     
  4.208580316496256E-005   201.992446292059     
 -3.470438063318162E-006   201.985197593481     
 -6.002585729189766E-006   201.985296427511     
  9.079962879374817E-006   201.985487670426     
  2.065154574671199E-006   201.985165541355     
 -1.079424955799456E-005   201.985628050133     
  5.860880594340442E-007   201.985149384170     
  7.017169841867898E-006   201.985350855263     
  1.287364820720508E-005   201.985830832191     
 -4.345305368465698E-007   201.985148746835     
  2.177874206357824E-006   201.985167511977     
 -4.747883548866056E-006   201.985240850248     
 -3.215918230644725E-006   201.985190581503     
  6.899278679483082E-007   201.985149930117     
  2.389166788104549E-006   201.985171487990     
  3.292160798799365E-006   201.985192625950     
 -7.994006913013961E-008   201.985147995172     
  2.805647980490181E-007   201.985148293131     
  6.892595137057261E-006   201.985343715574     
 -2.138464670333195E-006   201.985166810976     
 -1.854219280913883E-006   201.985162134897     
 -5.420375741233170E-007   201.985149179327     
 -1.923061294903157E-006   201.985163206347     
 -5.159962921182682E-007   201.985149065406     
  5.080861893651008E-007   201.985149032346     
 -5.542489144024859E-007   201.985149234710     
 -2.748986615365567E-007   201.985148277991     
 -1.262783104892814E-006   201.985154537115     
 -6.373317153947252E-008   201.985147985941     
  6.917683977539950E-007   201.985149940642     
 -2.852374807128184E-007   201.985148302934     
  6.489913511210352E-008   201.985147986077     
  3.214482188673607E-008   201.985147972876     
  5.956149387958292E-007   201.985149430209     
  1.147897735385685E-006   201.985153396123     
 -1.771558397424514E-007   201.985148097843     
 -4.603875376038665E-007   201.985148842123     
  8.094739641194178E-007   201.985150668950     
 -7.609641610853681E-007   201.985150354605     
 -7.731418330610518E-007   201.985150432057     
  1.143218704066458E-006   201.985153354032     
 -8.237257238379560E-007   201.985150764794     
  1.929556044442107E-008   201.985147969786     
 -9.741829882012498E-007   201.985151879032     
  3.391479414294800E-007   201.985148442811     
  5.767681137643003E-008   201.985147982266     
 -4.941366370003782E-007   201.985148974836     
  3.758733280212630E-007   201.985148550188     
 -1.232087684527269E-007   201.985148031866     
  4.848659567190582E-007   201.985148937389     
 -1.496486823354971E-007   201.985148061091     
  4.062962761475048E-007   201.985148649583     
  5.379711712400329E-007   201.985149161591     
  6.767626022140549E-007   201.985149856173     
 -4.306871328035560E-008   201.985147976999     
 -1.985644857070580E-007   201.985148131071     
  7.191713220136533E-007   201.985150100363     
  2.420248977527925E-007   201.985148210341     
  3.756032516466328E-007   201.985148549588     
 -1.985940599832432E-007   201.985148130051     
  4.178667193172158E-008   201.985147977295     
 -4.265136674779384E-007   201.985148717895     
  1.747847888595425E-007   201.985148096091     
 -1.998784240994948E-007   201.985148134461     
  1.992125717800777E-007   201.985148130477     
 -5.867688674635690E-008   201.985147981904     
 -1.276627896894509E-008   201.985147972315     
 -5.250107573847957E-007   201.985149107161     
  3.969897320758123E-008   201.985147975548     
 -1.606179749806592E-007   201.985148078660     
 -9.276359847870694E-008   201.985148005045     
 -9.749244610478948E-009   201.985147968945     
 -1.310469364686057E-007   201.985148039360     
 -3.481841129746299E-007   201.985148471258     
  2.236845620377084E-008   201.985147972422     
  1.504288519720492E-008   201.985147970584     
 -8.002288941449559E-008   201.985147995509     
  8.148439911315178E-008   201.985147997652     
  1.533562436064294E-007   201.985148065251     
 -2.990505944537918E-007   201.985148339495     
  0.000000000000000E+000   1.00000000000000     
