  3.498595460501807E-003   8075.94154249472     
 -7.585396969212212E-005   285.717214085795     
  6.736568807061585E-005   285.703037576310     
 -2.644892002857029E-005   285.658288474249     
  3.614131334522704E-005   285.665359203676     
 -4.454004044619796E-005   285.673257754218     
 -1.025420092491709E-005   285.651361060775     
 -2.119272644780626E-005   285.655369959102     
  7.111601232208586E-007   285.650141549461     
 -3.055216411976932E-006   285.650244437612     
  4.965119265023647E-006   285.650422953970     
 -6.766470291588819E-006   285.650669234675     
 -7.574273236827169E-006   285.650804240693     
 -1.423244636079243E-005   285.652496339197     
 -4.820460606957514E-006   285.650406456949     
  9.114790673636923E-006   285.651103864057     
  2.123587995808923E-006   285.650188210446     
 -1.966921517186191E-006   285.650180742083     
  1.884857106389849E-006   285.650177058329     
  3.439006371883230E-006   285.650273484251     
 -3.669502701638175E-008   285.650135671162     
 -1.053978406341981E-006   285.650148601552     
  1.249213354225578E-006   285.650153842020     
  1.880497978511376E-007   285.650136068309     
 -1.017544951951760E-007   285.650135776094     
  5.792958492498157E-008   285.650135694495     
 -1.203075564869339E-006   285.650152523345     
 -5.587983392784463E-007   285.650139294408     
  3.659614344024331E-007   285.650137215598     
 -1.487058964767016E-006   285.650161428463     
 -1.475641263749728E-007   285.650135909648     
  2.126458145359136E-006   285.650188351586     
  1.692228564052934E-006   285.650169028340     
 -4.478557696003170E-007   285.650137993033     
  2.939311520934800E-007   285.650136661387     
  4.337375663556783E-007   285.650137848851     
 -3.496602698368683E-007   285.650137080285     
 -1.165653797770130E-006   285.650151491039     
 -3.839343349442680E-007   285.650137373057     
  5.611029656304730E-007   285.650139324476     
  7.499911793128267E-007   285.650142210870     
 -5.028677851556111E-007   285.650138602067     
  2.508807226388181E-006   285.650209007923     
 -1.260299803128095E-007   285.650135839649     
 -5.318294107054022E-007   285.650138950044     
 -1.944478432199073E-007   285.650136097044     
 -7.043885860451852E-008   285.650135715312     
 -1.718559417730987E-007   285.650135991122     
 -6.367640425092258E-008   285.650135699345     
  1.324866742133063E-007   285.650135860421     
 -7.697657229545875E-007   285.650142559655     
  1.889193400713766E-007   285.650136079340     
 -1.777863778469535E-007   285.650136021253     
  0.000000000000000E+000   1.00000000000000     
