  6.999955228948739E-003   6646.36340960466     
 -1.395450691866255E-004   142.853443209973     
 -8.426564446901702E-007   142.825068862135     
 -2.004641004605532E-005   142.825653236496     
  5.060166572476259E-005   142.828798009230     
 -5.428554841291812E-006   142.825110756854     
 -1.244951592600903E-005   142.825293609728     
  3.886062481676026E-007   142.825068047770     
  6.950351557679442E-007   142.825068531608     
  2.105527310615365E-006   142.825074285378     
 -1.067926945009935E-006   142.825069488655     
 -2.258297611553302E-006   142.825075256548     
 -6.072902868459870E-007   142.825068364543     
  0.000000000000000E+000   1.00000000000000     
