  7.000009596393011E-003   6760.99709148119     
 -1.398405781602793E-004   142.853563552037     
  1.470695799193918E-005   142.825382914728     
 -1.986907663668674E-005   142.825642925026     
 -1.651059094740624E-005   142.825464937326     
 -3.334937541642515E-005   142.826688018381     
 -1.935510877482472E-006   142.825073284803     
  1.341311787631663E-005   142.825329913852     
 -5.050550345068118E-006   142.825104986461     
 -4.111552637698140E-006   142.825092453875     
 -6.468448501273874E-006   142.825128779157     
 -1.956780836843497E-006   142.825073405531     
  5.218285974770962E-006   142.825107495740     
  4.312835727719605E-006   142.825094923912     
  1.547865596778405E-006   142.825071318002     
  6.099375211236235E-007   142.825068369735     
  6.993487023505310E-007   142.825068540127     
  7.632886297606701E-008   142.825067835587     
 -4.620116821497491E-007   142.825068138597     
  1.147813956988909E-006   142.825069746703     
 -3.923031960319530E-007   142.825068051596     
  5.178246614047464E-007   142.825068218515     
  1.657446726107943E-008   142.825067828272     
  4.140979185681067E-007   142.825068076026     
  3.118650099906557E-007   142.825067967937     
 -7.036884519363108E-007   142.825068546003     
  1.205535463561323E-007   142.825067849692     
  5.362715137088484E-007   142.825068246189     
  1.376365698603062E-007   142.825067850305     
  0.000000000000000E+000   1.00000000000000     
