  4.946077907412105E-003   4597.09260470214     
 -1.922177655100835E-004   202.137555592559     
 -7.238588263761354E-005   202.006740606643     
 -4.576334548679599E-005   201.993777588960     
 -8.998116094747845E-006   201.985481573873     
  2.643624074868421E-005   201.988027600907     
 -2.001762262492431E-005   201.986799012806     
 -1.489530195723476E-005   201.986062145002     
  1.601110646467433E-005   201.986204237533     
  2.723610109998362E-005   201.988204494525     
  8.743351276553734E-007   201.985151118655     
  2.413429719841843E-006   201.985171968189     
  1.076170174482821E-005   201.985625159310     
 -9.727270081607590E-007   201.985151867470     
  1.641778617350895E-006   201.985159074834     
  1.742887334510618E-005   201.986399584493     
  5.320250920578536E-006   201.985264594176     
 -5.751205124840862E-006   201.985284253362     
  3.955113576679501E-006   201.985212422347     
 -7.363375657325784E-006   201.985371368743     
 -4.994810711984918E-006   201.985250762460     
 -3.010110660108892E-006   201.985185301394     
  3.624696823984316E-006   201.985202103050     
 -4.172673866431826E-007   201.985148685716     
 -8.866377663821549E-007   201.985151207769     
  1.226306521714620E-006   201.985154165087     
  2.575238248738878E-006   201.985175293750     
  5.247144909018888E-007   201.985149102116     
  2.902040992060300E-006   201.985182666273     
 -1.103858733043035E-006   201.985152989382     
 -4.821150919900603E-007   201.985148926515     
  2.516511933401668E-007   201.985148229861     
 -3.077559903899758E-007   201.985148359413     
 -3.590839537217372E-007   201.985148500252     
  4.021644142999869E-008   201.985147974046     
  1.084977725777309E-007   201.985148018799     
 -2.933109819378476E-007   201.985148323872     
  1.002136494835098E-006   201.985152102345     
 -1.193874228576299E-007   201.985148027779     
  2.804288678413285E-007   201.985148292625     
  6.232975120100957E-007   201.985149567858     
 -3.701021203700681E-007   201.985148533215     
 -5.078737785070589E-007   201.985149030171     
  9.148175774253742E-008   201.985147995328     
 -2.668437395424621E-007   201.985148259718     
  3.393009067712609E-008   201.985147977314     
  2.346505061553216E-007   201.985148193717     
  3.927872844935820E-007   201.985148604003     
  2.773129566667908E-007   201.985148285829     
 -4.250419932456388E-007   201.985148712441     
 -3.055431785451206E-007   201.985148353513     
  1.406223075433134E-007   201.985148046802     
  2.720052435587966E-007   201.985148273540     
  4.494133946792511E-007   201.985148797957     
  3.037535849629667E-007   201.985148347263     
  5.981463800084953E-007   201.985149440860     
 -3.557485110421553E-007   201.985148491356     
  1.029355142676405E-007   201.985148010941     
 -6.964335594806288E-008   201.985147988203     
 -2.865719259610477E-007   201.985148299450     
 -4.280193389189519E-007   201.985148703867     
  8.940670969497202E-007   201.985151258655     
 -5.818186558363296E-007   201.985149358208     
  1.151127252253477E-007   201.985148020316     
  6.084513897796071E-007   201.985149493727     
  4.716475489426425E-008   201.985147961202     
  3.805120524406340E-008   201.985147975282     
 -4.146932434159105E-007   201.985148669642     
 -1.296919720815321E-007   201.985148034019     
 -6.069183857625685E-007   201.985149487014     
  4.512914277096813E-007   201.985148813422     
  6.903762706734424E-007   201.985149930181     
 -2.934914380470959E-007   201.985148320630     
 -4.371457601461004E-007   201.985148763009     
 -1.318816073487039E-007   201.985148047734     
 -2.254094921371919E-007   201.985148174078     
 -1.189120095293843E-007   201.985148021705     
 -1.084807072859185E-007   201.985148011391     
  1.109083450069984E-007   201.985148012206     
 -1.729397758377477E-007   201.985148082754     
  1.852032759364007E-007   201.985148107161     
 -1.690112532982617E-007   201.985148082247     
 -4.859645672876896E-008   201.985147969917     
  1.635555721237804E-007   201.985148063388     
 -1.006012610053170E-008   201.985147963008     
  3.303786091168627E-007   201.985148393320     
 -8.402215735555247E-008   201.985147956461     
 -9.541020552989293E-008   201.985147991034     
 -1.085030681340813E-007   201.985148008791     
 -3.896583596137564E-007   201.985148585772     
 -4.395178484918327E-008   201.985147974770     
  3.142786985339545E-007   201.985148345171     
  0.000000000000000E+000   1.00000000000000     
