       20400   2683616.31517620     
       20400   20458.7166059550     
       20400   16217.8412964043     
       20400   13105.9082621355     
       20400   3894.15609075377     
       20400   1379.85128028220     
       20400   1232.71583298960     
       20400   994.589128386116     
       20400   762.929457515013     
       20400   559.264329260903     
       20400   342.779826518371     
       20400   217.900676460695     
       20400   213.104163395151     
       20400   161.121535095494     
       20400   154.439113943412     
       20400   117.312811315496     
       20400   82.2413356058504     
       20400   29.8965786782144     
       20400   16.7109880633602     
       20400   15.4086593769037     
       20400   13.8021087716991     
       20400   10.6843215400166     
       20400   8.05302327460645     
       20400   6.40390042580766     
       20400   6.17050136535239     
       20400   5.56136288695507     
       20400   4.86615154379567     
       20400   4.30669149170668     
       20400   3.85111366416358     
       20400   3.31080034765260     
       20400   3.07207261953829     
       20400   3.03536352851114     
       20400   2.36237934091011     
       20400   2.06435675813832     
       20400   1.80418527069127     
       20400   1.42379410881025     
       20400   1.40139807236824     
       20400   1.37512894665637     
       20400   1.23409303178200     
       20400   1.16604239224921     
       20400   1.07863965736681     
       20400  0.907190112992251     
       20400  0.786200678783765     
       20400  0.706987349002909     
       20400  0.576980271311610     
       20400  0.410038622346603     
       20400  0.389519988193736     
       20400  0.317534626408678     
       20400  0.279999056677430     
       20400  0.246947313443865     
       20400  0.197231066154523     
       20400  0.185814198141227     
       20400  0.147474666738842     
       20400  0.129832585976285     
       20400  9.786226343241353E-002
       20400  9.187190639226737E-002
       20400  7.869241798881475E-002
       20400  6.412320962160095E-002
       20400  5.590957654358481E-002
       20400  5.163696842561689E-002
       20400  4.541756426462290E-002
       20400  4.076457359455669E-002
       20400  3.824497306063872E-002
       20400  3.512642848744488E-002
       20400  2.969376608199664E-002
       20400  2.813982320796466E-002
       20400  2.506023306641909E-002
       20400  2.443558143053796E-002
       20400  2.317621001607872E-002
       20400  2.178972739490330E-002
       20400  2.097806594157742E-002
       20400  1.975777659981595E-002
       20400  1.879733457955378E-002
       20400  1.695012503187407E-002
       20400  1.315356023313750E-002
       20400  1.118950606189299E-002
       20400  9.796355044560430E-003
       20400  9.318793677874353E-003
       20400  6.692569287895724E-003
       20400  6.597978231204110E-003
       20400  5.821157680088326E-003
       20400  4.582522046332602E-003
       20400  3.616801268190350E-003
       20400  3.202739390596591E-003
       20400  3.117470145251075E-003
       20400  2.417365186667305E-003
       20400  2.258276663554848E-003
       20400  1.867822771116419E-003
       20400  1.694005606016272E-003
       20400  1.412324820934448E-003
       20400  1.370424498289758E-003
       20400  1.093917142455285E-003
       20400  6.823529224559727E-004
       20400  6.617680936732900E-004
       20400  5.785301233360690E-004
       20400  4.777854003402645E-004
       20400  3.605246336865198E-004
       20400  2.838054489320961E-004
       20400  2.400925062739990E-004
       20400  2.096571849326135E-004
       20400  1.672678496968764E-004
       20400  1.641325474275943E-004
       20400  1.453153028911058E-004
       20400  1.423110961597920E-004
       20400  1.294989802800231E-004
       20400  1.280047204483383E-004
       20400  1.139102934814890E-004
       20400  9.265715879402340E-005
       20400  9.124847129486425E-005
       20400  8.497644082640436E-005
       20400  6.999218841138960E-005
       20400  6.558402582301331E-005
       20400  5.475317776441324E-005
       20400  4.788433579151787E-005
       20400  4.301738839604620E-005
       20400  3.295974623474979E-005
       20400  3.162290184601128E-005
       20400  1.952274718268978E-005
       20400  1.528485223722435E-005
       20400  1.189163419457389E-005
       20400  1.026730056898736E-005
       20400  8.331674136652072E-006
       20400  8.026507557436504E-006
       20400  4.016464396821184E-006
       20400  2.478504731988971E-006
       20400  1.927095493264009E-006
       20400  1.646760324569002E-006
       20400  1.109730224979448E-006
       20400  1.063479078661582E-006
       20400  8.086773133855432E-007
       20400  7.744672428223574E-007
       20400  6.690360811728340E-007
       20400  6.536109563497433E-007
       20400  5.457245992166240E-007
       20400  4.982295486981312E-007
       20400  2.332065327442031E-007
       20400  1.229621756250445E-007
       20400  8.943010023494742E-008
       20400  8.191003914518311E-008
       20400  4.553292235976681E-008
       20400  1.976897894580317E-008
       20400  1.033243474371854E-008
       20400  8.474001167913182E-009
       20400  1.621777228568992E-009
       20400  9.090867364256611E-010
       20400  7.108297856400535E-010
       20400  2.943003969668201E-011
       20400  4.317009127694849E-012
       20400  8.198088262892760E-013
       20400  5.400785640049250E-013
       20400  5.683584814553144E-014
       20400  6.814063507659049E-016
       20400  3.664363744042069E-016
       20400  2.308867210977850E-016
       20400  1.302420291019976E-016
       20400  1.205074027467858E-016
       20400  9.401408088137668E-017
       20400  8.860877019921574E-017
       20400  7.226019226578898E-017
       20400  4.773755515153576E-017
       20400  3.471125340603484E-017
       20400  2.569100480703464E-017
       20400  2.258834739069501E-017
       20400  1.298419803405217E-017
       20400  5.449505133688971E-018
       20400  3.673379483232109E-018
       20400  2.612249737879750E-018
       20400  1.171023322718571E-018
       20400  9.093205831711497E-019
       20400  1.603110740001300E-020
       20400  1.126230798949430E-020
       20400  1.038428138204205E-020
       20400  6.350442436986510E-021
       20400  4.142095471679569E-021
       20400  2.867160988386301E-021
       20400  1.288488605540932E-021
       20400  7.733739903071227E-022
       20400  5.655630122688713E-022
       20400  4.536498714811226E-022
       20400  3.185446932086019E-022
       20400  2.400840499212694E-022
       20400  1.411205997478300E-022
       20400  1.104534390200737E-022
       20400  7.401648651819796E-023
       20400  5.316801967582041E-023
       20400  4.049642683381403E-023
       20400  1.683837535592092E-023
       20400  7.236091829085802E-024
       20400  1.640789669053074E-024
       20400  2.350683671434220E-025
       20400  7.316310907293137E-026
       20400  2.849465207456832E-031
       20400  4.782820380364389E-032
       20400  2.084273615155321E-032
       20400  9.517570908318264E-033
       20400  8.009592408164972E-033
       20400  4.652527901198172E-033
       20400  3.202096934342025E-033
       20400  3.138321296068152E-033
       20400  2.619530295835604E-033
       20400  2.368502679812535E-033
       20400  2.217704529577644E-033
       20400  1.604371098089387E-033
       20400  1.181781270983721E-033
       20400  8.760277192071399E-034
       20400  4.300626380451591E-034
       20400  3.019187280033491E-034
       20400  1.894431753798713E-034
       20400  1.293912862365152E-034
       20400  6.429441722554388E-035
       20400  3.769144399226963E-035
       20400  3.001358240180379E-035
       20400  8.917933506363185E-037
       20400  2.639327413994064E-037
       20400  1.445716956716086E-037
       20400  1.335438413673562E-037
       20400  8.229484941239714E-038
       20400  5.281233452216608E-038
       20400  2.899523666000954E-038
       20400  2.456654950134889E-038
       20400  1.437726234392837E-038
       20400  1.146148748341965E-038
       20400  3.054661049515229E-039
       20400  2.190865054149332E-039
       20400  1.141068106767820E-039
       20400  6.475148224813390E-040
       20400  2.444358107979196E-040
       20400  1.129533297084674E-040
       20400  1.566397474883557E-041
       20400  7.379647168579055E-042
       20400  1.502364715715923E-042
       20400  5.327719057042168E-046
       20400  7.289313561502356E-047
       20400  1.975546201431585E-048
       20400  2.325398434422569E-050
       20400  1.891567459250834E-050
       20400  8.911374986789740E-051
       20400  3.252068832068263E-051
       20400  2.200345613234355E-051
       20400  3.581630514323354E-052
       20400  5.452889382982192E-053
       20400  2.967939077796117E-053
       20400  1.472148954853537E-053
       20400  1.160140636708759E-053
       20400  4.538788328521768E-054
       20400  2.657963460985595E-054
       20400  2.109067460060551E-054
       20400  1.419622717308355E-054
       20400  8.991353499852853E-055
       20400  5.763649773313814E-055
       20400  4.896730173849339E-055
       20400  2.181875774038476E-055
       20400  2.150740421507832E-055
       20400  1.142988954113563E-055
       20400  6.636959986284286E-069
       20400  3.014680228401218E-069
       20400  1.008647231937693E-069
       20400  4.605832499115796E-070
       20400  2.474284382513141E-070
       20400  2.167260175660884E-070
       20400  1.527183048351625E-070
       20400  6.975792924015748E-071
       20400  4.237671130642299E-071
       20400  3.599998095185491E-071
       20400  3.286537158025178E-071
       20400  1.282283052839195E-071
       20400  4.231829179122727E-072
       20400  1.173690586712885E-072
       20400  4.696013478996582E-085
       20400  6.436575317831900E-086
       20400  2.411252648897587E-086
       20400  1.163788611026250E-086
       20400  9.088662988460345E-087
       20400  7.253379757455734E-087
       20400  5.559932893456264E-087
       20400  3.787176205612277E-087
       20400  2.649821967880913E-087
       20400  2.070312229122991E-087
       20400  1.413385041983968E-087
       20400  1.198867153729137E-087
       20400  5.442420750728368E-088
       20400  1.862237820946791E-088
       20400  1.733307667659549E-101
       20400  6.546440749816210E-102
       20400  3.031983197280457E-102
       20400  1.596091359688433E-102
       20400  7.355353100469522E-103
       20400  3.197676055150206E-103
       20400  1.729363407666461E-103
       20400  1.504645676925110E-103
       20400  1.211871508964412E-103
       20400  8.700094945957988E-104
       20400  4.673194622841949E-104
       20400  2.395673339421021E-104
       20400  3.452939829106559E-105
       20400  5.697812624072481E-118
       20400  3.799621425273355E-118
       20400  1.375909698781413E-118
       20400  6.406336224511025E-119
       20400  2.613874416760072E-119
       20400  1.736232636893238E-119
       20400  1.149137885150004E-119
       20400  5.353149298466991E-120
       20400  2.925702134220993E-134
       20400  4.811845025018160E-135
       20400  3.361537304126832E-135
       20400  1.511825618936317E-135
       20400  5.603438375395905E-136
       20400  5.372679879276812E-136
       20400  2.824630560522493E-138
       20400  5.784345696633701E-151
       20400  1.445858070238107E-152
       20400  3.837172387111604E-167
       20400  5.663024669779368E-169
       20400  1.757638138629627E-170
       20400  6.599154359101164E-187
       20400  1.920023216729231E-200
       20400  0.000000000000000E+000
       20400  0.000000000000000E+000
       20400  0.000000000000000E+000
       20400  0.000000000000000E+000
       20400  0.000000000000000E+000
       20400  0.000000000000000E+000
       20400  0.000000000000000E+000
       20400  0.000000000000000E+000
       20400  0.000000000000000E+000
       20400  0.000000000000000E+000
       20400  0.000000000000000E+000
       20400  0.000000000000000E+000
       20400  0.000000000000000E+000
       20400  0.000000000000000E+000
       20400  0.000000000000000E+000
       20400  0.000000000000000E+000
       20400  0.000000000000000E+000
       20400  0.000000000000000E+000
       20400  0.000000000000000E+000
       20400  0.000000000000000E+000
       20400  0.000000000000000E+000
       20400  0.000000000000000E+000
       20400  0.000000000000000E+000
       20400  0.000000000000000E+000
       20400  0.000000000000000E+000
       20400  0.000000000000000E+000
       20400  0.000000000000000E+000
       20400  0.000000000000000E+000
       20400  0.000000000000000E+000
       20400  0.000000000000000E+000
       20400  0.000000000000000E+000
       20400  0.000000000000000E+000
       20400  0.000000000000000E+000
       20400  0.000000000000000E+000
       20400  0.000000000000000E+000
       20400  0.000000000000000E+000
       20400  0.000000000000000E+000
       20400  0.000000000000000E+000
       20400  0.000000000000000E+000
       20400  0.000000000000000E+000
       20400  0.000000000000000E+000
       20400  0.000000000000000E+000
       20400  0.000000000000000E+000
       20400  0.000000000000000E+000
       20400  0.000000000000000E+000
       20400  0.000000000000000E+000
       20400  0.000000000000000E+000
       20400  0.000000000000000E+000
       20400  0.000000000000000E+000
       20400  0.000000000000000E+000
       20400  0.000000000000000E+000
       20400  0.000000000000000E+000
       20400  0.000000000000000E+000
       20400  0.000000000000000E+000
       20400  0.000000000000000E+000
       20400  0.000000000000000E+000
       20400  0.000000000000000E+000
       20400  0.000000000000000E+000
       20400  0.000000000000000E+000
       20400  0.000000000000000E+000
       20400  0.000000000000000E+000
       20400  0.000000000000000E+000
       20400  0.000000000000000E+000
       20400  0.000000000000000E+000
       20400  0.000000000000000E+000
       20400  0.000000000000000E+000
       20400  0.000000000000000E+000
       20400  0.000000000000000E+000
       20400 -2.218319641780893E-201
       20400 -1.986463931975328E-200
       20400 -5.959118762058169E-185
       20400 -1.044703087558682E-184
       20400 -2.820153215905598E-184
       20400 -5.060061281876869E-184
       20400 -8.480172437566111E-184
       20400 -4.426535986874706E-169
       20400 -2.720459867875807E-168
       20400 -7.385662489794976E-168
       20400 -3.171274943841756E-154
       20400 -9.291059755314463E-153
       20400 -4.336150097330955E-152
       20400 -7.086696157088570E-151
       20400 -2.672661352615426E-137
       20400 -3.419690157512882E-136
       20400 -8.727044874565271E-136
       20400 -1.020722665349521E-135
       20400 -1.649867838348224E-135
       20400 -2.165021223533288E-135
       20400 -4.543941969497838E-135
       20400 -6.630583826091236E-135
       20400 -1.891406110865072E-134
       20400 -4.583798318574451E-134
       20400 -2.329813758905481E-121
       20400 -3.826789954402789E-121
       20400 -6.851403064175226E-120
       20400 -1.083022101976708E-119
       20400 -1.787758131357147E-119
       20400 -4.176382398159840E-119
       20400 -6.854729248374315E-119
       20400 -3.063447937035217E-118
       20400 -1.164686337434616E-117
       20400 -3.260087426951249E-104
       20400 -3.548859870700029E-104
       20400 -8.197312786931935E-104
       20400 -1.586048810711032E-103
       20400 -2.878075939731634E-103
       20400 -3.567594753608379E-103
       20400 -5.299034564824699E-103
       20400 -6.582238370287082E-103
       20400 -8.994478381938490E-103
       20400 -2.368259037843788E-102
       20400 -1.066135114818399E-101
       20400 -6.977512586254266E-088
       20400 -1.617495352076998E-087
       20400 -2.366653237572095E-087
       20400 -2.679699307688578E-087
       20400 -4.417758757078141E-087
       20400 -1.041194051847181E-086
       20400 -2.288521989509515E-086
       20400 -3.613954036665619E-086
       20400 -9.120787428786143E-086
       20400 -2.040592120949713E-085
       20400 -5.634923107409095E-072
       20400 -1.745692281570601E-071
       20400 -3.510680547831482E-071
       20400 -6.272043432226522E-071
       20400 -7.309560112366998E-071
       20400 -1.630398437506039E-070
       20400 -1.775079622277287E-070
       20400 -6.860162851398125E-070
       20400 -7.453657875796886E-070
       20400 -1.505559783474940E-069
       20400 -6.678597300380670E-056
       20400 -5.463267612268746E-055
       20400 -6.460034534946998E-055
       20400 -8.149863375783717E-055
       20400 -1.477189031988644E-054
       20400 -2.474482417548768E-054
       20400 -4.273151072688372E-054
       20400 -1.143290351365925E-053
       20400 -2.572662539638239E-053
       20400 -4.786737542646268E-053
       20400 -8.192896083059125E-052
       20400 -3.425429767392789E-051
       20400 -4.124027203566476E-051
       20400 -6.990388841915207E-051
       20400 -1.097880020947663E-050
       20400 -1.489270641773823E-050
       20400 -1.338846968308316E-048
       20400 -3.569112289054894E-046
       20400 -2.208051667331865E-045
       20400 -6.870192340472431E-045
       20400 -7.805084930829001E-045
       20400 -1.265553649864804E-044
       20400 -3.878134011481778E-042
       20400 -2.853431449175682E-041
       20400 -1.106740921997305E-040
       20400 -2.012635450521235E-040
       20400 -1.205054229735982E-039
       20400 -2.227398222649752E-039
       20400 -2.482877851543144E-039
       20400 -3.885004081919121E-039
       20400 -5.718340066427140E-039
       20400 -8.192079845527216E-039
       20400 -1.175112577011628E-038
       20400 -1.535664556892953E-038
       20400 -2.190145594619011E-038
       20400 -6.944221794330452E-038
       20400 -9.629391855279555E-038
       20400 -2.075533383729822E-037
       20400 -3.681652945018040E-037
       20400 -4.491393690875906E-037
       20400 -7.218074715319611E-037
       20400 -7.705756203608292E-037
       20400 -3.567081247653365E-035
       20400 -5.660237666338654E-035
       20400 -9.444389197587778E-035
       20400 -1.003490137972804E-034
       20400 -1.452445598219220E-034
       20400 -2.216536749142336E-034
       20400 -4.072953907062024E-034
       20400 -5.265075117415472E-034
       20400 -6.530486374359428E-034
       20400 -1.091770223867363E-033
       20400 -2.017896940023925E-033
       20400 -2.211735941314138E-033
       20400 -2.890025714698800E-033
       20400 -3.850362143170668E-033
       20400 -6.022423823897373E-033
       20400 -7.592151796337274E-033
       20400 -3.630041198611905E-032
       20400 -4.936586552192379E-031
       20400 -2.838012083186865E-030
       20400 -7.476556155083141E-030
       20400 -3.123907815331283E-029
       20400 -7.590814444571712E-029
       20400 -2.600564611902635E-028
       20400 -4.168309790571650E-028
       20400 -5.308776304669962E-026
       20400 -1.472122077454357E-025
       20400 -1.723149352226724E-024
       20400 -2.628945135378804E-024
       20400 -7.589425465210759E-024
       20400 -1.402923667942666E-023
       20400 -3.127087532305182E-023
       20400 -7.597817820360665E-023
       20400 -1.332371086643894E-022
       20400 -3.842456831109620E-022
       20400 -9.074607134551012E-022
       20400 -1.256388328938865E-021
       20400 -2.852277509363032E-021
       20400 -3.188748962633171E-021
       20400 -5.505049993870933E-021
       20400 -7.272890516534964E-021
       20400 -1.134973334355502E-020
       20400 -7.170700330742069E-020
       20400 -1.133062041710862E-018
       20400 -1.905398333438324E-018
       20400 -2.549567197124266E-018
       20400 -2.859080041116720E-018
       20400 -4.165868424418144E-018
       20400 -5.843811828986408E-018
       20400 -6.684125270587386E-018
       20400 -1.049139251440165E-017
       20400 -1.385073694266238E-017
       20400 -2.280296887037251E-017
       20400 -2.660063670441462E-017
       20400 -4.458286297333145E-017
       20400 -5.133313752508794E-017
       20400 -5.375406638772749E-017
       20400 -6.872950347606593E-017
       20400 -8.663595490014074E-017
       20400 -1.145335392539836E-016
       20400 -1.642602212440198E-016
       20400 -8.940315815851528E-015
       20400 -5.863318081124419E-014
       20400 -1.196398902439173E-013
       20400 -1.083446333306731E-012
