       20400   15810968.5803645     
       20400   35139.5319191942     
       20400   15355.7667236349     
       20400   12846.5276399812     
       20400   9314.65640687005     
       20400   5112.98501108279     
       20400   3801.43698240770     
       20400   2777.38930809549     
       20400   1894.20200779156     
       20400   1416.85949224243     
       20400   815.852003774854     
       20400   441.691413053836     
       20400   315.788982462665     
       20400   273.929785051151     
       20400   246.295232695568     
       20400   193.282172708295     
       20400   168.838997562223     
       20400   160.815387877786     
       20400   143.902791841546     
       20400   119.072043667880     
       20400   101.211346203932     
       20400   93.6937763266269     
       20400   81.9576206957295     
       20400   61.0089872691176     
       20400   41.6794659579590     
       20400   32.8929596260805     
       20400   30.0525679994042     
       20400   23.2561841594171     
       20400   21.8771392144406     
       20400   16.0349647455806     
       20400   13.4880558847949     
       20400   11.7819331858843     
       20400   11.2313787185669     
       20400   9.26692103535963     
       20400   8.08341798812458     
       20400   7.52500405991510     
       20400   6.57219272049475     
       20400   5.85169823084589     
       20400   5.23539353837836     
       20400   4.79189555911411     
       20400   4.27794451909249     
       20400   4.06190125369677     
       20400   3.66603903599859     
       20400   3.02250622366350     
       20400   2.86587773685409     
       20400   2.71804175422965     
       20400   2.45306001595343     
       20400   2.31332912594603     
       20400   2.11372205286506     
       20400   1.90404992425822     
       20400   1.83802412168767     
       20400   1.66779622587202     
       20400   1.47595743377889     
       20400   1.42059900495053     
       20400   1.37485404308800     
       20400   1.28724855607837     
       20400   1.25367082570691     
       20400   1.11508324592768     
       20400   1.06350134312730     
       20400   1.03515383294794     
       20400  0.953588191917455     
       20400  0.929299888335962     
       20400  0.913062682939860     
       20400  0.856468331804367     
       20400  0.805017771133879     
       20400  0.797829106443062     
       20400  0.619954574303192     
       20400  0.597783545015039     
       20400  0.545435947578565     
       20400  0.480852579980171     
       20400  0.471101538592549     
       20400  0.439394049717644     
       20400  0.401999047985544     
       20400  0.379777025696820     
       20400  0.354772520672271     
       20400  0.330939556582806     
       20400  0.308095991571041     
       20400  0.275687818366125     
       20400  0.250448551889280     
       20400  0.244702644947320     
       20400  0.233949129568382     
       20400  0.222427942242636     
       20400  0.206959514562165     
       20400  0.202042981465239     
       20400  0.181605730385899     
       20400  0.162310593423112     
       20400  0.153259943724707     
       20400  0.146123950525440     
       20400  0.132816034192558     
       20400  0.126434267456251     
       20400  0.112023330623912     
       20400  0.104698679254668     
       20400  0.101630180939615     
       20400  9.767454086562208E-002
       20400  8.385874071112519E-002
       20400  7.546287195488878E-002
       20400  7.473146400684476E-002
       20400  6.965913486998249E-002
       20400  6.144013967780286E-002
       20400  5.862566622553047E-002
       20400  5.233805817188764E-002
       20400  4.921657204608570E-002
       20400  4.622141303388580E-002
       20400  4.474943302077425E-002
       20400  3.710616676328996E-002
       20400  3.509397299230638E-002
       20400  3.347949342068837E-002
       20400  3.222442300647591E-002
       20400  2.993599625659984E-002
       20400  2.730099929459732E-002
       20400  2.593284166654529E-002
       20400  2.369104260970874E-002
       20400  2.185743238239269E-002
       20400  1.877088894171041E-002
       20400  1.769308166652831E-002
       20400  1.692235013763394E-002
       20400  1.634717216578396E-002
       20400  1.387801001139219E-002
       20400  1.311466692005079E-002
       20400  1.216882094119879E-002
       20400  1.108872920737417E-002
       20400  1.006026728455714E-002
       20400  8.917605568158763E-003
       20400  8.154011791899325E-003
       20400  7.662504067507694E-003
       20400  7.148314522911410E-003
       20400  6.860888660245413E-003
       20400  5.948059733108803E-003
       20400  5.668409704233059E-003
       20400  5.113221999063589E-003
       20400  4.662694226863745E-003
       20400  4.364173788298461E-003
       20400  4.212758474041213E-003
       20400  4.075041433164877E-003
       20400  3.939799746473217E-003
       20400  3.426660622531219E-003
       20400  3.132807761024752E-003
       20400  2.511328436561418E-003
       20400  2.485660215699140E-003
       20400  2.107362765211659E-003
       20400  1.921802770523139E-003
       20400  1.800602174552473E-003
       20400  1.663430009450009E-003
       20400  1.500262700951668E-003
       20400  1.394750709184687E-003
       20400  1.300198104881216E-003
       20400  1.257661311869992E-003
       20400  1.222834056475802E-003
       20400  1.092812758535402E-003
       20400  1.008148014411204E-003
       20400  8.793875334773999E-004
       20400  8.461026103227235E-004
       20400  7.900401998971557E-004
       20400  7.085787291093330E-004
       20400  6.892766612024286E-004
       20400  6.260728939864175E-004
       20400  6.028375358662210E-004
       20400  5.791428957248940E-004
       20400  5.354999181806290E-004
       20400  4.599097456526697E-004
       20400  4.461322422519161E-004
       20400  4.076911306704381E-004
       20400  3.985690467695119E-004
       20400  3.344604073025741E-004
       20400  2.781836705477709E-004
       20400  2.697110705973616E-004
       20400  2.385659547601827E-004
       20400  2.086024935694244E-004
       20400  2.052139972587798E-004
       20400  1.979043063641285E-004
       20400  1.733304656016853E-004
       20400  1.592089712441729E-004
       20400  1.531510579683777E-004
       20400  1.420626539106689E-004
       20400  1.408081836557868E-004
       20400  1.305325851183116E-004
       20400  1.167344525285711E-004
       20400  1.131363404024541E-004
       20400  1.021226681366788E-004
       20400  9.973976976633381E-005
       20400  9.086008600259657E-005
       20400  8.430167459861702E-005
       20400  7.055471853869555E-005
       20400  6.314701327331361E-005
       20400  5.950213698867729E-005
       20400  5.351092278654500E-005
       20400  4.694056317353144E-005
       20400  4.313239047694228E-005
       20400  3.828267424733659E-005
       20400  2.993198759005378E-005
       20400  2.799696453946062E-005
       20400  2.315280328960979E-005
       20400  2.246906672745153E-005
       20400  2.128117809000704E-005
       20400  1.331985508122731E-005
       20400  1.279759180969218E-005
       20400  1.203708928671932E-005
       20400  1.167680488285016E-005
       20400  1.067833166763210E-005
       20400  1.008299280310256E-005
       20400  7.611272526287394E-006
       20400  5.787076818268958E-006
       20400  5.273292444596929E-006
       20400  5.081327644111059E-006
       20400  4.401770746151913E-006
       20400  3.668325088288590E-006
       20400  3.122220828121859E-006
       20400  2.735305333593466E-006
       20400  2.451968067363305E-006
       20400  2.155967495942637E-006
       20400  1.730397381499151E-006
       20400  1.676002179350659E-006
       20400  1.535707012444274E-006
       20400  1.421721318345374E-006
       20400  1.150394036795117E-006
       20400  1.119807997609591E-006
       20400  1.068607324861185E-006
       20400  1.011794540722134E-006
       20400  9.398910610506008E-007
       20400  7.913438330793275E-007
       20400  6.227105582814683E-007
       20400  5.473859883655635E-007
       20400  4.668458493435732E-007
       20400  2.513597851050638E-007
       20400  2.228833800741833E-007
       20400  1.734044562278794E-007
       20400  1.616294707019809E-007
       20400  1.459116087016358E-007
       20400  1.293035013231714E-007
       20400  1.223124355818709E-007
       20400  1.197767019821927E-007
       20400  1.102347906893711E-007
       20400  8.899556903646609E-008
       20400  6.929389747466471E-008
       20400  4.975097015818096E-008
       20400  3.994139635116827E-008
       20400  1.736284823397037E-008
       20400  1.708602358106054E-008
       20400  1.480755262103925E-008
       20400  1.409079578187282E-008
       20400  1.015792745539009E-008
       20400  7.575333434283811E-009
       20400  6.115311795547101E-009
       20400  4.862179981006213E-009
       20400  4.802132197141193E-009
       20400  4.112210965524627E-009
       20400  3.003583757542302E-009
       20400  2.722477828686465E-009
       20400  1.822580056311806E-009
       20400  1.804386811587867E-009
       20400  1.153089968630084E-009
       20400  6.522281684386150E-010
       20400  3.483685748240940E-010
       20400  3.057956082618739E-010
       20400  2.169476130328418E-010
       20400  8.027058081682666E-011
       20400  4.490294104132843E-011
       20400  2.112127281512271E-011
       20400  1.529681689870278E-011
       20400  1.100458499486194E-011
       20400  9.471015352353596E-012
       20400  8.054077842306450E-012
       20400  5.798120101922503E-012
       20400  4.512148365155689E-012
       20400  3.522784541156715E-012
       20400  2.620548384628376E-012
       20400  2.022994011279142E-012
       20400  1.405866327019098E-012
       20400  1.304070075045816E-012
       20400  1.099637382463676E-012
       20400  4.542362688805539E-013
       20400  2.297690071795569E-013
       20400  1.929000443686678E-014
       20400  1.854509897464604E-016
       20400  1.807893895439863E-016
       20400  2.755718703590998E-017
       20400  1.132388633735056E-017
       20400  1.056188907360789E-017
       20400  9.867216407569072E-018
       20400  8.282041706318091E-018
       20400  6.969984803233141E-018
       20400  6.023317144924723E-018
       20400  4.682179443927371E-018
       20400  4.405391328263161E-018
       20400  3.584143953985875E-018
       20400  3.273081272921241E-018
       20400  2.386313710805043E-018
       20400  1.984074044819452E-018
       20400  1.847131902373585E-018
       20400  1.441768994734810E-018
       20400  1.298009769227117E-018
       20400  9.986655157442605E-019
       20400  7.991739155179433E-019
       20400  4.752162362307000E-019
       20400  2.457204687953522E-019
       20400  9.757880334502587E-020
       20400  3.134610131029423E-020
       20400  2.841026071703596E-020
       20400  2.229797520537635E-020
       20400  1.503703980112634E-020
       20400  1.112175774688117E-020
       20400  9.669872738366063E-021
       20400  8.983198885098356E-021
       20400  6.617100586304550E-021
       20400  6.058728781435792E-021
       20400  5.842327760816389E-021
       20400  4.653991163543252E-021
       20400  4.035867358408536E-021
       20400  1.232973769878759E-021
       20400  3.942111710322548E-022
       20400  8.205096523880565E-023
       20400  6.070071744844868E-023
       20400  1.323280824886506E-023
       20400  9.230083922476290E-024
       20400  5.106039532074348E-024
       20400  1.024110005535817E-024
       20400  9.253265803287827E-025
       20400  6.784141932024190E-025
       20400  3.143580086308589E-025
       20400  1.466589245836656E-025
       20400  9.523953547779675E-026
       20400  3.030457605144010E-026
       20400  2.611014266002185E-026
       20400  1.726360508960237E-026
       20400  1.892693987845434E-027
       20400  5.924529622570468E-028
       20400  8.326590395269844E-034
       20400  5.022977563408890E-034
       20400  3.116246343193340E-034
       20400  2.752892708043622E-034
       20400  2.414254276565435E-034
       20400  1.705357552212008E-034
       20400  1.532459625634136E-034
       20400  1.303732505640427E-034
       20400  1.075518815545272E-034
       20400  6.533635417238019E-035
       20400  5.554605427474058E-035
       20400  4.110350167718277E-035
       20400  3.036310684161228E-035
       20400  1.841943872227057E-035
       20400  1.553990322273842E-035
       20400  4.228486617290933E-036
       20400  2.273038533513316E-036
       20400  1.479476863861962E-036
       20400  1.140376563059123E-036
       20400  8.943703728482138E-037
       20400  6.238010324286305E-037
       20400  5.570296602411888E-037
       20400  4.975380975477374E-037
       20400  4.526204432390986E-037
       20400  3.906817698268735E-037
       20400  3.363281842796160E-037
       20400  2.326970874015509E-037
       20400  1.797511641446909E-037
       20400  8.609962967133354E-038
       20400  5.485467242559192E-038
       20400  3.594714494114182E-038
       20400  2.216472307575855E-039
       20400  5.725723477449093E-040
       20400  1.993164560227943E-040
       20400  1.686049968378592E-050
       20400  1.103242133433171E-050
       20400  7.200433853281445E-051
       20400  5.481931826307644E-051
       20400  4.515861630651851E-051
       20400  2.835255374507973E-051
       20400  2.495901072175449E-051
       20400  1.754370188634052E-051
       20400  6.861169550057993E-052
       20400  6.133208117233306E-052
       20400  3.033927061482657E-052
       20400  2.787260408815124E-052
       20400  1.912031141651661E-052
       20400  1.080655081124214E-052
       20400  6.475662406223575E-053
       20400  4.806367446627335E-053
       20400  3.749119206166284E-053
       20400  3.121797236455385E-053
       20400  2.450403038997641E-053
       20400  1.754363757480544E-053
       20400  1.348286833945787E-053
       20400  1.051309499393132E-053
       20400  6.091440992507222E-054
       20400  5.094484044624214E-054
       20400  1.283079525450840E-054
       20400  2.525879281716232E-055
       20400  8.426008474676449E-056
       20400  5.878732119113142E-056
       20400  9.467393585759386E-057
       20400  6.340443059856301E-067
       20400  5.681352537210552E-067
       20400  2.190086610877166E-067
       20400  5.121175019708706E-068
       20400  5.652160148807434E-070
       20400  3.123038138384072E-072
       20400  2.663042572376503E-083
       20400  1.202939073888894E-083
       20400  9.400957436797419E-084
       20400  4.818565978110995E-087
       20400  1.211435067494511E-099
       20400  3.978909825491459E-101
       20400  3.562482631979240E-102
       20400  1.300838100489590E-102
       20400  1.295960804705596E-115
       20400  2.929906788839266E-116
       20400  1.077840034675501E-116
       20400  1.489395451582441E-118
       20400  8.124479154504942E-132
       20400  1.428749276990921E-132
       20400  1.698039120961668E-134
       20400  0.000000000000000E+000
       20400  0.000000000000000E+000
       20400  0.000000000000000E+000
       20400  0.000000000000000E+000
       20400  0.000000000000000E+000
       20400  0.000000000000000E+000
       20400 -1.193449528990216E-134
       20400 -6.850751011745222E-133
       20400 -5.802083782416807E-132
       20400 -5.109502186080563E-119
       20400 -1.218003908473823E-118
       20400 -2.942174094244162E-116
       20400 -5.831168692958508E-116
       20400 -1.168368861896151E-102
       20400 -3.858802212502546E-100
       20400 -8.359818099798728E-100
       20400 -1.578190584224425E-099
       20400 -2.108660813072559E-086
       20400 -5.384746913910254E-085
       20400 -1.892619862556880E-084
       20400 -2.815053111900558E-083
       20400 -4.467126390273157E-083
       20400 -1.317035694242692E-073
       20400 -1.560664821444850E-073
       20400 -1.445148155267430E-071
       20400 -5.679300633122166E-070
       20400 -7.353233852875711E-070
       20400 -1.088109556987212E-069
       20400 -2.273654211814535E-067
       20400 -6.726766307596067E-067
       20400 -4.691014014942281E-057
       20400 -1.292445222040971E-056
       20400 -1.984943745985952E-054
       20400 -2.778116831249814E-054
       20400 -8.765075938621281E-054
       20400 -9.333438740642512E-054
       20400 -1.246532257058679E-053
       20400 -1.969191666154564E-053
       20400 -2.593437927296022E-053
       20400 -3.394612836882831E-053
       20400 -4.411607093951773E-053
       20400 -5.564983296902045E-053
       20400 -6.308000518321215E-053
       20400 -2.637559890493472E-052
       20400 -3.941998689670699E-052
       20400 -5.039760379567417E-052
       20400 -1.079828323428583E-051
       20400 -1.597299094956228E-051
       20400 -2.361682280818437E-051
       20400 -3.014617953017395E-051
       20400 -5.489753917702622E-051
       20400 -6.720417972366199E-051
       20400 -8.355795543762649E-051
       20400 -1.196492469089775E-050
       20400 -1.812500523530676E-050
       20400 -4.295957588477579E-040
       20400 -3.022771663621489E-039
       20400 -1.844138759550952E-038
       20400 -1.313394859479468E-037
       20400 -1.645102413126854E-037
       20400 -1.751453288284471E-037
       20400 -2.205563235246472E-037
       20400 -3.374981188177429E-037
       20400 -4.208299960179637E-037
       20400 -4.805563249516171E-037
       20400 -5.683045385500303E-037
       20400 -6.998306111575219E-037
       20400 -3.270862780564088E-036
       20400 -1.720620306978070E-035
       20400 -2.388889074477047E-035
       20400 -3.753482038661586E-035
       20400 -4.599175146128850E-035
       20400 -4.872300172329562E-035
       20400 -5.851412580351543E-035
       20400 -8.179283698514743E-035
       20400 -1.202010149974257E-034
       20400 -1.924333017888459E-034
       20400 -2.146016575381152E-034
       20400 -2.412383995300688E-034
       20400 -3.843653624762558E-034
       20400 -5.066164107027153E-034
       20400 -2.127632467493045E-028
       20400 -7.194249393030386E-028
       20400 -8.943329364966121E-028
       20400 -3.560766956840537E-027
       20400 -1.586098919479129E-026
       20400 -7.588265884137824E-026
       20400 -1.239853455862752E-025
       20400 -2.056813208779054E-025
       20400 -3.220062974415749E-025
       20400 -4.026079064441793E-025
       20400 -6.376582942417475E-025
       20400 -8.134334635241899E-025
       20400 -1.744447239629367E-024
       20400 -2.759927547011021E-024
       20400 -3.048089040378306E-024
       20400 -3.772464765122024E-024
       20400 -5.072320530038062E-024
       20400 -7.714797422184245E-024
       20400 -1.451927593645906E-023
       20400 -1.759387117883813E-023
       20400 -2.330985234638506E-021
       20400 -3.335344647033025E-021
       20400 -4.485170883309067E-021
       20400 -5.986083304879354E-021
       20400 -7.237071628001196E-021
       20400 -1.052611680479363E-020
       20400 -1.115424956999060E-020
       20400 -1.288550069476600E-020
       20400 -5.111309625931765E-020
       20400 -6.739940695832826E-020
       20400 -1.396578524894307E-019
       20400 -2.257156782884807E-019
       20400 -3.058091125145374E-019
       20400 -5.828746554499488E-019
       20400 -7.707644689041504E-019
       20400 -8.921954351740480E-019
       20400 -1.369497634278928E-018
       20400 -1.893341520004063E-018
       20400 -2.097098063512173E-018
       20400 -2.138703195171697E-018
       20400 -3.196113463526808E-018
       20400 -3.680150727298429E-018
       20400 -4.170321875899663E-018
       20400 -6.106006811437520E-018
       20400 -7.273258164704139E-018
       20400 -8.255514621843889E-018
       20400 -1.117161158248830E-017
       20400 -1.277437281080069E-017
       20400 -1.939782297751709E-017
       20400 -2.032608936036252E-017
       20400 -8.213702798347447E-017
       20400 -1.018901834855796E-015
       20400 -4.467353308304184E-014
       20400 -2.949767627445184E-013
       20400 -4.712864075717678E-013
       20400 -1.716039385187421E-012
       20400 -3.417091378131660E-012
       20400 -4.670579032423580E-012
       20400 -6.995637870109736E-012
       20400 -1.298861622697474E-011
       20400 -1.367971235992394E-011
       20400 -2.548564730398642E-011
       20400 -2.751282442309534E-011
       20400 -5.947717873804586E-011
