           6   4730649.72252522     
           6   17617.0081958451     
           6   7095.79574619928     
           6   5920.30956125988     
           6   3369.07690698474     
           6   2780.26765000806     
           6   1749.57229642033     
           6   1520.22697063696     
           6   1428.46462714004     
           6   835.919885390080     
           6   536.964072753417     
           6   287.967390587020     
           6   230.631592869042     
           6   176.563917986289     
           6   139.779447259439     
           6   129.513634387416     
           6   109.582545896222     
           6   101.118514842311     
           6   91.5481571287130     
           6   87.9943722045129     
           6   59.3323976534453     
           6   58.8778529201833     
           6   47.4487675431172     
           6   27.3891809194434     
           6   18.4289105694750     
           6   16.4946942786229     
           6   14.8205116982369     
           6   13.8390027317931     
           6   9.90210386724384     
           6   8.96980838801952     
           6   7.65483887144861     
           6   6.43133407060311     
           6   5.65028795822956     
           6   5.37159993694212     
           6   5.18997698795244     
           6   4.86994409918890     
           6   4.21833274312870     
           6   3.90880458985378     
           6   3.56948548943912     
           6   3.18583241078109     
           6   2.89436206947628     
           6   2.52113446717832     
           6   2.43937838086741     
           6   2.31259752106079     
           6   1.99388566773085     
           6   1.95447520146791     
           6   1.85586387472000     
           6   1.72002367993173     
           6   1.48521035707511     
           6   1.47450878467226     
           6   1.22925310191911     
           6   1.10128736067949     
           6   1.01703184278895     
           6  0.925788914596167     
           6  0.889287948430982     
           6  0.860381816558931     
           6  0.812818535046746     
           6  0.726331744448962     
           6  0.717811386919267     
           6  0.682389843353644     
           6  0.652182232247215     
           6  0.570466379701176     
           6  0.540812620244915     
           6  0.496979777387126     
           6  0.494014878472008     
           6  0.466192223513179     
           6  0.450338317029286     
           6  0.412832367707229     
           6  0.375724487944983     
           6  0.348968852399151     
           6  0.304125653662451     
           6  0.287085450136456     
           6  0.270261968875913     
           6  0.256134307452624     
           6  0.245106433853745     
           6  0.222374046133122     
           6  0.207658803508889     
           6  0.198797664144414     
           6  0.193289884114406     
           6  0.175654223301673     
           6  0.171944555328313     
           6  0.153655857487555     
           6  0.147191624985173     
           6  0.141813348546368     
           6  0.136306664408938     
           6  0.129151689522096     
           6  0.123118872102675     
           6  0.115296120539255     
           6  0.104016630064123     
           6  9.473164614685903E-002
           6  9.050650177312351E-002
           6  8.524444336406668E-002
           6  7.980135058704389E-002
           6  7.587806753614414E-002
           6  7.291614492917246E-002
           6  6.609222804043687E-002
           6  6.396655931865898E-002
           6  6.112724543726579E-002
           6  5.713279514861754E-002
           6  5.487501354196269E-002
           6  4.628790850709746E-002
           6  4.439697628964853E-002
           6  4.245492123127471E-002
           6  3.994888539063114E-002
           6  3.794198690777800E-002
           6  3.485211276348033E-002
           6  3.394033888963090E-002
           6  3.243903578692694E-002
           6  3.090350927275507E-002
           6  2.903046371012802E-002
           6  2.668026226944417E-002
           6  2.582778987959811E-002
           6  2.499242977060501E-002
           6  2.281974764179204E-002
           6  2.252564187035808E-002
           6  2.178127796001199E-002
           6  2.012560988988588E-002
           6  1.951632176977661E-002
           6  1.873945371213306E-002
           6  1.800519534531367E-002
           6  1.749735379036129E-002
           6  1.658599026001034E-002
           6  1.502019668317476E-002
           6  1.445276128545597E-002
           6  1.354801407048068E-002
           6  1.325088591067356E-002
           6  1.259890536459343E-002
           6  1.133277251009200E-002
           6  1.069276366050368E-002
           6  1.037824592276413E-002
           6  9.903899874755243E-003
           6  9.445594062215283E-003
           6  9.226602972104902E-003
           6  8.870658894973285E-003
           6  8.165540343444470E-003
           6  7.675710153133069E-003
           6  7.323652983852691E-003
           6  6.941797881339574E-003
           6  6.573922133080104E-003
           6  6.166721985414297E-003
           6  5.647416353447772E-003
           6  5.336112869341223E-003
           6  4.870416667504656E-003
           6  4.585395661644435E-003
           6  4.396851748754899E-003
           6  4.310913095660738E-003
           6  3.868067886101369E-003
           6  3.525568835030374E-003
           6  3.324862488776878E-003
           6  3.098822561306666E-003
           6  3.051205711688479E-003
           6  2.560680771344602E-003
           6  2.338967959929019E-003
           6  2.267152725232650E-003
           6  2.132576787959151E-003
           6  2.061226097548985E-003
           6  2.002173360707684E-003
           6  1.918342303727453E-003
           6  1.792473726681570E-003
           6  1.671343144751478E-003
           6  1.613893417188214E-003
           6  1.479776554863230E-003
           6  1.355040738519263E-003
           6  1.332186076918297E-003
           6  1.320206460588346E-003
           6  1.202356950291513E-003
           6  1.102874889172149E-003
           6  1.076957041025107E-003
           6  1.007625306890676E-003
           6  9.807932884130853E-004
           6  9.290048703237548E-004
           6  8.788204639398406E-004
           6  8.257771516242659E-004
           6  7.975547032651162E-004
           6  6.814637582305865E-004
           6  6.718361492383155E-004
           6  6.350044471505879E-004
           6  6.218205268958483E-004
           6  5.980934064851022E-004
           6  5.748623634141523E-004
           6  5.421742741958886E-004
           6  4.989043383883195E-004
           6  4.585519673731376E-004
           6  4.431073672912520E-004
           6  4.404671175808181E-004
           6  4.028186318131780E-004
           6  3.792725027095589E-004
           6  3.706722301524486E-004
           6  3.531288899051004E-004
           6  3.352248538410616E-004
           6  3.332038713660855E-004
           6  3.080617718213082E-004
           6  2.996205641748678E-004
           6  2.901707065600095E-004
           6  2.809615026258115E-004
           6  2.735836690964977E-004
           6  2.590530586753154E-004
           6  2.553992612111757E-004
           6  2.351174860352326E-004
           6  2.262293850356450E-004
           6  2.214101209108608E-004
           6  2.173904541973356E-004
           6  2.074846748532020E-004
           6  2.023876552396761E-004
           6  1.943337520307818E-004
           6  1.822971947163389E-004
           6  1.666434152703955E-004
           6  1.586171597578055E-004
           6  1.558095098068322E-004
           6  1.502227268554835E-004
           6  1.478347537088653E-004
           6  1.337692377057266E-004
           6  1.252557357398841E-004
           6  1.208766573634092E-004
           6  1.194939755718916E-004
           6  1.158158271321748E-004
           6  1.080366984317367E-004
           6  1.027741074880763E-004
           6  1.015369675851880E-004
           6  9.553883772324520E-005
           6  9.117480297217747E-005
           6  8.593594221644274E-005
           6  8.410968743774778E-005
           6  8.162128317621857E-005
           6  7.704752118514002E-005
           6  6.735423704907540E-005
           6  6.507916509552474E-005
           6  6.311603002454509E-005
           6  6.262955158006657E-005
           6  5.770200461621102E-005
           6  5.725726976003651E-005
           6  5.081036969193427E-005
           6  4.830122562424156E-005
           6  4.702907715818751E-005
           6  4.594725908140515E-005
           6  4.510270023077672E-005
           6  4.003701188434318E-005
           6  3.958801131162343E-005
           6  3.673062364102051E-005
           6  3.287564135334717E-005
           6  3.092405412341014E-005
           6  2.824290278394433E-005
           6  2.675282659018449E-005
           6  2.605670957714159E-005
           6  2.505855022363617E-005
           6  2.345429743887779E-005
           6  1.912018597068168E-005
           6  1.803538424084264E-005
           6  1.678558924405140E-005
           6  1.548787737003293E-005
           6  1.505016546392948E-005
           6  1.233170630918025E-005
           6  1.179642317692404E-005
           6  1.134736742584092E-005
           6  1.056267436323107E-005
           6  9.349925492510990E-006
           6  8.759655466360429E-006
           6  8.658791526100342E-006
           6  7.691380641228609E-006
           6  7.507293258378314E-006
           6  6.748560722478708E-006
           6  6.233202622441408E-006
           6  6.107388663212121E-006
           6  5.781658774356319E-006
           6  5.480631401843128E-006
           6  5.006039111211220E-006
           6  4.716228691075603E-006
           6  4.466219009218452E-006
           6  3.911262187996349E-006
           6  3.733765232613317E-006
           6  3.605345352232838E-006
           6  3.303711793035347E-006
           6  3.180832321264419E-006
           6  2.761861930314657E-006
           6  2.512270461732085E-006
           6  2.324621052086438E-006
           6  2.271830416440461E-006
           6  2.136171953725115E-006
           6  1.757611980025088E-006
           6  1.657265382894398E-006
           6  1.532276138237430E-006
           6  1.361505820504298E-006
           6  1.321319740439595E-006
           6  1.233278838221714E-006
           6  1.152743661253449E-006
           6  1.101099585845343E-006
           6  1.091586461637219E-006
           6  1.028444274927491E-006
           6  1.005507642024920E-006
           6  9.434917261895388E-007
           6  9.270195246541190E-007
           6  8.992598921462489E-007
           6  8.357787992775633E-007
           6  7.734421110410593E-007
           6  6.882438044688471E-007
           6  6.277367606301885E-007
           6  6.006255483328371E-007
           6  5.727517177952211E-007
           6  5.303757171000269E-007
           6  5.125694786080104E-007
           6  4.961876480941781E-007
           6  4.494073588325971E-007
           6  4.122492096477388E-007
           6  3.799183926227902E-007
           6  3.485038392957961E-007
           6  3.340372608682745E-007
           6  3.119732505645081E-007
           6  2.814603689442579E-007
           6  2.711167206096663E-007
           6  2.502036763094134E-007
           6  2.291481372765938E-007
           6  2.014616102775852E-007
           6  1.949073090003007E-007
           6  1.743610676090834E-007
           6  1.541066092791856E-007
           6  1.433315598763629E-007
           6  1.377558677575982E-007
           6  1.270016901041461E-007
           6  1.168127611972227E-007
           6  1.155116384715914E-007
           6  1.066841064787158E-007
           6  9.685993667156269E-008
           6  7.419251778959760E-008
           6  6.269070714476971E-008
           6  5.863498433933953E-008
           6  5.470397019187335E-008
           6  4.251563954405126E-008
           6  3.805695628610544E-008
           6  3.648552476463434E-008
           6  3.474316507536360E-008
           6  3.368158274456997E-008
           6  3.134288573956317E-008
           6  2.927132675568831E-008
           6  2.841719446288035E-008
           6  2.511531510098179E-008
           6  2.034455105328423E-008
           6  1.922447186712570E-008
           6  1.854727588199345E-008
           6  1.144790158635133E-008
           6  1.109185953972808E-008
           6  9.238867084119186E-009
           6  8.922342496262231E-009
           6  8.484124395195326E-009
           6  6.955301681496346E-009
           6  4.315811297351879E-009
           6  4.077749960472907E-009
           6  3.878818921859649E-009
           6  3.366612526685974E-009
           6  3.120715039838407E-009
           6  2.986581668450542E-009
           6  2.018083708211945E-009
           6  1.837731405611833E-009
           6  1.311575035629989E-009
           6  1.193042356322016E-009
           6  1.110744396401635E-009
           6  1.035607666059788E-009
           6  8.699343678062567E-010
           6  6.027065256238556E-010
           6  5.469061393812975E-010
           6  5.281839889876754E-010
           6  4.746423700801981E-010
           6  4.591172958662728E-010
           6  3.297417119723332E-010
           6  2.794702207548797E-010
           6  2.738884649402537E-010
           6  2.189636345305673E-010
           6  1.575216435544618E-010
           6  1.395612954528227E-010
           6  5.560392425326713E-011
           6  4.636418880946096E-011
           6  4.350522860205779E-011
           6  3.909528894991290E-011
           6  1.147833475573169E-011
           6  9.847243162745036E-012
           6  6.039304278739272E-012
           6  5.242913330002100E-012
           6  4.427765415995840E-012
           6  3.498095636553678E-012
           6  3.277023067534281E-012
           6  1.962073937742554E-012
           6  1.932684033621314E-012
           6  1.533241961897415E-012
           6  1.370006459642382E-012
           6  1.080035121742086E-012
           6  7.974304266487136E-013
           6  6.445878133926283E-013
           6  5.007951283719209E-013
           6  3.964377982324171E-013
           6  3.426110201816565E-013
           6  1.738385602147311E-013
           6  1.661955672807577E-013
           6  4.319141209153187E-014
           6  2.822678477449167E-014
           6  2.111563748137130E-014
           6  9.788122208015380E-015
           6  4.139575314106377E-015
           6  1.459936250113504E-015
           6  2.870465532874523E-016
           6  1.832348500099189E-016
           6  9.751873174617617E-017
           6  7.601471996979930E-017
           6  4.857997876403049E-017
           6  2.983467137698770E-017
           6  2.094957366211720E-017
           6  2.052553465366006E-017
           6  1.351823405066907E-017
           6  9.982104512265630E-018
           6  8.149548090298271E-018
           6  2.052574077308820E-019
           6  1.620398873366788E-019
           6  1.497243638255432E-019
           6  1.208994738601670E-019
           6  9.259982411016973E-020
           6  8.624569931084546E-020
           6  7.186087290574065E-020
           6  5.025214995790863E-020
           6  2.833189992443159E-020
           6  2.413729753052365E-020
           6  1.532772247323386E-020
           6  1.024893399231439E-020
           6  7.534055167744332E-021
           6  6.093307065273374E-021
           6  3.549368554808862E-021
           6  3.353537284812623E-021
           6  3.106368925273859E-021
           6  1.178283870060888E-021
           6  1.772272208036146E-028
           6  1.269577039463771E-028
           6  1.184003207126422E-029
           6  4.340037275810231E-030
           6  2.354540255203524E-030
           6  2.467001846348721E-031
           6  1.531784580610307E-031
           6  2.190804123964454E-032
           6  9.247086504303736E-034
           6  3.789691201280366E-037
           6  6.451754238913704E-038
           6  7.435764809026125E-045
           6  2.702804359858796E-045
           6  2.346233985010473E-045
           6  6.435567024595279E-046
           6  3.193256682138814E-046
           6  1.198555305914412E-046
           6  5.376571657498035E-047
           6  2.487198830946197E-047
           6  4.424145839630526E-048
           6  4.799971446900141E-054
           6  2.362836618734647E-054
           6  4.030033997667323E-055
           6  2.499030389586568E-061
           6  5.983319395249844E-062
           6  4.179122986691365E-063
           6  1.515757400396146E-063
           6  1.076305278490039E-063
           6  4.516257243196671E-064
           6  2.103721103586890E-078
           6  8.465990418294365E-079
           6  1.575508208161363E-079
           6  3.802659316398222E-080
           6  4.417747132316858E-095
           6  8.351097416963148E-096
           6  4.033124307687678E-097
           6  4.049252046398516E-111
           6  4.258464270644574E-112
           6  2.179286496253695E-127
           6  0.000000000000000E+000
           6  0.000000000000000E+000
           6  0.000000000000000E+000
           6  0.000000000000000E+000
           6  0.000000000000000E+000
           6  0.000000000000000E+000
           6  0.000000000000000E+000
           6  0.000000000000000E+000
           6  0.000000000000000E+000
           6 -1.376080656082011E-113
           6 -9.485555627500864E-113
           6 -6.339233177693462E-112
           6 -4.072905932095034E-096
           6 -9.697992945200823E-096
           6 -4.372499219931457E-081
           6 -1.960525531610172E-080
           6 -4.164332826716219E-078
           6 -1.393397196716124E-064
           6 -3.978381044121361E-064
           6 -1.995455668022769E-063
           6 -3.541076626291006E-062
           6 -9.679737007993610E-062
           6 -1.541963880108951E-061
           6 -4.132673920304266E-054
           6 -1.301212561489555E-053
           6 -8.850808606690227E-048
           6 -2.446817565545355E-047
           6 -3.939042167838077E-047
           6 -7.570027695035917E-047
           6 -3.039619151485523E-046
           6 -5.009820811392994E-046
           6 -5.892480980504388E-046
           6 -8.008193432954997E-046
           6 -1.247095515134958E-045
           6 -4.068905911615178E-045
           6 -1.168101162746552E-038
           6 -6.667378375613094E-038
           6 -1.255164540970554E-037
           6 -2.227985137274865E-037
           6 -1.059853498000798E-033
           6 -3.127563199722342E-033
           6 -1.854932846393849E-032
           6 -2.502850989264795E-032
           6 -8.186310275323819E-032
           6 -9.300102177491854E-031
           6 -1.192133503034534E-030
           6 -1.786382367214883E-030
           6 -2.093816009580280E-030
           6 -6.520402363502891E-030
           6 -9.249916505345189E-030
           6 -1.355609332201310E-029
           6 -3.767720436264068E-029
           6 -4.081641913508558E-029
           6 -4.894905687483398E-029
           6 -4.779410301867738E-022
           6 -1.629973472449886E-021
           6 -3.591749917464561E-021
           6 -4.620365787278541E-021
           6 -7.710836443615887E-021
           6 -1.396130010494765E-020
           6 -2.218108469578600E-020
           6 -3.100808316166756E-020
           6 -4.340802999503825E-020
           6 -5.370994856156709E-020
           6 -6.005658564959369E-020
           6 -6.632429546206128E-020
           6 -9.418109712282096E-020
           6 -1.123854439903797E-019
           6 -1.312772000472771E-019
           6 -1.871922674736740E-019
           6 -2.036018643308940E-019
           6 -4.885458967402993E-019
           6 -2.673171458049736E-017
           6 -2.546862540358934E-015
           6 -1.660330497124639E-014
           6 -5.158685496858402E-014
           6 -1.441637959147711E-013
           6 -2.719030933474519E-013
           6 -6.404834865095855E-013
           6 -6.865336294444408E-013
           6 -1.184807468914838E-012
           6 -1.243741053615139E-012
           6 -2.294844417758682E-012
           6 -2.575966915597906E-012
           6 -3.083276422226222E-012
           6 -4.388480871902633E-012
           6 -5.740292736396407E-012
           6 -6.218459803995505E-012
           6 -6.663399366652615E-012
           6 -1.706694219464250E-011
