       40799   2067191.78790767     
       40799   5031.32574765608     
       40799   2727.21905742728     
       40799   886.410366386753     
       40799   337.043385418070     
       40799   132.707040940065     
       40799   94.8569375866785     
       40799   85.9053872743776     
       40799   19.6356731085377     
       40799   14.4345649067387     
       40799   12.1886540294601     
       40799   6.88163643607017     
       40799   5.80817221573494     
       40799   4.27658915312717     
       40799   3.05177189148504     
       40799   2.41170411098614     
       40799   1.45848285673063     
       40799   1.07285071865760     
       40799  0.904578752109390     
       40799  0.857424765029807     
       40799  0.655180075301722     
       40799  0.473044799516654     
       40799  0.313759757226180     
       40799  0.260387741318318     
       40799  0.245090629711220     
       40799  0.209966882597949     
       40799  0.199278346690216     
       40799  0.183652228348103     
       40799  0.139193930113438     
       40799  0.121710447759541     
       40799  8.655836886608567E-002
       40799  6.886102333615689E-002
       40799  5.187573125468255E-002
       40799  4.448075861263178E-002
       40799  2.977168172745803E-002
       40799  2.239548672451376E-002
       40799  1.895204050346445E-002
       40799  1.304803745084310E-002
       40799  1.222580640100789E-002
       40799  1.206966021635121E-002
       40799  1.015238446750941E-002
       40799  9.142571730722526E-003
       40799  8.071578945375432E-003
       40799  6.003141804181988E-003
       40799  5.456532297299971E-003
       40799  4.382196371130180E-003
       40799  3.602656019872365E-003
       40799  2.899030667770815E-003
       40799  1.852676665006470E-003
       40799  1.683174564431082E-003
       40799  1.436886001183550E-003
       40799  1.161137822468072E-003
       40799  9.905035931134030E-004
       40799  9.257229890285353E-004
       40799  8.622068111828242E-004
       40799  6.794101864891282E-004
       40799  6.087772739911973E-004
       40799  5.616482573057484E-004
       40799  4.839053085269772E-004
       40799  3.974082604601185E-004
       40799  3.364490133748410E-004
       40799  3.004634375920380E-004
       40799  2.622020976423768E-004
       40799  2.326491429669757E-004
       40799  2.015254599137405E-004
       40799  1.705678562737320E-004
       40799  1.558035046255078E-004
       40799  1.306284845123815E-004
       40799  9.186524285862994E-005
       40799  8.256033916849195E-005
       40799  7.646062289613137E-005
       40799  6.136357855578015E-005
       40799  4.888117431346555E-005
       40799  3.971890383386505E-005
       40799  3.799064657754482E-005
       40799  3.270685981761131E-005
       40799  2.571862666177675E-005
       40799  2.341061001987781E-005
       40799  2.050155615831357E-005
       40799  1.684317676893831E-005
       40799  1.372564686656180E-005
       40799  1.248470002898815E-005
       40799  8.442493847927233E-006
       40799  7.764062916937862E-006
       40799  6.357351055771210E-006
       40799  5.279553866757976E-006
       40799  4.801962939812800E-006
       40799  4.181634411483618E-006
       40799  3.100552498130672E-006
       40799  2.500479888947801E-006
       40799  2.326060167264787E-006
       40799  1.915784680431083E-006
       40799  1.507776141079595E-006
       40799  1.233555893956533E-006
       40799  1.127392426113008E-006
       40799  1.103943088825993E-006
       40799  8.031749971446466E-007
       40799  6.472243893030616E-007
       40799  5.254620221274267E-007
       40799  4.592565665074774E-007
       40799  3.777051621618364E-007
       40799  2.995692927514341E-007
       40799  2.555928768766600E-007
       40799  2.360071624369566E-007
       40799  2.264112353088429E-007
       40799  1.831723011509580E-007
       40799  1.448619231519168E-007
       40799  1.315852015977447E-007
       40799  1.003092036375864E-007
       40799  8.789011762236968E-008
       40799  7.910471087082559E-008
       40799  6.431343527947305E-008
       40799  5.906942549340397E-008
       40799  4.513339469942028E-008
       40799  3.652114762932003E-008
       40799  2.223539137451605E-008
       40799  1.610699007285884E-008
       40799  1.376449458835099E-008
       40799  1.341638492273867E-008
       40799  1.086084857058018E-008
       40799  5.362508174285226E-009
       40799  2.680854287713606E-009
       40799  2.464231662518402E-009
       40799  2.242137455819153E-009
       40799  1.236722248478861E-009
       40799  9.731902822853245E-010
       40799  6.338975882856020E-010
       40799  3.608381573568885E-010
       40799  2.830259728039720E-010
       40799  2.532770562853011E-010
       40799  2.220066212609308E-010
       40799  1.805968468257658E-010
       40799  1.012617977840026E-010
       40799  9.046103811355364E-011
       40799  3.250587089214651E-011
       40799  2.972308119450883E-011
       40799  2.480684205533217E-011
       40799  1.672990225570722E-011
       40799  1.543648759382094E-011
       40799  9.102693052347619E-012
       40799  6.927542625683310E-012
       40799  4.486672787549259E-012
       40799  4.030959252119670E-012
       40799  3.900795297271364E-012
       40799  2.871332986262330E-012
       40799  2.301336803787167E-012
       40799  1.920838687949587E-012
       40799  1.373802123668471E-012
       40799  8.295846213085206E-013
       40799  8.037770381246263E-013
       40799  7.631156494552209E-013
       40799  3.749423780310869E-013
       40799  3.217725402020688E-013
       40799  2.235976482334332E-013
       40799  1.900661031933326E-013
       40799  7.491371299861766E-014
       40799  6.563509517207441E-014
       40799  3.682594687606692E-017
       40799  1.474800616326651E-017
       40799  1.220959150797761E-022
       40799  1.005474207979961E-022
       40799  7.948517424069954E-023
       40799  5.072129339426371E-023
       40799  4.277979487904199E-023
       40799  3.876236504716720E-023
       40799  2.673430966098124E-023
       40799  1.673287502435972E-023
       40799  1.589169930201162E-023
       40799  8.631085826888572E-024
       40799  6.075660328885947E-024
       40799  4.726907167205717E-024
       40799  2.663415166757702E-024
       40799  2.490416754212409E-024
       40799  1.635174300329967E-024
       40799  7.724843897428999E-025
       40799  2.840753947932093E-039
       40799  1.950650081436410E-039
       40799  7.481631148808935E-040
       40799  5.871256501584125E-040
       40799  4.662872640162156E-040
       40799  2.720955054841185E-040
       40799  1.551703854503041E-040
       40799  1.220934429645155E-040
       40799  8.738980407156626E-041
       40799  4.305485040312408E-043
       40799  7.750651505227807E-056
       40799  6.296443172319979E-056
       40799  5.095131782491013E-056
       40799  3.302885549447644E-056
       40799  1.838637743396376E-056
       40799  6.156138690260110E-057
       40799  1.937714923345789E-071
       40799  8.076177357323948E-072
       40799  4.596303067177320E-072
       40799  2.727301338906638E-072
       40799  1.095823927368854E-072
       40799  6.220514850917192E-073
       40799  3.894629546060823E-073
       40799  1.115035044351719E-088
       40799  8.683003484488749E-089
       40799  2.340508919227551E-089
       40799  7.741794865785706E-090
       40799  0.000000000000000E+000
       40799  0.000000000000000E+000
       40799  0.000000000000000E+000
       40799  0.000000000000000E+000
       40799  0.000000000000000E+000
       40799  0.000000000000000E+000
       40799  0.000000000000000E+000
       40799  0.000000000000000E+000
       40799  0.000000000000000E+000
       40799  0.000000000000000E+000
       40799  0.000000000000000E+000
       40799  0.000000000000000E+000
       40799  0.000000000000000E+000
       40799  0.000000000000000E+000
       40799  0.000000000000000E+000
       40799  0.000000000000000E+000
       40799  0.000000000000000E+000
       40799  0.000000000000000E+000
       40799  0.000000000000000E+000
       40799  0.000000000000000E+000
       40799  0.000000000000000E+000
       40799  0.000000000000000E+000
       40799  0.000000000000000E+000
       40799  0.000000000000000E+000
       40799  0.000000000000000E+000
       40799  0.000000000000000E+000
       40799  0.000000000000000E+000
       40799  0.000000000000000E+000
       40799  0.000000000000000E+000
       40799  0.000000000000000E+000
       40799  0.000000000000000E+000
       40799  0.000000000000000E+000
       40799  0.000000000000000E+000
       40799  0.000000000000000E+000
       40799  0.000000000000000E+000
       40799  0.000000000000000E+000
       40799  0.000000000000000E+000
       40799  0.000000000000000E+000
       40799  0.000000000000000E+000
       40799  0.000000000000000E+000
       40799  0.000000000000000E+000
       40799  0.000000000000000E+000
       40799  0.000000000000000E+000
       40799  0.000000000000000E+000
       40799  0.000000000000000E+000
       40799  0.000000000000000E+000
       40799  0.000000000000000E+000
       40799  0.000000000000000E+000
       40799  0.000000000000000E+000
       40799  0.000000000000000E+000
       40799  0.000000000000000E+000
       40799  0.000000000000000E+000
       40799  0.000000000000000E+000
       40799  0.000000000000000E+000
       40799  0.000000000000000E+000
       40799  0.000000000000000E+000
       40799  0.000000000000000E+000
       40799  0.000000000000000E+000
       40799  0.000000000000000E+000
       40799  0.000000000000000E+000
       40799  0.000000000000000E+000
       40799  0.000000000000000E+000
       40799  0.000000000000000E+000
       40799  0.000000000000000E+000
       40799  0.000000000000000E+000
       40799  0.000000000000000E+000
       40799  0.000000000000000E+000
       40799  0.000000000000000E+000
       40799  0.000000000000000E+000
       40799  0.000000000000000E+000
       40799  0.000000000000000E+000
       40799  0.000000000000000E+000
       40799  0.000000000000000E+000
       40799  0.000000000000000E+000
       40799  0.000000000000000E+000
       40799  0.000000000000000E+000
       40799  0.000000000000000E+000
       40799  0.000000000000000E+000
       40799  0.000000000000000E+000
       40799  0.000000000000000E+000
       40799  0.000000000000000E+000
       40799  0.000000000000000E+000
       40799  0.000000000000000E+000
       40799  0.000000000000000E+000
       40799  0.000000000000000E+000
       40799  0.000000000000000E+000
       40799  0.000000000000000E+000
       40799  0.000000000000000E+000
       40799  0.000000000000000E+000
       40799  0.000000000000000E+000
       40799  0.000000000000000E+000
       40799  0.000000000000000E+000
       40799  0.000000000000000E+000
       40799  0.000000000000000E+000
       40799  0.000000000000000E+000
       40799  0.000000000000000E+000
       40799  0.000000000000000E+000
       40799  0.000000000000000E+000
       40799  0.000000000000000E+000
       40799  0.000000000000000E+000
       40799  0.000000000000000E+000
       40799  0.000000000000000E+000
       40799  0.000000000000000E+000
       40799  0.000000000000000E+000
       40799  0.000000000000000E+000
       40799  0.000000000000000E+000
       40799  0.000000000000000E+000
       40799  0.000000000000000E+000
       40799  0.000000000000000E+000
       40799  0.000000000000000E+000
       40799  0.000000000000000E+000
       40799  0.000000000000000E+000
       40799  0.000000000000000E+000
       40799  0.000000000000000E+000
       40799  0.000000000000000E+000
       40799  0.000000000000000E+000
       40799  0.000000000000000E+000
       40799  0.000000000000000E+000
       40799  0.000000000000000E+000
       40799  0.000000000000000E+000
       40799  0.000000000000000E+000
       40799  0.000000000000000E+000
       40799  0.000000000000000E+000
       40799  0.000000000000000E+000
       40799  0.000000000000000E+000
       40799  0.000000000000000E+000
       40799  0.000000000000000E+000
       40799  0.000000000000000E+000
       40799  0.000000000000000E+000
       40799  0.000000000000000E+000
       40799  0.000000000000000E+000
       40799  0.000000000000000E+000
       40799  0.000000000000000E+000
       40799  0.000000000000000E+000
       40799  0.000000000000000E+000
       40799  0.000000000000000E+000
       40799  0.000000000000000E+000
       40799  0.000000000000000E+000
       40799  0.000000000000000E+000
       40799  0.000000000000000E+000
       40799  0.000000000000000E+000
       40799  0.000000000000000E+000
       40799  0.000000000000000E+000
       40799  0.000000000000000E+000
       40799  0.000000000000000E+000
       40799  0.000000000000000E+000
       40799  0.000000000000000E+000
       40799  0.000000000000000E+000
       40799  0.000000000000000E+000
       40799  0.000000000000000E+000
       40799  0.000000000000000E+000
       40799  0.000000000000000E+000
       40799  0.000000000000000E+000
       40799  0.000000000000000E+000
       40799  0.000000000000000E+000
       40799  0.000000000000000E+000
       40799  0.000000000000000E+000
       40799  0.000000000000000E+000
       40799  0.000000000000000E+000
       40799  0.000000000000000E+000
       40799  0.000000000000000E+000
       40799  0.000000000000000E+000
       40799  0.000000000000000E+000
       40799  0.000000000000000E+000
       40799  0.000000000000000E+000
       40799  0.000000000000000E+000
       40799  0.000000000000000E+000
       40799  0.000000000000000E+000
       40799  0.000000000000000E+000
       40799  0.000000000000000E+000
       40799  0.000000000000000E+000
       40799  0.000000000000000E+000
       40799  0.000000000000000E+000
       40799  0.000000000000000E+000
       40799  0.000000000000000E+000
       40799  0.000000000000000E+000
       40799  0.000000000000000E+000
       40799  0.000000000000000E+000
       40799  0.000000000000000E+000
       40799  0.000000000000000E+000
       40799  0.000000000000000E+000
       40799  0.000000000000000E+000
       40799  0.000000000000000E+000
       40799  0.000000000000000E+000
       40799  0.000000000000000E+000
       40799  0.000000000000000E+000
       40799  0.000000000000000E+000
       40799  0.000000000000000E+000
       40799  0.000000000000000E+000
       40799  0.000000000000000E+000
       40799  0.000000000000000E+000
       40799  0.000000000000000E+000
       40799  0.000000000000000E+000
       40799  0.000000000000000E+000
       40799  0.000000000000000E+000
       40799  0.000000000000000E+000
       40799  0.000000000000000E+000
       40799  0.000000000000000E+000
       40799  0.000000000000000E+000
       40799  0.000000000000000E+000
       40799  0.000000000000000E+000
       40799  0.000000000000000E+000
       40799  0.000000000000000E+000
       40799  0.000000000000000E+000
       40799  0.000000000000000E+000
       40799  0.000000000000000E+000
       40799  0.000000000000000E+000
       40799  0.000000000000000E+000
       40799  0.000000000000000E+000
       40799  0.000000000000000E+000
       40799  0.000000000000000E+000
       40799  0.000000000000000E+000
       40799  0.000000000000000E+000
       40799  0.000000000000000E+000
       40799  0.000000000000000E+000
       40799  0.000000000000000E+000
       40799  0.000000000000000E+000
       40799  0.000000000000000E+000
       40799  0.000000000000000E+000
       40799  0.000000000000000E+000
       40799  0.000000000000000E+000
       40799  0.000000000000000E+000
       40799  0.000000000000000E+000
       40799  0.000000000000000E+000
       40799  0.000000000000000E+000
       40799  0.000000000000000E+000
       40799  0.000000000000000E+000
       40799  0.000000000000000E+000
       40799  0.000000000000000E+000
       40799  0.000000000000000E+000
       40799  0.000000000000000E+000
       40799  0.000000000000000E+000
       40799  0.000000000000000E+000
       40799  0.000000000000000E+000
       40799  0.000000000000000E+000
       40799  0.000000000000000E+000
       40799  0.000000000000000E+000
       40799  0.000000000000000E+000
       40799  0.000000000000000E+000
       40799  0.000000000000000E+000
       40799  0.000000000000000E+000
       40799  0.000000000000000E+000
       40799  0.000000000000000E+000
       40799  0.000000000000000E+000
       40799  0.000000000000000E+000
       40799  0.000000000000000E+000
       40799  0.000000000000000E+000
       40799  0.000000000000000E+000
       40799  0.000000000000000E+000
       40799  0.000000000000000E+000
       40799  0.000000000000000E+000
       40799  0.000000000000000E+000
       40799  0.000000000000000E+000
       40799  0.000000000000000E+000
       40799  0.000000000000000E+000
       40799  0.000000000000000E+000
       40799  0.000000000000000E+000
       40799  0.000000000000000E+000
       40799  0.000000000000000E+000
       40799  0.000000000000000E+000
       40799  0.000000000000000E+000
       40799  0.000000000000000E+000
       40799  0.000000000000000E+000
       40799  0.000000000000000E+000
       40799  0.000000000000000E+000
       40799  0.000000000000000E+000
       40799  0.000000000000000E+000
       40799  0.000000000000000E+000
       40799  0.000000000000000E+000
       40799  0.000000000000000E+000
       40799  0.000000000000000E+000
       40799  0.000000000000000E+000
       40799  0.000000000000000E+000
       40799  0.000000000000000E+000
       40799  0.000000000000000E+000
       40799  0.000000000000000E+000
       40799  0.000000000000000E+000
       40799  0.000000000000000E+000
       40799  0.000000000000000E+000
       40799  0.000000000000000E+000
       40799  0.000000000000000E+000
       40799  0.000000000000000E+000
       40799  0.000000000000000E+000
       40799  0.000000000000000E+000
       40799  0.000000000000000E+000
       40799  0.000000000000000E+000
       40799  0.000000000000000E+000
       40799  0.000000000000000E+000
       40799  0.000000000000000E+000
       40799  0.000000000000000E+000
       40799  0.000000000000000E+000
       40799  0.000000000000000E+000
       40799  0.000000000000000E+000
       40799  0.000000000000000E+000
       40799  0.000000000000000E+000
       40799  0.000000000000000E+000
       40799  0.000000000000000E+000
       40799  0.000000000000000E+000
       40799  0.000000000000000E+000
       40799  0.000000000000000E+000
       40799  0.000000000000000E+000
       40799  0.000000000000000E+000
       40799  0.000000000000000E+000
       40799  0.000000000000000E+000
       40799  0.000000000000000E+000
       40799 -2.438683006288714E-104
       40799 -3.771972606115881E-089
       40799 -4.918340745395615E-089
       40799 -3.734444980641138E-088
       40799 -7.073509579616621E-073
       40799 -1.648651228367362E-072
       40799 -2.700668810977562E-072
       40799 -5.235476745558799E-072
       40799 -7.375504271602258E-072
       40799 -1.157704640025266E-071
       40799 -5.839345676560149E-057
       40799 -1.040932093848776E-056
       40799 -2.118725936220620E-056
       40799 -5.468549267605703E-056
       40799 -9.028071346930613E-056
       40799 -1.228851427061959E-055
       40799 -1.478173361568042E-055
       40799 -7.478872304421587E-041
       40799 -1.764653691827077E-040
       40799 -2.741509508106672E-040
       40799 -6.707469643455450E-040
       40799 -8.950517795767552E-040
       40799 -1.243684904701688E-039
       40799 -1.898343531511900E-039
       40799 -4.053515032774196E-039
       40799 -4.883954209648730E-025
       40799 -2.375827609459806E-024
       40799 -3.420545553911166E-024
       40799 -4.455948948977039E-024
       40799 -6.566523848999529E-024
       40799 -8.659988681680420E-024
       40799 -1.361844762816234E-023
       40799 -7.162251359195669E-023
       40799 -3.052584579837682E-018
       40799 -6.660245515219384E-017
       40799 -1.744648311090294E-013
       40799 -2.979907872460338E-013
       40799 -7.547304078546054E-013
       40799 -8.298331224314254E-013
       40799 -1.464701690820703E-012
       40799 -2.062303244999602E-012
       40799 -3.035287191498410E-012
       40799 -4.260869504516835E-012
       40799 -4.487372318952428E-012
       40799 -5.829384397970239E-012
       40799 -7.104922777578011E-012
       40799 -8.652980575054637E-012
       40799 -2.372534316235606E-011
