       40799   542435.988477867     
       40799   1986.54185740216     
       40799   485.218432848551     
       40799   147.185425845298     
       40799   68.3158290044110     
       40799   7.35682332466410     
       40799   5.62804464788600     
       40799   1.60272483218793     
       40799  0.735595595996045     
       40799  0.275239427585586     
       40799  0.238154704770092     
       40799  0.217282371869633     
       40799  0.166210673160690     
       40799  0.103981506328113     
       40799  5.699528552040228E-002
       40799  1.787544158176846E-002
       40799  1.057911612789019E-002
       40799  7.848186421324609E-003
       40799  7.519907162195878E-003
       40799  3.862278934028428E-003
       40799  1.679570729051631E-003
       40799  6.248332781463480E-004
       40799  5.051115913380598E-004
       40799  2.410393725178740E-004
       40799  2.126597092145029E-004
       40799  1.570468285863461E-004
       40799  1.130589631511927E-004
       40799  9.200203265029900E-005
       40799  6.911330416337451E-005
       40799  3.740216367155642E-005
       40799  1.040396470653666E-005
       40799  5.049952469215922E-006
       40799  3.986456241136522E-006
       40799  3.029521950393288E-006
       40799  1.646128813592014E-006
       40799  9.382453416922080E-007
       40799  8.451236039677409E-007
       40799  6.088560117857725E-007
       40799  3.954237440886529E-007
       40799  2.887143097159889E-007
       40799  1.747634053690076E-007
       40799  1.423829872365844E-007
       40799  1.282559346177957E-007
       40799  7.088095297247827E-008
       40799  3.038733850228951E-008
       40799  1.812727912011293E-008
       40799  7.278661572551095E-009
       40799  6.067151122688580E-009
       40799  1.777749786466660E-009
       40799  6.091972140740448E-010
       40799  4.829372972593582E-010
       40799  4.406866418996920E-010
       40799  2.441583485701560E-010
       40799  2.237243759943336E-011
       40799  1.617603429733659E-011
       40799  9.335142187555747E-012
       40799  5.833446470960110E-012
       40799  4.861486149082400E-013
       40799  4.400353000510097E-013
       40799  2.527345446231407E-013
       40799  1.772595758527942E-015
       40799  6.127782223563747E-016
       40799  1.160210579460822E-017
       40799  2.474539824491117E-018
       40799  1.702265628583723E-021
       40799  3.595363253463915E-022
       40799  3.810955249318825E-023
       40799  1.786149273888614E-023
       40799  7.713875931163531E-024
       40799  1.959282458479016E-024
       40799  9.574598507389813E-025
       40799  1.149276135161958E-025
       40799  4.908354848018222E-026
       40799  1.661427085788965E-026
       40799  1.669667640982246E-029
       40799  9.917781096699155E-030
       40799  5.299978487148000E-030
       40799  3.588285100200353E-034
       40799  2.371368484579143E-037
       40799  1.832784950482845E-038
       40799  5.361684546404335E-040
       40799  3.044257597808155E-040
       40799  2.829933718745211E-040
       40799  2.257719344085846E-040
       40799  3.654158333140282E-041
       40799  1.535931342226183E-041
       40799  1.009007880178607E-041
       40799  6.031854359562140E-042
       40799  5.917801506694923E-043
       40799  2.724817637505849E-044
       40799  2.033998363894617E-044
       40799  1.652919776717168E-044
       40799  2.375992974173458E-045
       40799  4.880133792805443E-046
       40799  3.082137073354446E-050
       40799  3.268421838142620E-054
       40799  1.914107502694975E-054
       40799  1.196775233910643E-054
       40799  3.070441933333648E-055
       40799  5.480680968104516E-056
       40799  1.551731746721232E-056
       40799  2.353612049296980E-057
       40799  7.538377108874405E-058
       40799  1.173125683121233E-058
       40799  1.169167799719105E-059
       40799  1.279315613136003E-060
       40799  1.791556570091985E-070
       40799  4.271061278107622E-071
       40799  2.980288891414088E-071
       40799  1.833597595974610E-071
       40799  9.704549722875146E-073
       40799  5.081034450868385E-073
       40799  1.930595557862435E-073
       40799  7.309872033294246E-075
       40799  4.134832285638230E-075
       40799  1.036058230847387E-075
       40799  2.849904335271502E-077
       40799  1.401035536854049E-078
       40799  6.007687893566529E-079
       40799  7.187610729091638E-082
       40799  1.666909528882449E-086
       40799  5.702010617842914E-087
       40799  6.756331548156450E-088
       40799  5.547843982183707E-088
       40799  2.421165586341511E-088
       40799  1.875318757448770E-088
       40799  2.537133113283819E-089
       40799  1.564450218088078E-089
       40799  1.142838573139140E-089
       40799  5.210193027338588E-090
       40799  6.499102462471586E-091
       40799  6.763292419923455E-093
       40799  4.033401771639441E-105
       40799  3.394329079340516E-105
       40799  1.146838334012524E-105
       40799  6.667443820266399E-107
       40799  1.013458075500540E-108
       40799  1.474966643919500E-109
       40799  4.206943581142698E-121
       40799  1.010873204023073E-121
       40799  5.702154829584213E-122
       40799  8.589241534960986E-123
       40799  4.259788104032873E-124
       40799  1.858155550148730E-124
       40799  5.987589430750534E-141
       40799  8.718296448000113E-142
       40799  5.233993552826051E-157
       40799  1.955408902931893E-175
       40799  5.287560894848837E-188
       40799  1.445344376591402E-189
       40799  1.999742577731523E-191
       40799  3.814445090784510E-205
       40799  4.010815670736237E-220
       40799  4.994065219558298E-221
       40799  4.457944517805566E-223
       40799  4.159866658823873E-236
       40799  2.383618929210315E-236
       40799  1.877400897330222E-237
       40799  2.394763272512846E-253
       40799  1.890345359217022E-253
       40799  3.588285545653128E-255
       40799  5.678230129381667E-269
       40799  3.945384187404426E-270
       40799  3.545039131286700E-271
       40799  3.015844314415396E-271
       40799  0.000000000000000E+000
       40799  0.000000000000000E+000
       40799  0.000000000000000E+000
       40799  0.000000000000000E+000
       40799  0.000000000000000E+000
       40799  0.000000000000000E+000
       40799  0.000000000000000E+000
       40799  0.000000000000000E+000
       40799  0.000000000000000E+000
       40799  0.000000000000000E+000
       40799  0.000000000000000E+000
       40799  0.000000000000000E+000
       40799  0.000000000000000E+000
       40799  0.000000000000000E+000
       40799  0.000000000000000E+000
       40799  0.000000000000000E+000
       40799  0.000000000000000E+000
       40799  0.000000000000000E+000
       40799  0.000000000000000E+000
       40799  0.000000000000000E+000
       40799  0.000000000000000E+000
       40799  0.000000000000000E+000
       40799  0.000000000000000E+000
       40799  0.000000000000000E+000
       40799  0.000000000000000E+000
       40799  0.000000000000000E+000
       40799  0.000000000000000E+000
       40799  0.000000000000000E+000
       40799  0.000000000000000E+000
       40799  0.000000000000000E+000
       40799  0.000000000000000E+000
       40799  0.000000000000000E+000
       40799  0.000000000000000E+000
       40799  0.000000000000000E+000
       40799  0.000000000000000E+000
       40799  0.000000000000000E+000
       40799  0.000000000000000E+000
       40799  0.000000000000000E+000
       40799  0.000000000000000E+000
       40799  0.000000000000000E+000
       40799  0.000000000000000E+000
       40799  0.000000000000000E+000
       40799  0.000000000000000E+000
       40799  0.000000000000000E+000
       40799  0.000000000000000E+000
       40799  0.000000000000000E+000
       40799  0.000000000000000E+000
       40799  0.000000000000000E+000
       40799  0.000000000000000E+000
       40799  0.000000000000000E+000
       40799  0.000000000000000E+000
       40799  0.000000000000000E+000
       40799  0.000000000000000E+000
       40799  0.000000000000000E+000
       40799  0.000000000000000E+000
       40799  0.000000000000000E+000
       40799  0.000000000000000E+000
       40799  0.000000000000000E+000
       40799  0.000000000000000E+000
       40799  0.000000000000000E+000
       40799  0.000000000000000E+000
       40799  0.000000000000000E+000
       40799  0.000000000000000E+000
       40799  0.000000000000000E+000
       40799  0.000000000000000E+000
       40799  0.000000000000000E+000
       40799  0.000000000000000E+000
       40799  0.000000000000000E+000
       40799  0.000000000000000E+000
       40799  0.000000000000000E+000
       40799  0.000000000000000E+000
       40799  0.000000000000000E+000
       40799  0.000000000000000E+000
       40799  0.000000000000000E+000
       40799  0.000000000000000E+000
       40799  0.000000000000000E+000
       40799  0.000000000000000E+000
       40799  0.000000000000000E+000
       40799  0.000000000000000E+000
       40799  0.000000000000000E+000
       40799  0.000000000000000E+000
       40799  0.000000000000000E+000
       40799  0.000000000000000E+000
       40799  0.000000000000000E+000
       40799  0.000000000000000E+000
       40799  0.000000000000000E+000
       40799  0.000000000000000E+000
       40799  0.000000000000000E+000
       40799  0.000000000000000E+000
       40799  0.000000000000000E+000
       40799  0.000000000000000E+000
       40799  0.000000000000000E+000
       40799  0.000000000000000E+000
       40799  0.000000000000000E+000
       40799  0.000000000000000E+000
       40799  0.000000000000000E+000
       40799  0.000000000000000E+000
       40799  0.000000000000000E+000
       40799  0.000000000000000E+000
       40799  0.000000000000000E+000
       40799  0.000000000000000E+000
       40799  0.000000000000000E+000
       40799  0.000000000000000E+000
       40799  0.000000000000000E+000
       40799  0.000000000000000E+000
       40799  0.000000000000000E+000
       40799  0.000000000000000E+000
       40799  0.000000000000000E+000
       40799  0.000000000000000E+000
       40799  0.000000000000000E+000
       40799  0.000000000000000E+000
       40799  0.000000000000000E+000
       40799  0.000000000000000E+000
       40799  0.000000000000000E+000
       40799  0.000000000000000E+000
       40799  0.000000000000000E+000
       40799  0.000000000000000E+000
       40799  0.000000000000000E+000
       40799  0.000000000000000E+000
       40799  0.000000000000000E+000
       40799  0.000000000000000E+000
       40799  0.000000000000000E+000
       40799  0.000000000000000E+000
       40799  0.000000000000000E+000
       40799  0.000000000000000E+000
       40799  0.000000000000000E+000
       40799  0.000000000000000E+000
       40799  0.000000000000000E+000
       40799  0.000000000000000E+000
       40799  0.000000000000000E+000
       40799  0.000000000000000E+000
       40799  0.000000000000000E+000
       40799  0.000000000000000E+000
       40799  0.000000000000000E+000
       40799  0.000000000000000E+000
       40799  0.000000000000000E+000
       40799  0.000000000000000E+000
       40799  0.000000000000000E+000
       40799  0.000000000000000E+000
       40799  0.000000000000000E+000
       40799  0.000000000000000E+000
       40799  0.000000000000000E+000
       40799  0.000000000000000E+000
       40799  0.000000000000000E+000
       40799  0.000000000000000E+000
       40799  0.000000000000000E+000
       40799  0.000000000000000E+000
       40799  0.000000000000000E+000
       40799  0.000000000000000E+000
       40799  0.000000000000000E+000
       40799  0.000000000000000E+000
       40799  0.000000000000000E+000
       40799  0.000000000000000E+000
       40799  0.000000000000000E+000
       40799  0.000000000000000E+000
       40799  0.000000000000000E+000
       40799  0.000000000000000E+000
       40799  0.000000000000000E+000
       40799  0.000000000000000E+000
       40799  0.000000000000000E+000
       40799  0.000000000000000E+000
       40799  0.000000000000000E+000
       40799  0.000000000000000E+000
       40799  0.000000000000000E+000
       40799  0.000000000000000E+000
       40799  0.000000000000000E+000
       40799  0.000000000000000E+000
       40799  0.000000000000000E+000
       40799  0.000000000000000E+000
       40799  0.000000000000000E+000
       40799  0.000000000000000E+000
       40799  0.000000000000000E+000
       40799  0.000000000000000E+000
       40799  0.000000000000000E+000
       40799  0.000000000000000E+000
       40799  0.000000000000000E+000
       40799  0.000000000000000E+000
       40799  0.000000000000000E+000
       40799  0.000000000000000E+000
       40799  0.000000000000000E+000
       40799  0.000000000000000E+000
       40799  0.000000000000000E+000
       40799  0.000000000000000E+000
       40799  0.000000000000000E+000
       40799  0.000000000000000E+000
       40799  0.000000000000000E+000
       40799  0.000000000000000E+000
       40799  0.000000000000000E+000
       40799  0.000000000000000E+000
       40799  0.000000000000000E+000
       40799  0.000000000000000E+000
       40799  0.000000000000000E+000
       40799  0.000000000000000E+000
       40799  0.000000000000000E+000
       40799  0.000000000000000E+000
       40799  0.000000000000000E+000
       40799  0.000000000000000E+000
       40799  0.000000000000000E+000
       40799  0.000000000000000E+000
       40799  0.000000000000000E+000
       40799  0.000000000000000E+000
       40799  0.000000000000000E+000
       40799  0.000000000000000E+000
       40799  0.000000000000000E+000
       40799  0.000000000000000E+000
       40799  0.000000000000000E+000
       40799  0.000000000000000E+000
       40799  0.000000000000000E+000
       40799  0.000000000000000E+000
       40799  0.000000000000000E+000
       40799  0.000000000000000E+000
       40799  0.000000000000000E+000
       40799  0.000000000000000E+000
       40799  0.000000000000000E+000
       40799  0.000000000000000E+000
       40799  0.000000000000000E+000
       40799  0.000000000000000E+000
       40799  0.000000000000000E+000
       40799  0.000000000000000E+000
       40799  0.000000000000000E+000
       40799  0.000000000000000E+000
       40799  0.000000000000000E+000
       40799  0.000000000000000E+000
       40799  0.000000000000000E+000
       40799  0.000000000000000E+000
       40799  0.000000000000000E+000
       40799  0.000000000000000E+000
       40799  0.000000000000000E+000
       40799  0.000000000000000E+000
       40799  0.000000000000000E+000
       40799  0.000000000000000E+000
       40799  0.000000000000000E+000
       40799  0.000000000000000E+000
       40799  0.000000000000000E+000
       40799  0.000000000000000E+000
       40799  0.000000000000000E+000
       40799  0.000000000000000E+000
       40799  0.000000000000000E+000
       40799  0.000000000000000E+000
       40799  0.000000000000000E+000
       40799  0.000000000000000E+000
       40799  0.000000000000000E+000
       40799  0.000000000000000E+000
       40799  0.000000000000000E+000
       40799  0.000000000000000E+000
       40799  0.000000000000000E+000
       40799  0.000000000000000E+000
       40799  0.000000000000000E+000
       40799  0.000000000000000E+000
       40799  0.000000000000000E+000
       40799  0.000000000000000E+000
       40799  0.000000000000000E+000
       40799  0.000000000000000E+000
       40799  0.000000000000000E+000
       40799  0.000000000000000E+000
       40799  0.000000000000000E+000
       40799  0.000000000000000E+000
       40799  0.000000000000000E+000
       40799  0.000000000000000E+000
       40799  0.000000000000000E+000
       40799  0.000000000000000E+000
       40799  0.000000000000000E+000
       40799  0.000000000000000E+000
       40799  0.000000000000000E+000
       40799  0.000000000000000E+000
       40799  0.000000000000000E+000
       40799  0.000000000000000E+000
       40799  0.000000000000000E+000
       40799  0.000000000000000E+000
       40799  0.000000000000000E+000
       40799  0.000000000000000E+000
       40799  0.000000000000000E+000
       40799  0.000000000000000E+000
       40799  0.000000000000000E+000
       40799 -3.311401892665211E-253
       40799 -3.829789939974749E-239
       40799 -2.259970593759516E-221
       40799 -3.247158468973559E-207
       40799 -2.812487497657324E-205
       40799 -2.621754365527370E-204
       40799 -4.051869934817962E-189
       40799 -1.207506779130579E-172
       40799 -1.303529317729570E-172
       40799 -2.930878279106753E-172
       40799 -1.482918810989577E-159
       40799 -2.945616529933849E-157
       40799 -7.119981543875364E-156
       40799 -7.984305515172718E-141
       40799 -1.704763438461810E-139
       40799 -1.271781093810091E-125
       40799 -2.081577245563859E-122
       40799 -1.361498409954505E-121
       40799 -9.653972966166050E-108
       40799 -1.305928620293176E-107
       40799 -8.293424331484399E-107
       40799 -7.082681316206118E-106
       40799 -3.203763322848162E-092
       40799 -7.249685910777434E-092
       40799 -2.599082680661066E-091
       40799 -3.457906374892611E-091
       40799 -1.830384199697860E-089
       40799 -3.394476517568221E-089
       40799 -7.901000364510631E-089
       40799 -6.674049803778491E-088
       40799 -1.175836714382706E-087
       40799 -3.371222606194821E-087
       40799 -2.356778480135256E-086
       40799 -1.798485053903359E-084
       40799 -6.166407517899253E-080
       40799 -1.559284580414176E-079
       40799 -7.526102275039641E-079
       40799 -2.902619077415151E-078
       40799 -4.156975256329861E-078
       40799 -2.676500698799282E-077
       40799 -2.508136724417072E-076
       40799 -6.161526515050461E-076
       40799 -8.830259232452042E-075
       40799 -8.458174729711587E-074
       40799 -2.604826580635810E-073
       40799 -3.321385638775901E-073
       40799 -8.776243263357161E-073
       40799 -2.384043224742199E-072
       40799 -3.378798307225502E-072
       40799 -3.925471411764435E-072
       40799 -3.419233080589998E-071
       40799 -8.806312732487959E-071
       40799 -6.043905800213116E-070
       40799 -2.339551239801642E-068
       40799 -9.002775730944533E-066
       40799 -1.565823295651619E-064
       40799 -2.024434355966761E-063
       40799 -5.771661133982021E-063
       40799 -2.351579153748375E-062
       40799 -3.730679615294721E-062
       40799 -4.429392761732953E-062
       40799 -9.826657257255831E-062
       40799 -4.607745838774466E-061
       40799 -8.600437946353076E-061
       40799 -1.141160460596652E-059
       40799 -5.569853360037341E-059
       40799 -1.321993893002570E-057
       40799 -4.590539651205299E-057
       40799 -6.108319813032069E-057
       40799 -8.601213843565210E-057
       40799 -1.397096888612164E-056
       40799 -3.617886569618946E-056
       40799 -8.694704180726531E-056
       40799 -1.871843600995939E-055
       40799 -1.479597657445494E-054
       40799 -1.423774566518888E-053
       40799 -1.204096297923815E-049
       40799 -7.784630134167966E-048
       40799 -1.410854723164822E-047
       40799 -4.529631631552897E-046
       40799 -9.274939100730515E-046
       40799 -2.708963478419847E-045
       40799 -1.077597294668996E-043
       40799 -7.691131480854401E-043
       40799 -4.683931550598717E-042
       40799 -2.474994398828659E-040
       40799 -5.966932220968630E-040
       40799 -8.937873675956394E-040
       40799 -1.433449851969551E-039
       40799 -5.641019203216921E-039
       40799 -2.783167555194934E-038
       40799 -5.142807061553513E-038
       40799 -5.558593715173701E-038
       40799 -5.760367429652436E-034
       40799 -3.561816735206484E-032
       40799 -6.464975745126699E-032
       40799 -4.808686727864802E-030
       40799 -7.979998562511185E-030
       40799 -8.612550422293390E-029
       40799 -1.482610758386461E-028
       40799 -6.459006508906098E-028
       40799 -3.834501657471664E-027
       40799 -1.700787875271168E-026
       40799 -1.424716761050605E-025
       40799 -2.073829514785925E-024
       40799 -4.794701786330268E-024
       40799 -7.037775341849596E-024
       40799 -1.101630223356373E-023
       40799 -1.398803058545020E-023
       40799 -4.887247766115901E-023
       40799 -6.999127172852304E-023
       40799 -7.119896508563945E-022
       40799 -8.576773121604798E-021
       40799 -1.544434838314557E-017
       40799 -2.991848003859835E-014
       40799 -3.600878799822177E-013
