    1   0.7545517E-01
    2   0.4192488E-01
    3   0.4049630E-01
    4   0.3372059E-01
    5   0.2496146E-01
    6   0.5420412E-01
    7   0.7595362E-02
    8   0.2638616E-01
    9   0.1979373E-01
   10   0.4167960E-01
   11   0.6060401E-01
   12   0.1786708E-01
   13   0.4181015E-01
   14   0.2371900E-01
   15   0.3058882E-02
   16   0.7255956E-02
   17   0.1835976E-01
   18   0.4016966E-02
   19   0.7382100E-02
   20   0.2007275E-02
   21   0.3591864E-02
   22   0.3533541E-02
   23   0.1155903E-01
   24   0.4440113E-02
   25   0.9363980E-02
   26   0.3528761E-02
   27   0.9878075E-02
   28   0.1595194E-02
   29   0.2347115E-01
   30   0.8716792E-02
   31   0.1209075E-01
   32   0.1486065E-01
   33   0.9751460E-02
   34   0.7870053E-03
   35   0.4162309E-02
   36   0.3663175E-02
   37   0.2859611E-02
   38   0.2049344E-02
   39   0.9173139E-03
   40   0.8168420E-02
   41   0.9348544E-02
   42   0.1048875E-02
   43   0.7112597E-02
   44   0.8916266E-03
   45   0.6358957E-02
   46   0.1560126E-02
   47   0.7971288E-02
   48   0.8177259E-02
   49   0.8555329E-02
   50   0.7215667E-02
   51   0.3754252E-02
   52   0.5856721E-02
   53   0.1266095E-02
   54   0.1643114E+02
