    1   0.2500819E+00
    2   0.2594599E+00
    3   0.4766292E-01
    4   0.1553384E+00
    5   0.5288107E-01
    6   0.2414092E-01
    7   0.2358756E-01
    8   0.3928428E-01
    9   0.4545680E-01
   10   0.8277668E-01
   11   0.4648565E-01
   12   0.5626314E-01
   13   0.7233076E-01
   14   0.5753828E-01
   15   0.2454518E-02
   16   0.3591428E-01
   17   0.7901476E-02
   18   0.5567197E-01
   19   0.5934735E-02
   20   0.6570346E-02
   21   0.2513062E-01
   22   0.2380805E-01
   23   0.2938142E-02
   24   0.1901867E-01
   25   0.1324356E-02
   26   0.1925786E-02
   27   0.1015362E-02
   28   0.1790289E-01
   29   0.8056608E-02
   30   0.3336088E-02
   31   0.3013718E-02
   32   0.7582805E-03
   33   0.7454541E-03
   34   0.1481984E-01
   35   0.3425648E-02
   36   0.5859232E-02
   37   0.3475038E-02
   38   0.6649563E-02
   39   0.1766564E-02
   40   0.1860200E-01
   41   0.1637187E-02
   42   0.7674297E-02
   43   0.1183297E-01
   44   0.1030530E-02
   45   0.3111360E-02
   46   0.5948803E-02
   47   0.6656960E-02
   48   0.4173993E-03
   49   0.2436652E-02
   50   0.5293649E-03
   51   0.6162735E-03
   52   0.7678459E-03
   53   0.6987093E-02
   54   0.3696651E-02
   55   0.1831711E-02
   56   0.7022546E-03
   57   0.3389096E-02
   58   0.3714927E-02
   59   0.4081576E-02
   60   0.3630329E-02
   61   0.8995380E-02
   62   0.6165631E-03
   63   0.2608016E-02
   64   0.7733037E-02
   65   0.7470684E-02
   66   0.1745213E-02
   67   0.4581230E-02
   68   0.6391624E-03
   69   0.2730726E-02
   70   0.2583947E-02
   71   0.1773626E-02
   72   0.5687743E-03
   73   0.6550432E-03
   74   0.3092481E-02
   75   0.2116623E-02
   76   0.2030640E-02
   77   0.1671773E-02
   78   0.2155447E-02
   79   0.8528672E-03
   80   0.6161069E-03
   81   0.3449770E-02
   82   0.1434488E-02
   83   0.6346764E-03
   84   0.7797839E-03
   85   0.2529637E-02
   86   0.4651425E-03
   87   0.3915340E-02
   88   0.4021537E-03
   89   0.2173729E-02
   90   0.2535494E-02
   91   0.4456687E-03
   92   0.4103293E-02
   93   0.1643113E+02
