    1   0.4263909E+00
    2   0.3497535E+00
    3   0.3398949E+00
    4   0.1478106E+00
    5   0.6681640E-01
    6   0.2647945E-01
    7   0.4448169E-02
    8   0.1110669E+00
    9   0.1960598E+00
   10   0.3595807E-01
   11   0.3124875E-02
   12   0.1164444E+00
   13   0.3167929E-01
   14   0.4419922E-01
   15   0.2973286E-01
   16   0.3286401E-01
   17   0.5008710E-01
   18   0.2633205E-01
   19   0.4823188E-02
   20   0.3244083E-01
   21   0.1630843E-01
   22   0.8563020E-02
   23   0.1603019E-01
   24   0.6865561E-02
   25   0.2217166E-01
   26   0.3495045E-01
   27   0.2203929E-01
   28   0.4181124E-01
   29   0.1094002E-01
   30   0.1987604E-01
   31   0.4470683E-02
   32   0.2870511E-02
   33   0.3310481E-02
   34   0.3102426E-02
   35   0.1113561E-02
   36   0.1852720E-02
   37   0.2787001E-02
   38   0.5925487E-02
   39   0.2098839E-02
   40   0.6545117E-02
   41   0.2547101E-02
   42   0.9620748E-02
   43   0.5488339E-02
   44   0.4474206E-02
   45   0.6293076E-03
   46   0.1229126E-01
   47   0.6075843E-02
   48   0.3499843E-02
   49   0.2081570E-02
   50   0.2767169E-02
   51   0.2946261E-02
   52   0.8699959E-03
   53   0.6008124E-02
   54   0.7804276E-02
   55   0.3637969E-03
   56   0.3803812E-02
   57   0.6240246E-02
   58   0.7193057E-02
   59   0.6211659E-02
   60   0.3453818E-03
   61   0.9943733E-02
   62   0.1583657E-02
   63   0.3498966E-02
   64   0.1411087E-02
   65   0.6813368E-02
   66   0.2146611E-02
   67   0.2260818E-02
   68   0.2323227E-02
   69   0.4831462E-03
   70   0.1281537E-02
   71   0.1921388E-02
   72   0.5861023E-02
   73   0.5284898E-02
   74   0.3028885E-02
   75   0.1339938E-02
   76   0.4247806E-03
   77   0.1135245E-02
   78   0.1832213E-03
   79   0.1584708E-02
   80   0.1772304E-02
   81   0.8793545E-03
   82   0.8938196E-03
   83   0.2028192E-03
   84   0.2202942E-02
   85   0.3799244E-03
   86   0.1027609E-02
   87   0.6392856E-03
   88   0.1242643E-02
   89   0.1643110E+02
