    1   0.1776680E+00
    2   0.3888529E-01
    3   0.3863064E-01
    4   0.7048743E-01
    5   0.5702206E-01
    6   0.1459900E-01
    7   0.4455669E-01
    8   0.5169070E-02
    9   0.3858183E-01
   10   0.6585396E-01
   11   0.1119091E-01
   12   0.3579600E-02
   13   0.3622716E-01
   14   0.1430333E-01
   15   0.1045579E-01
   16   0.6999715E-02
   17   0.2285783E-02
   18   0.4317945E-02
   19   0.2647605E-02
   20   0.2396962E-02
   21   0.2017045E-02
   22   0.3066127E-02
   23   0.8618340E-02
   24   0.1884654E-02
   25   0.2206459E-02
   26   0.2971292E-02
   27   0.2221648E-02
   28   0.4463485E-02
   29   0.1136539E-02
   30   0.1643101E+02
