 AEM_Eatom=  2.318578267324059E-002
 AEM_Egroup=  3.898271732860485E-003
 AEM_Etot=  8.053789792132528E-004
 AEM_F=  0.501161270893848     
