           4           1
 PRECISION  = SINGLE     
 JOB       = SCF
 IN.PSP1   = /home/sabs/shenjie/Pseudopotential/Li.nc.pbe.UPF
 IN.PSP2   = /home/sabs/shenjie/Pseudopotential/C.nc.pbe.UPF
 IN.PSP3   = /home/sabs/shenjie/Pseudopotential/O.nc.pbe.UPF
 IN.PSP4   = /home/sabs/shenjie/Pseudopotential/N.nc.pbe.UPF
 IN.PSP5   = /home/sabs/shenjie/Pseudopotential/S.nc.pbe.UPF
 IN.PSP6   = /home/sabs/shenjie/Pseudopotential/F.nc.pbe.UPF
 IN.PSP7   = /home/sabs/shenjie/Pseudopotential/H.nc.pbe.UPF
 IN.PSP8   = /home/sabs/shenjie/Pseudopotential/P.nc.pbe.UPF
 IN.ATOM   = atom.config         
 CONVERGENCE  = EASY
 ACCURACY  = NORM
 VFF_DETAIL =   1   500  0.50000000E-02     30.00000     4.00000     0.00000     1.00000  
 EGG_DETAIL =            3           3           3
 SPIN      =   1
 CONSTRAINT_MAG =           0
 RANDOM_SEED=           0
 QIJ_DETAIL =   0  1
 SCF_MIX = CHARGE
 PWSCF_OUTPUT     =  F
 Ecut      =    60.0000000000000     
 Ecut2     =    120.000000000000     
 Ecut2L    =    120.000000000000     
 EcutP    =    60.0000000000000     
 N123      =   120   120   120
 NS123     =    40    40    40
 N123L     =   120   120   120
 STRESS_CORR =   0.100000E+01  0.000000E+00  0.200000E+01  0.000000E+00
 XCFUNCTIONAL = LDA
 HSE_DETAIL    =      1.00000000    1     0.00000000    6 1 1
 RELAX_HSE    =    20   0.50000E-01     2
 VDW       = NONE
 LONDON_S6      =   0.000000000000000E+000
 LONDON_C6(1)      =   -1.00000000000000     
 LONDON_C6(2)      =   -1.00000000000000     
 LONDON_C6(3)      =   -1.00000000000000     
 LONDON_C6(4)      =   -1.00000000000000     
 LONDON_C6(5)      =   -1.00000000000000     
 LONDON_C6(6)      =   -1.00000000000000     
 LONDON_C6(7)      =   -1.00000000000000     
 LONDON_C6(8)      =   -1.00000000000000     
 LONDON_RCUT      =   0.000000000000000E+000
 DFTD3_S6        =   0.000000000000000E+000
 DFTD3_RS6        =   0.000000000000000E+000
 DFTD3_S18        =   0.000000000000000E+000
 DFTD3_RS18        =   0.000000000000000E+000
 DFTD3_ALPHA6        =   0.000000000000000E+000
 DFTD3_VERSION        =            0
 DFTD3_3BODY        =  F
 COULOMB   =    0
 IN.WG     =  F
 OUT.WG    =  F
 IN.RHO    =  F
 OUT.RHOATOM =  F
 OUT.RHO   =  F
 IN.VR     =  F
 OUT.VR    =  F
 OUT.ELF   =  F
 IN.VEXT   =  F
 OUT.VATOM   =  F
 OUT.FORCE =  T
 OUT.STRESS =  F
 IN.KPT    =  F
 IN.SYMM   =  F
 SYMM_PREC =    0.10000E-04
 MP_N123 =      1      1      1      0      0      0      0
 NUM_KPT =            1
 CHARGE_DECOMP = F
 ENERGY_DECOMP = F 
 IN.SOLVENT =  F
 NUM_ELECTRON =   1940.00000000000     
 FIX_FERMI =   F  0.000000E+00  0.000000E+00  0.000000E+00
 IN.NONSCF    =  F
 NUM_BAND  =  1028
 OUT.REAL.RHOWF_SP= 0
 WG_ERROR  =   1.000000000000000E-004
 E_ERROR   =   5.279008887880000E-003
 RHO_ERROR =   5.000000000000000E-005
 RHO_RELATIVE_ERROR      =   0.000000000000000E+000
 FORCE_RELATIVE_ERROR     =   0.000000000000000E+000
 MIN_SCF_ITER     =            1
 SYS_TYPE   =            1
 PULAY_MIX_OPT =     30  1  0       1.00000       0.00000
 PULAY_METRIC_Q0 =       -1.00000
 IN.OCC    =  F          -1
 IN.CC    =  F
 IN.OCC_ADIA    =  F
 SCF_ITER0_1 =    6   4    3    0.0000     0.02500    1
 SCF_ITER0_2 =   94   4    3    1.0000     0.02500    1
 SCF_ITER1_1 =   40   4    3    1.0000     0.02500    1
 NONLOCAL  =  2
 IN.A_FIELD =  F       0.00000       0.00000       0.00000
 RCUT      =    4.00000000000000     
 IN.PSP_RCUT1 =   4.00000000000000     
 IN.PSP_RCUT2 =   4.00000000000000     
 IN.PSP_RCUT3 =   4.00000000000000     
 IN.PSP_RCUT4 =   4.00000000000000     
 IN.PSP_RCUT5 =   4.00000000000000     
 IN.PSP_RCUT6 =   4.00000000000000     
 IN.PSP_RCUT7 =   4.00000000000000     
 IN.PSP_RCUT8 =   4.00000000000000     
 MD_VV_SCALE =    100
 LDAU_PSP1   =           -1  2.721138638331097E-009  2.721138638331097E-009  eV
 LDAU_PSP2   =           -1  2.721138638331097E-009  2.721138638331097E-009  eV
 LDAU_PSP3   =           -1  2.721138638331097E-009  2.721138638331097E-009  eV
 LDAU_PSP4   =           -1  2.721138638331097E-009  2.721138638331097E-009  eV
 LDAU_PSP5   =           -1  2.721138638331097E-009  2.721138638331097E-009  eV
 LDAU_PSP6   =           -1  2.721138638331097E-009  2.721138638331097E-009  eV
 LDAU_PSP7   =           -1  2.721138638331097E-009  2.721138638331097E-009  eV
 LDAU_PSP8   =           -1  2.721138638331097E-009  2.721138638331097E-009  eV
 NUM_BLOCKED_PSI=  F
 WF_STORE2DISK  =            0
 NUM_DOS_GRID =         4000
 NMAP_MAX =        50000
 KERK_AMIN =   0.300000000000000     
 KERK_AMIX =   0.400000000000000     
 KERK_AMIX_MAG =   0.800000000000000     
 KERK_BMIX =   0.500000000000000     
 LDAU_MIX =   0.700000000000000     
 PULAY_WEIGHT_SPIN =    1.00000000000000     
 PULAY_WEIGHT_NS =    1.00000000000000     
 OUT.MLMD    =  F
 NUM_MPI_PER_GPU =     1
 FLAG_CYLINDER =            0
 SET_OUT_FERMI_POS =  F           0
 E_FINITE =  F   0.00000E+00   0.00000E+00   0.00000E+00
 MLINE_EIGEN =      1
 
 ------------------------------------------------
 total number of K-point:           1
   0.00000     0.00000    0.00000     1.00000            
 ------------------------------------------------
 
 
 *********************************************
 *********** end of etot.input report ********
 minimum n1,n2,n3 from Ecut2
     118.970      119.148      119.089
 minimum n1L,n2L,n3L from Ecut2L
     118.970      119.148      119.089
 *********************************************
 
 
Weighted average num_of_PW for all kpoint=                       312673.000
 ************************************
 E_Hxc(eV)         50724.2687129846     
 E_ion(eV)        -222100.300862318     
 E_Coul(eV)        79002.2194313385     
 E_Hxc+E_ion(eV)  -171376.032149333     
 NONSCF     1          AVE_STATE_ERROR= 0.5919E+01
 NONSCF     2          AVE_STATE_ERROR= 0.1629E+01
 NONSCF     3          AVE_STATE_ERROR= 0.5063E+00
 NONSCF     4          AVE_STATE_ERROR= 0.9433E-01
 NONSCF     5          AVE_STATE_ERROR= 0.1569E-01
 NONSCF     6          AVE_STATE_ERROR= 0.3036E-02
 iter=   7   ave_lin=  4.0  iCGmth=   3
 Ef(eV)               = -.1237670E+01
 err of ug            = 0.1191E-02
 dv_ave, drho_tot     = 0.0000E+00 0.1222E+00
 E_tot(eV)            = -.13304651637144E+06    -.1330E+06
 -------------------------------------------
 iter=   8   ave_lin=  4.0  iCGmth=   3
 Ef(eV)               = -.1302601E+01
 err of ug            = 0.1070E-01
 dv_ave, drho_tot     = 0.1713E-01 0.7054E-01
 E_tot(eV)            = -.13294232284374E+06    0.1042E+03
 -------------------------------------------
 iter=   9   ave_lin=  4.0  iCGmth=   3
 Ef(eV)               = -.8892797E+00
 err of ug            = 0.6572E-02
 dv_ave, drho_tot     = 0.1362E-01 0.3040E-01
 E_tot(eV)            = -.13291034792790E+06    0.3197E+02
 -------------------------------------------
 iter=  10   ave_lin=  4.0  iCGmth=   3
 Ef(eV)               = -.8130087E+00
 err of ug            = 0.2091E-02
 dv_ave, drho_tot     = 0.6932E-02 0.1060E-01
 E_tot(eV)            = -.13290500105438E+06    0.5347E+01
 -------------------------------------------
 iter=  11   ave_lin=  4.0  iCGmth=   3
 Ef(eV)               = -.7830621E+00
 err of ug            = 0.5486E-03
 dv_ave, drho_tot     = 0.3020E-02 0.6004E-02
 E_tot(eV)            = -.13290433586572E+06    0.6652E+00
 -------------------------------------------
 iter=  12   ave_lin=  4.0  iCGmth=   3
 Ef(eV)               = -.7597282E+00
 err of ug            = 0.3130E-03
 dv_ave, drho_tot     = 0.3539E-02 0.3662E-02
 E_tot(eV)            = -.13290381104792E+06    0.5248E+00
 -------------------------------------------
 iter=  13   ave_lin=  4.0  iCGmth=   3
 Ef(eV)               = -.7126710E+00
 err of ug            = 0.3589E-03
 dv_ave, drho_tot     = 0.4037E-02 0.2841E-02
 E_tot(eV)            = -.13290331188378E+06    0.4992E+00
 -------------------------------------------
 iter=  14   ave_lin=  4.0  iCGmth=   3
 Ef(eV)               = 0.1256101E+01
 err of ug            = 0.3353E-03
 dv_ave, drho_tot     = 0.5483E-02 0.2248E-02
 E_tot(eV)            = -.13290285976229E+06    0.4521E+00
 -------------------------------------------
 iter=  15   ave_lin=  4.0  iCGmth=   3
 Ef(eV)               = 0.1422859E+01
 err of ug            = 0.3481E-03
 dv_ave, drho_tot     = 0.6228E-02 0.1800E-02
 E_tot(eV)            = -.13290254304837E+06    0.3167E+00
 -------------------------------------------
 iter=  16   ave_lin=  4.0  iCGmth=   3
 Ef(eV)               = 0.1566907E+01
 err of ug            = 0.2577E-03
 dv_ave, drho_tot     = 0.4272E-02 0.1371E-02
 E_tot(eV)            = -.13290245979564E+06    0.8325E-01
 -------------------------------------------
 iter=  17   ave_lin=  4.0  iCGmth=   3
 Ef(eV)               = 0.1723961E+01
 err of ug            = 0.1961E-03
 dv_ave, drho_tot     = 0.3653E-02 0.1058E-02
 E_tot(eV)            = -.13290242861944E+06    0.3118E-01
 -------------------------------------------
 iter=  18   ave_lin=  4.0  iCGmth=   3
 Ef(eV)               = -.3755136E+00
 err of ug            = 0.1273E-03
 dv_ave, drho_tot     = 0.2841E-02 0.7868E-03
 E_tot(eV)            = -.13290241226306E+06    0.1636E-01
 -------------------------------------------
 iter=  19   ave_lin=  4.0  iCGmth=   3
 Ef(eV)               = -.3382663E+00
 err of ug            = 0.1075E-03
 dv_ave, drho_tot     = 0.2416E-02 0.5989E-03
 E_tot(eV)            = -.13290239490849E+06    0.1735E-01
 -------------------------------------------
 iter=  20   ave_lin=  4.0  iCGmth=   3
 Ef(eV)               = -.3082788E+00
 err of ug            = 0.9504E-04
 dv_ave, drho_tot     = 0.2322E-02 0.4529E-03
 E_tot(eV)            = -.13290238238953E+06    0.1252E-01
 -------------------------------------------
 iter=  21   ave_lin=  4.0  iCGmth=   3
 Ef(eV)               = -.2964740E+00
 err of ug            = 0.6562E-04
 dv_ave, drho_tot     = 0.1068E-02 0.3755E-03
 E_tot(eV)            = -.13290237504851E+06    0.7341E-02
 -------------------------------------------
 iter=  22   ave_lin=  4.0  iCGmth=   3
 Ef(eV)               = -.3080336E+00
 err of ug            = 0.6403E-04
 dv_ave, drho_tot     = 0.1063E-02 0.3054E-03
 E_tot(eV)            = -.13290236845655E+06    0.6592E-02
 -------------------------------------------
 iter=  23   ave_lin=  4.0  iCGmth=   3
 Ef(eV)               = -.3244972E+00
 err of ug            = 0.5201E-04
 dv_ave, drho_tot     = 0.8331E-03 0.2483E-03
 E_tot(eV)            = -.13290236507570E+06    0.3381E-02
 -------------------------------------------
 E_Fermi(eV)= -0.324497191113823     
 ---------------------------------------------------
 Ef(eV)               = -.3244972E+00
 dvE, dvE(n)-dvE(n-1) = 0.6941E-06 -.4354E-06
 dv_ave, drho_tot     = 0.8331E-03 0.2483E-03
 err of ug            = 0.5201E-04
 ---------------------------------------------------
 ending_scf_reason = tol Etot_err  5.279008887880000E-003
 Ewald        = -.41190429867770E+05
 Alpha        = 0.15207970391171E+04
 E_extV       = 0.00000000000000E+00    0.0000E+00
 E_NSC        = -.21448525872599E+05    0.7392E+00
 E[-rho*V_Hxc]= -.12371850127602E+06    -.7358E+00
 E_Hxc        = 0.51934294901578E+05    0.7369E+00
 -TS          = -.35505862133968E-26    0.0000E+00
 E_tot(eV)    = -.13290236507570E+06    0.3381E-02
 E_tot(Ryd)   = -.97681437452702E+04    0.1242E-03
 ---------------------------------------------------
 ---------------------------------------------------
 occup for:      kpt=1,spin=1,m=(totN/2-2,totN/2+2)
   1.000    1.000    1.000    0.000    0.000
 eigen(eV) for:  kpt=1,spin=1,m=(totN/2-2,totN/2+2)
  -1.936   -1.840   -1.742    2.396    2.618
 ---------------------------------------------------
 ---------------------------------------------------
 E_Hart,E_xc,E_ion =0.80730945425862E+05  -.28796650524284E+05  -.22454815560908E+06
 E_Hxc+E_ion       =-.17261386070750E+06
 E_kin+E_nonloc    =0.79381128460454E+05
 E_rhoVext,E_IVext     =0.00000000000000E+00  0.00000000000000E+00
 E_psiV,E_dDrho =-.10082974804563E+06  0.00000000000000E+00
 ave(vtot):v0 =-.77014678944212E+01
 ave(V_ion_s(or p,d))=ave(V_Hatree)=0; ave(Vtot)=ave(V_xc)=v0
 ---------------------------------------------------
 *********************************
 Eigen energies are values after setting ave(Vtot)=0
 For Vtot=V_ion+V_Hartree+V_xc, and
 ave(V_ion+V_Hatree)=0, ave(V_xc).ne.0:  E=E+v0
 *********************************
iislda,kpt=   1,    1      0.000000     0.000000     0.000000             kpoint in xyz unit 
 err of each states, A.U
  0.139097E-03     0.554184E-04     0.293653E-04     0.307026E-04     0.199819E-04
  0.509585E-04     0.630661E-04     0.341324E-04     0.166836E-04     0.190085E-04
  0.187305E-04     0.174855E-04     0.190074E-04     0.182805E-04     0.241730E-04
  0.135027E-04     0.213132E-04     0.249420E-04     0.132898E-04     0.118788E-04
  0.286555E-04     0.348282E-04     0.141104E-04     0.244370E-04     0.162807E-04
  0.157912E-04     0.133523E-04     0.194061E-04     0.154839E-04     0.688505E-04
  0.559308E-04     0.244542E-04     0.387260E-04     0.308390E-04     0.150454E-04
  0.203192E-04     0.139397E-04     0.125864E-04     0.240444E-04     0.243702E-04
  0.981864E-04     0.470578E-04     0.181581E-04     0.371026E-04     0.231180E-04
  0.298368E-04     0.620830E-04     0.331879E-04     0.145244E-04     0.142816E-04
  0.741483E-04     0.128885E-04     0.217068E-04     0.154307E-04     0.183435E-04
  0.155700E-04     0.147588E-04     0.404020E-04     0.172911E-04     0.139570E-04
  0.125663E-04     0.166378E-04     0.185492E-04     0.134518E-04     0.301127E-04
  0.231575E-04     0.138578E-03     0.237925E-04     0.148677E-04     0.186107E-04
  0.183304E-04     0.285477E-04     0.267884E-04     0.155767E-04     0.182327E-04
  0.663269E-04     0.231892E-04     0.130944E-04     0.154596E-04     0.138993E-04
  0.141784E-04     0.120842E-04     0.193950E-04     0.201417E-04     0.173426E-04
  0.133579E-04     0.198722E-04     0.119670E-04     0.128139E-04     0.188021E-04
  0.129424E-04     0.279880E-04     0.425376E-04     0.203782E-04     0.892175E-04
  0.373771E-04     0.138676E-04     0.122306E-04     0.216028E-04     0.140832E-04
  0.127956E-04     0.115478E-04     0.113699E-04     0.120658E-04     0.420900E-04
  0.123754E-04     0.183745E-04     0.171961E-04     0.193229E-04     0.162980E-04
  0.113888E-04     0.716844E-04     0.150826E-04     0.484661E-04     0.250702E-04
  0.198236E-04     0.118562E-04     0.283329E-04     0.147767E-04     0.624623E-04
  0.144227E-04     0.225754E-04     0.145233E-04     0.182600E-04     0.499233E-04
  0.423081E-04     0.111911E-04     0.139543E-04     0.819102E-04     0.177570E-04
  0.126910E-04     0.177910E-04     0.130147E-04     0.164767E-04     0.107394E-04
  0.188210E-04     0.975005E-04     0.285982E-04     0.341569E-04     0.876328E-04
  0.122114E-03     0.119535E-04     0.276441E-04     0.158799E-04     0.141691E-04
  0.180186E-04     0.196029E-04     0.124694E-04     0.217758E-04     0.151467E-04
  0.214733E-04     0.166763E-04     0.136696E-04     0.175310E-04     0.121441E-04
  0.142250E-03     0.327701E-04     0.540362E-04     0.109375E-04     0.208951E-04
  0.185260E-04     0.115631E-04     0.240623E-04     0.384176E-04     0.115827E-04
  0.245319E-04     0.173406E-04     0.183835E-04     0.269352E-04     0.476593E-04
  0.238210E-04     0.351177E-04     0.984726E-05     0.146007E-04     0.184345E-04
  0.251586E-04     0.225898E-04     0.140067E-04     0.126513E-04     0.115765E-04
  0.128868E-04     0.132246E-04     0.102861E-04     0.248478E-04     0.157193E-04
  0.210574E-04     0.127898E-04     0.174812E-04     0.151199E-04     0.107819E-04
  0.140774E-04     0.181367E-04     0.222514E-04     0.236323E-04     0.108361E-04
  0.196111E-04     0.129023E-04     0.194621E-04     0.119165E-04     0.188972E-04
  0.150288E-04     0.118939E-04     0.110389E-04     0.123653E-04     0.216781E-04
  0.157218E-04     0.233919E-04     0.297589E-04     0.126167E-04     0.367697E-04
  0.127425E-04     0.141530E-04     0.145219E-04     0.114428E-04     0.205087E-04
  0.207458E-04     0.233212E-04     0.246835E-04     0.169824E-04     0.168091E-04
  0.181584E-04     0.159189E-04     0.123128E-04     0.211748E-04     0.156472E-04
  0.162833E-04     0.120410E-04     0.208564E-04     0.978441E-05     0.149241E-04
  0.117661E-04     0.198378E-04     0.131112E-04     0.175518E-04     0.136205E-04
  0.115246E-04     0.123939E-04     0.146935E-04     0.139570E-04     0.120347E-04
  0.196469E-04     0.137387E-04     0.196862E-04     0.108934E-04     0.136832E-04
  0.204295E-04     0.170555E-04     0.175091E-04     0.169594E-04     0.233249E-04
  0.166880E-04     0.151117E-04     0.156711E-04     0.165773E-04     0.133900E-04
  0.129410E-04     0.200344E-04     0.126508E-04     0.129001E-04     0.210158E-04
  0.204803E-04     0.168845E-04     0.143638E-04     0.136228E-04     0.168768E-04
  0.171543E-04     0.109139E-04     0.146741E-04     0.289242E-04     0.245224E-04
  0.186587E-04     0.233602E-04     0.154166E-04     0.167517E-04     0.154116E-04
  0.182994E-04     0.151535E-04     0.161579E-04     0.189700E-04     0.338394E-04
  0.217356E-04     0.229987E-04     0.220151E-04     0.213054E-04     0.154884E-04
  0.166486E-04     0.397051E-04     0.203504E-04     0.250938E-04     0.172990E-04
  0.203743E-04     0.201065E-04     0.345449E-04     0.178428E-04     0.167156E-04
  0.177111E-04     0.225459E-04     0.136088E-04     0.188081E-04     0.227670E-04
  0.233055E-04     0.208843E-04     0.165766E-04     0.154761E-04     0.271353E-04
  0.166457E-04     0.185149E-04     0.235607E-04     0.218875E-04     0.154946E-04
  0.430871E-04     0.332604E-04     0.167099E-04     0.177312E-04     0.154116E-04
  0.227321E-04     0.268314E-04     0.239127E-04     0.224407E-04     0.189546E-04
  0.223778E-04     0.236100E-04     0.217213E-04     0.284908E-04     0.348918E-04
  0.227972E-04     0.272048E-04     0.273577E-04     0.232190E-04     0.252619E-04
  0.206355E-04     0.197185E-04     0.270795E-04     0.295589E-04     0.258726E-04
  0.204176E-04     0.198285E-04     0.186811E-04     0.233426E-04     0.229117E-04
  0.130195E-04     0.166285E-04     0.288076E-04     0.275943E-04     0.186990E-04
  0.174842E-04     0.217489E-04     0.207740E-04     0.200458E-04     0.232322E-04
  0.197359E-04     0.292586E-04     0.204887E-04     0.213222E-04     0.254755E-04
  0.261173E-04     0.232883E-04     0.179064E-04     0.206608E-04     0.212818E-04
  0.238234E-04     0.223005E-04     0.259031E-04     0.265657E-04     0.233948E-04
  0.225103E-04     0.185285E-04     0.185687E-04     0.227323E-04     0.225552E-04
  0.277148E-04     0.237800E-04     0.210634E-04     0.241788E-04     0.216879E-04
  0.268792E-04     0.199653E-04     0.279048E-04     0.263550E-04     0.159600E-04
  0.142433E-04     0.199669E-04     0.388295E-04     0.157123E-04     0.187550E-04
  0.175526E-04     0.324429E-04     0.205911E-04     0.257069E-04     0.298727E-04
  0.281485E-04     0.241072E-04     0.264003E-04     0.252449E-04     0.269387E-04
  0.207761E-04     0.232922E-04     0.239523E-04     0.212961E-04     0.291239E-04
  0.207049E-04     0.304319E-04     0.271084E-04     0.271451E-04     0.244415E-04
  0.175874E-04     0.349492E-04     0.328262E-04     0.242565E-04     0.254967E-04
  0.217360E-04     0.228340E-04     0.240818E-04     0.335382E-04     0.231453E-04
  0.222858E-04     0.232165E-04     0.204223E-04     0.224837E-04     0.372373E-04
  0.273236E-04     0.236561E-04     0.227360E-04     0.271995E-04     0.268642E-04
  0.277710E-04     0.294538E-04     0.309952E-04     0.280397E-04     0.317618E-04
  0.322178E-04     0.256631E-04     0.274032E-04     0.340015E-04     0.204338E-04
  0.231353E-04     0.228100E-04     0.239770E-04     0.259284E-04     0.376058E-04
  0.363259E-04     0.299180E-04     0.249025E-04     0.305772E-04     0.295583E-04
  0.252443E-04     0.228327E-04     0.434377E-04     0.240943E-04     0.205674E-04
  0.200041E-04     0.423693E-04     0.250839E-04     0.322635E-04     0.266037E-04
  0.259329E-04     0.292306E-04     0.193595E-04     0.237869E-04     0.176301E-04
  0.242784E-04     0.313736E-04     0.279518E-04     0.210215E-04     0.228686E-04
  0.322031E-04     0.403411E-04     0.252260E-04     0.182384E-04     0.233731E-04
  0.207687E-04     0.228786E-04     0.155469E-04     0.173681E-04     0.290379E-04
  0.244629E-04     0.240728E-04     0.341599E-04     0.317902E-04     0.263160E-04
  0.212034E-04     0.289038E-04     0.228268E-04     0.235474E-04     0.381902E-04
  0.248663E-04     0.265043E-04     0.183452E-04     0.226585E-04     0.170874E-04
  0.207149E-04     0.172088E-04     0.166469E-04     0.193656E-04     0.164912E-04
  0.122404E-04     0.173570E-04     0.188959E-04     0.168480E-04     0.186889E-04
  0.151344E-04     0.222801E-04     0.207257E-04     0.219664E-04     0.194234E-04
  0.189642E-04     0.191882E-04     0.173383E-04     0.189311E-04     0.176664E-04
  0.188244E-04     0.207629E-04     0.200363E-04     0.220087E-04     0.190269E-04
  0.257215E-04     0.286129E-04     0.276681E-04     0.239380E-04     0.180469E-04
  0.173866E-04     0.249895E-04     0.227454E-04     0.238025E-04     0.260879E-04
  0.232116E-04     0.228706E-04     0.141012E-04     0.254379E-04     0.163688E-04
  0.171216E-04     0.217250E-04     0.202790E-04     0.289193E-04     0.268431E-04
  0.166260E-04     0.228731E-04     0.263623E-04     0.306240E-04     0.238028E-04
  0.261972E-04     0.209274E-04     0.269351E-04     0.182181E-04     0.174762E-04
  0.212372E-04     0.223926E-04     0.229559E-04     0.221823E-04     0.237351E-04
  0.195091E-04     0.200423E-04     0.235505E-04     0.234574E-04     0.189713E-04
  0.223845E-04     0.200463E-04     0.249948E-04     0.166731E-04     0.348229E-04
  0.236062E-04     0.218715E-04     0.238200E-04     0.188597E-04     0.164845E-04
  0.204058E-04     0.242627E-04     0.287945E-04     0.210981E-04     0.229641E-04
  0.173977E-04     0.211607E-04     0.271481E-04     0.237926E-04     0.218170E-04
  0.240421E-04     0.245544E-04     0.214599E-04     0.261816E-04     0.214315E-04
  0.215462E-04     0.218487E-04     0.214076E-04     0.172713E-04     0.192106E-04
  0.229847E-04     0.146097E-04     0.214650E-04     0.134431E-04     0.194284E-04
  0.160780E-04     0.233001E-04     0.216273E-04     0.215831E-04     0.187728E-04
  0.224585E-04     0.215686E-04     0.244885E-04     0.263563E-04     0.212269E-04
  0.207127E-04     0.235698E-04     0.189660E-04     0.192362E-04     0.209103E-04
  0.209386E-04     0.244989E-04     0.235078E-04     0.218357E-04     0.218932E-04
  0.204886E-04     0.234183E-04     0.210906E-04     0.211123E-04     0.195066E-04
  0.220783E-04     0.174178E-04     0.203233E-04     0.175577E-04     0.213998E-04
  0.295070E-04     0.283454E-04     0.223740E-04     0.228705E-04     0.212349E-04
  0.219938E-04     0.231749E-04     0.271298E-04     0.166092E-04     0.182124E-04
  0.244078E-04     0.233621E-04     0.179950E-04     0.201315E-04     0.180756E-04
  0.196382E-04     0.222701E-04     0.177418E-04     0.214789E-04     0.209994E-04
  0.191968E-04     0.196762E-04     0.199739E-04     0.221458E-04     0.236159E-04
  0.195649E-04     0.235554E-04     0.231148E-04     0.224285E-04     0.237202E-04
  0.225010E-04     0.260896E-04     0.243739E-04     0.270485E-04     0.247955E-04
  0.261677E-04     0.210652E-04     0.251821E-04     0.241881E-04     0.249646E-04
  0.198427E-04     0.210467E-04     0.228809E-04     0.218683E-04     0.230344E-04
  0.297652E-04     0.268937E-04     0.240056E-04     0.253165E-04     0.238484E-04
  0.225855E-04     0.244431E-04     0.287959E-04     0.250400E-04     0.252068E-04
  0.266343E-04     0.233111E-04     0.253023E-04     0.254072E-04     0.289833E-04
  0.256426E-04     0.235839E-04     0.275887E-04     0.277789E-04     0.261688E-04
  0.282063E-04     0.232517E-04     0.223383E-04     0.272982E-04     0.278607E-04
  0.224991E-04     0.268398E-04     0.260620E-04     0.235055E-04     0.276656E-04
  0.229620E-04     0.256929E-04     0.223850E-04     0.255960E-04     0.275613E-04
  0.264173E-04     0.250192E-04     0.240925E-04     0.269652E-04     0.278064E-04
  0.280438E-04     0.269876E-04     0.238728E-04     0.268797E-04     0.263195E-04
  0.312409E-04     0.294795E-04     0.312079E-04     0.256000E-04     0.304327E-04
  0.295442E-04     0.304740E-04     0.266446E-04     0.283965E-04     0.310369E-04
  0.281130E-04     0.297132E-04     0.312943E-04     0.309711E-04     0.285124E-04
  0.348275E-04     0.294420E-04     0.287760E-04     0.261540E-04     0.230711E-04
  0.276528E-04     0.288871E-04     0.297685E-04     0.284675E-04     0.305487E-04
  0.305269E-04     0.256710E-04     0.269316E-04     0.285223E-04     0.237440E-04
  0.267517E-04     0.341127E-04     0.306086E-04     0.262376E-04     0.308740E-04
  0.313015E-04     0.254014E-04     0.308651E-04     0.399613E-04     0.309375E-04
  0.352180E-04     0.289255E-04     0.331097E-04     0.310390E-04     0.283024E-04
  0.319073E-04     0.306199E-04     0.374631E-04     0.403509E-04     0.262600E-04
  0.285132E-04     0.298125E-04     0.301862E-04     0.369662E-04     0.376125E-04
  0.276326E-04     0.258325E-04     0.342046E-04     0.260222E-04     0.345034E-04
  0.267420E-04     0.369442E-04     0.414536E-04     0.353226E-04     0.316889E-04
  0.284743E-04     0.343982E-04     0.352274E-04     0.264758E-04     0.249557E-04
  0.321942E-04     0.316239E-04     0.338439E-04     0.247175E-04     0.327940E-04
  0.279841E-04     0.272561E-04     0.290068E-04     0.289606E-04     0.269405E-04
  0.375353E-04     0.305120E-04     0.291244E-04     0.283357E-04     0.281842E-04
  0.256833E-04     0.277600E-04     0.302970E-04     0.304680E-04     0.317278E-04
  0.302731E-04     0.294794E-04     0.279031E-04     0.227353E-04     0.236864E-04
  0.250760E-04     0.263002E-04     0.215052E-04     0.214768E-04     0.196725E-04
  0.209552E-04     0.260644E-04     0.247041E-04     0.205425E-04     0.258924E-04
  0.341029E-04     0.392700E-04     0.276734E-04     0.309285E-04     0.315865E-04
  0.271332E-04     0.291012E-04     0.337906E-04     0.333263E-04     0.346800E-04
  0.356389E-04     0.316076E-04     0.312456E-04     0.293923E-04     0.372344E-04
  0.300942E-04     0.338069E-04     0.307166E-04     0.239526E-04     0.375091E-04
  0.499481E-04     0.373992E-04     0.445146E-04     0.367650E-04     0.446735E-04
  0.358856E-04     0.340409E-04     0.268379E-04     0.217909E-04     0.256142E-04
  0.250474E-04     0.240458E-04     0.226914E-04     0.283570E-04     0.288797E-04
  0.287698E-04     0.298282E-04     0.337177E-04     0.368219E-04     0.409718E-04
  0.296864E-04     0.267851E-04     0.267416E-04     0.280360E-04     0.232811E-04
  0.376236E-04     0.256757E-04     0.229114E-04     0.313434E-04     0.479455E-04
  0.332516E-04     0.315806E-04     0.477300E-04     0.279602E-04     0.322313E-04
  0.442367E-04     0.380661E-04     0.336723E-04     0.305255E-04     0.279052E-04
  0.348146E-04     0.303487E-04     0.502788E-04     0.524970E-04     0.427052E-04
  0.390964E-04     0.559834E-04     0.305606E-04     0.683593E-04     0.341926E-04
  0.425136E-04     0.391435E-04     0.360951E-04     0.363830E-04     0.378635E-04
  0.413740E-04     0.344908E-04     0.291710E-04     0.381139E-04     0.331774E-04
  0.271324E-04     0.308671E-04     0.325429E-04     0.418949E-04     0.525558E-04
  0.447875E-04     0.321004E-04     0.446281E-04     0.627744E-04     0.478875E-04
  0.280869E-04     0.438186E-04     0.254533E-04     0.406359E-04     0.397709E-04
  0.415315E-04     0.327676E-04     0.293277E-04     0.361710E-04     0.238993E-04
  0.195431E-04     0.500885E-04     0.241278E-04     0.518655E-04     0.535613E-04
  0.405249E-04     0.271753E-04     0.394073E-04     0.295325E-04     0.265592E-04
  0.265182E-04     0.311235E-04     0.427139E-04     0.349721E-04     0.261776E-04
  0.688376E-04     0.264494E-04     0.440283E-04     0.405654E-04     0.590301E-04
  0.363839E-04     0.290115E-04     0.375548E-04     0.417462E-04     0.256304E-04
  0.395170E-04     0.329746E-04     0.331146E-04     0.333742E-04     0.412070E-04
  0.346479E-04     0.248966E-04     0.434448E-04     0.306450E-04     0.233395E-04
  0.307969E-04     0.322174E-04     0.334097E-04     0.338024E-04     0.271840E-04
  0.355979E-04     0.366077E-04     0.262210E-04     0.439485E-04     0.396248E-04
  0.448741E-04     0.373892E-04     0.510494E-04     0.422891E-04     0.157449E-04
  0.311185E-04     0.279881E-04     0.341278E-04     0.413249E-04     0.227905E-04
  0.602470E-04     0.110250E-03     0.929902E-04     0.144361E-03     0.224467E-03
  0.106371E-03     0.162286E-03     0.151226E-03     0.332791E-03     0.135972E-03
  0.116726E-03     0.366616E-03     0.371330E-03     0.373696E-03     0.410190E-03
  0.600286E-03     0.620125E-03     0.698623E-03     0.105408E-02     0.103673E-02
  0.781058E-03     0.775071E-03     0.105310E-02     0.922934E-03     0.110882E-02
  0.122085E-02     0.100086E-02     0.107381E-02     0.130187E-02     0.171227E-02
  0.167750E-02     0.256565E-02     0.169773E-02     0.117790E-02     0.192272E-02
  0.201904E-02     0.167161E-02     0.367602E-02     0.248388E-02     0.168594E-02
  0.207663E-02     0.489245E-02     0.406842E-02     0.355661E-02     0.398858E-02
  0.306005E-02     0.366647E-02     0.435227E-02     0.553835E-02     0.662582E-02
  0.571795E-02     0.646564E-02     0.753712E-02     0.816396E-02     0.983037E-02
  0.716663E-02     0.973198E-02     0.150388E-01
 eigen energies, in eV 
    -44.616088       -44.518969       -44.402367       -44.070176       -44.034567
    -28.845918       -28.843153       -28.644615       -28.619413       -28.600397
    -28.568344       -28.526697       -28.508314       -28.480054       -28.454064
    -28.450270       -28.447977       -28.391993       -28.278065       -28.184901
    -28.169887       -28.144145       -28.126487       -28.116704       -28.106052
    -28.097404       -28.094399       -28.088062       -28.075071       -28.053354
    -27.996023       -27.994453       -27.991275       -27.947397       -27.912302
    -27.900460       -27.799041       -27.763904       -27.743332       -27.658349
    -27.609752       -27.606842       -27.601600       -27.599765       -27.581115
    -27.540645       -27.515911       -27.503931       -27.495523       -27.492195
    -27.485368       -27.448045       -27.392037       -27.384079       -27.359532
    -27.335614       -27.335383       -27.318901       -27.276973       -27.267875
    -27.217893       -27.215976       -27.199023       -27.122681       -27.113511
    -27.090926       -27.070183       -27.063425       -27.045411       -27.038744
    -26.989956       -26.814463       -26.706229       -26.675653       -26.641854
    -26.628706       -26.608086       -26.572017       -26.563579       -26.556913
    -26.535722       -26.495505       -26.458869       -26.431948       -26.420699
    -26.412255       -26.408235       -26.394047       -26.364985       -26.299549
    -26.279362       -26.259760       -26.245248       -26.151532       -26.150649
    -26.127240       -26.101199       -26.064862       -26.054444       -26.034608
    -26.020885       -26.007635       -25.998799       -25.998153       -25.997658
    -25.951080       -25.947516       -25.942331       -25.933388       -25.910451
    -25.906977       -25.905106       -25.870569       -25.860235       -25.839816
    -25.829430       -25.825813       -25.817675       -25.804353       -25.755570
    -25.713280       -25.692407       -25.680432       -25.586501       -25.512825
    -25.485289       -25.457322       -25.445262       -25.384963       -25.317863
    -25.222752       -25.144560       -25.092698       -24.983677       -24.982002
    -24.292906       -24.094262       -23.968817       -23.755730       -23.706721
    -23.637531       -23.602118       -23.539241       -23.380356       -23.376260
    -23.343669       -23.334618       -23.293018       -23.270618       -23.218526
    -23.200952       -23.153309       -23.119310       -23.028754       -23.020769
    -23.004695       -22.988426       -22.987168       -22.964403       -22.900719
    -22.882005       -22.757505       -22.517031       -22.481911       -22.458971
    -22.404856       -22.363400       -22.281787       -22.083308       -21.876086
    -21.707157       -21.651389       -21.639402       -21.461415       -21.457795
    -21.399146       -21.310912       -21.209494       -21.088695       -21.049331
    -21.039916       -21.032069       -21.018392       -21.013070       -20.995732
    -20.925163       -20.897639       -20.742944       -20.665480       -20.459184
    -18.600685       -18.328135       -18.177232       -18.134945       -18.082651
    -16.442528       -16.119471       -15.950825       -15.932063       -15.929731
    -15.897353       -15.842897       -15.806867       -15.726573       -15.653099
    -15.597814       -15.576549       -15.443765       -15.410121       -15.397149
    -15.356717       -15.253063       -15.142873       -15.118028       -15.054655
    -15.043092       -14.956193       -14.842489       -14.804570       -14.781277
    -14.714970       -14.684885       -14.623447       -14.582273       -14.549708
    -14.511526       -14.452840       -14.429534       -14.426565       -14.364961
    -14.361217       -14.309287       -14.262908       -14.225996       -14.182615
    -13.902523       -13.772127       -13.746120       -13.704608       -13.594941
    -13.582693       -13.563315       -13.548176       -13.461138       -13.429344
    -13.416466       -13.415293       -13.391658       -13.365888       -13.355703
    -13.334567       -13.316921       -13.302556       -13.258113       -13.244915
    -13.196236       -13.189056       -13.187621       -13.169921       -13.159461
    -13.093821       -13.090732       -12.952235       -12.897128       -12.682034
    -12.432233       -12.259626       -12.245956       -12.242518       -12.152341
    -12.053995       -11.987375       -11.938480       -11.935359       -11.901141
    -11.897116       -11.892353       -11.884087       -11.849240       -11.798218
    -11.708140       -11.702078       -11.668503       -11.615658       -11.599157
    -11.596436       -11.532910       -11.516824       -11.500438       -11.483246
    -11.476585       -11.467288       -11.446095       -11.428634       -11.412327
    -11.364131       -11.331340       -11.304802       -11.271364       -11.253776
    -11.252434       -11.211127       -10.937038       -10.922437       -10.880522
    -10.873120       -10.861938       -10.846884       -10.825842       -10.809857
    -10.778782       -10.775534       -10.698992       -10.678154       -10.634692
    -10.609352       -10.602083       -10.585415       -10.545768       -10.530234
    -10.522616       -10.495460       -10.492632       -10.480437       -10.470595
    -10.458135       -10.447291       -10.445591       -10.413755       -10.403773
    -10.379812       -10.369956       -10.359171       -10.310978       -10.294818
    -10.282636       -10.278230       -10.265057       -10.253941       -10.251616
    -10.239709       -10.235785       -10.227563       -10.212837       -10.194199
    -10.183013       -10.144444       -10.124526       -10.113462       -10.110181
    -10.106578       -10.089427       -10.084311       -10.077326       -10.074696
    -10.055932       -10.041646       -10.027906       -10.022827        -9.988526
     -9.983068        -9.977790        -9.966604        -9.960205        -9.948522
     -9.934279        -9.932114        -9.915012        -9.912678        -9.900247
     -9.892304        -9.884472        -9.861171        -9.858383        -9.843364
     -9.835206        -9.814579        -9.797810        -9.784394        -9.777953
     -9.753514        -9.749972        -9.703222        -9.660030        -9.642775
     -9.639316        -9.630772        -9.602736        -9.594526        -9.585333
     -9.576731        -9.568986        -9.566647        -9.561669        -9.532725
     -9.523765        -9.521714        -9.474375        -9.470180        -9.453867
     -9.428025        -9.420392        -9.416813        -9.408904        -9.377560
     -9.367786        -9.364217        -9.332891        -9.325091        -9.317050
     -9.307289        -9.298232        -9.265701        -9.256246        -9.254709
     -9.247534        -9.244233        -9.219171        -9.162768        -9.149271
     -9.144655        -9.137838        -9.126481        -9.112088        -9.077120
     -9.068620        -9.060382        -9.053028        -9.044224        -9.039561
     -9.019560        -9.011841        -8.988702        -8.983797        -8.967698
     -8.956836        -8.953019        -8.927927        -8.922554        -8.907711
     -8.875671        -8.866417        -8.846544        -8.836021        -8.831667
     -8.813995        -8.803892        -8.795521        -8.784178        -8.768684
     -8.766523        -8.757559        -8.731665        -8.722092        -8.714176
     -8.707065        -8.698250        -8.686727        -8.656294        -8.648854
     -8.636094        -8.619894        -8.618435        -8.599514        -8.587247
     -8.531491        -8.499469        -8.459135        -8.454287        -8.424363
     -8.394217        -8.380671        -8.346326        -8.331039        -8.310400
     -8.304214        -8.297981        -8.278408        -8.275994        -8.269375
     -8.264320        -8.252284        -8.244995        -8.179743        -8.167738
     -8.077970        -8.074277        -8.034628        -8.028066        -7.983640
     -7.977906        -7.942644        -7.936587        -7.912330        -7.854178
     -7.819901        -7.798480        -7.783234        -7.777563        -7.752110
     -7.749904        -7.742365        -7.734895        -7.720437        -7.677646
     -7.664572        -7.641588        -7.633067        -7.596553        -7.593338
     -7.530441        -7.499666        -7.492571        -7.441878        -7.403455
     -7.390210        -7.379769        -7.367665        -7.364886        -7.335382
     -7.323746        -7.302510        -7.277286        -7.263832        -7.256359
     -7.241264        -7.209135        -7.186847        -7.168210        -7.156536
     -7.140726        -7.135492        -7.129744        -7.117801        -7.112146
     -7.075795        -7.067170        -7.063462        -7.041907        -7.029692
     -7.018803        -7.010469        -6.998170        -6.938742        -6.929619
     -6.875005        -6.873931        -6.860955        -6.857564        -6.836704
     -6.830479        -6.817387        -6.809712        -6.798527        -6.786646
     -6.771054        -6.765468        -6.753689        -6.747434        -6.737129
     -6.727197        -6.719888        -6.712928        -6.689334        -6.686837
     -6.679712        -6.661315        -6.654323        -6.639683        -6.622868
     -6.611050        -6.591431        -6.570916        -6.556340        -6.546834
     -6.537468        -6.532845        -6.523954        -6.500662        -6.488078
     -6.484261        -6.476026        -6.466756        -6.450163        -6.444163
     -6.431433        -6.415623        -6.406274        -6.400022        -6.389408
     -6.386441        -6.378523        -6.362033        -6.357381        -6.346499
     -6.334027        -6.306862        -6.294076        -6.285027        -6.278425
     -6.270542        -6.258214        -6.255601        -6.243033        -6.219632
     -6.215387        -6.208416        -6.206882        -6.196583        -6.180276
     -6.168969        -6.164228        -6.158126        -6.143892        -6.119827
     -6.112451        -6.091880        -6.070597        -6.066281        -6.055026
     -6.050824        -6.047033        -6.035552        -6.033021        -6.026468
     -6.019448        -6.014996        -6.005931        -5.990462        -5.985699
     -5.980740        -5.967691        -5.960482        -5.958066        -5.953311
     -5.942301        -5.934535        -5.911854        -5.902479        -5.896329
     -5.889872        -5.885342        -5.874839        -5.862239        -5.858307
     -5.852209        -5.844805        -5.841639        -5.824899        -5.822246
     -5.810692        -5.807236        -5.785025        -5.779308        -5.774888
     -5.772002        -5.770643        -5.762321        -5.761750        -5.755716
     -5.748925        -5.739955        -5.734431        -5.730430        -5.725233
     -5.711693        -5.700495        -5.685392        -5.680292        -5.675090
     -5.670552        -5.659226        -5.646172        -5.640631        -5.637809
     -5.632792        -5.623748        -5.617798        -5.609894        -5.606549
     -5.603208        -5.592265        -5.588273        -5.579316        -5.576539
     -5.562853        -5.560900        -5.554543        -5.542536        -5.532309
     -5.528527        -5.523019        -5.514292        -5.512388        -5.508025
     -5.503633        -5.494510        -5.480184        -5.477218        -5.468720
     -5.458254        -5.451897        -5.447206        -5.440572        -5.433793
     -5.422693        -5.413695        -5.402644        -5.399249        -5.393419
     -5.383222        -5.371490        -5.362578        -5.353890        -5.352375
     -5.347869        -5.333005        -5.329220        -5.324439        -5.318129
     -5.307486        -5.299712        -5.289596        -5.275979        -5.271157
     -5.263562        -5.253503        -5.248593        -5.240192        -5.236892
     -5.233207        -5.223817        -5.217539        -5.211976        -5.204015
     -5.199366        -5.196652        -5.192406        -5.187190        -5.180503
     -5.177289        -5.173643        -5.171929        -5.163487        -5.159332
     -5.155053        -5.135083        -5.128711        -5.123930        -5.118284
     -5.109285        -5.103202        -5.098195        -5.092644        -5.089880
     -5.084809        -5.081490        -5.078717        -5.073746        -5.063675
     -5.058004        -5.047608        -5.039144        -5.017652        -5.014822
     -5.006548        -4.999152        -4.988789        -4.980838        -4.977389
     -4.964472        -4.960051        -4.951904        -4.946205        -4.944331
     -4.930653        -4.926426        -4.919133        -4.907041        -4.894334
     -4.887296        -4.885974        -4.879402        -4.875377        -4.868865
     -4.860167        -4.853707        -4.847156        -4.839514        -4.832726
     -4.825374        -4.822689        -4.818088        -4.816870        -4.802869
     -4.797794        -4.795492        -4.789408        -4.786456        -4.780493
     -4.761651        -4.760772        -4.754548        -4.737018        -4.728313
     -4.699989        -4.698761        -4.687181        -4.672887        -4.671154
     -4.659671        -4.652814        -4.640979        -4.625590        -4.614337
     -4.605271        -4.589700        -4.568117        -4.562446        -4.550474
     -4.537948        -4.523112        -4.519334        -4.514788        -4.507758
     -4.495925        -4.488722        -4.473566        -4.441268        -4.437995
     -4.417683        -4.403428        -4.381721        -4.356400        -4.348827
     -4.343812        -4.326165        -4.310521        -4.297792        -4.290904
     -4.266194        -4.247888        -4.232274        -4.218558        -4.197820
     -4.189779        -4.175891        -4.169221        -4.169194        -4.153063
     -4.130988        -4.126046        -4.104206        -4.099032        -4.076509
     -4.067235        -4.039246        -4.035850        -4.001729        -3.983222
     -3.945711        -3.909609        -3.857005        -3.837508        -3.823914
     -3.806901        -3.792738        -3.788039        -3.767889        -3.734394
     -3.725267        -3.711097        -3.683487        -3.670636        -3.650088
     -3.644470        -3.617698        -3.601147        -3.589468        -3.583643
     -3.564028        -3.536436        -3.513849        -3.503099        -3.499951
     -3.477282        -3.465592        -3.459826        -3.426080        -3.419456
     -3.414863        -3.401777        -3.390946        -3.375607        -3.372505
     -3.325928        -3.316061        -3.309046        -3.297649        -3.270392
     -3.264604        -3.253119        -3.244224        -3.236501        -3.232659
     -3.191284        -3.186297        -3.176384        -3.164813        -3.162043
     -3.150570        -3.124921        -3.119695        -3.110037        -3.092134
     -3.077008        -3.053813        -3.044675        -3.029476        -3.020840
     -2.993123        -2.962168        -2.952233        -2.942741        -2.930303
     -2.898897        -2.893233        -2.884237        -2.847099        -2.815028
     -2.804389        -2.791334        -2.761933        -2.759157        -2.735943
     -2.716764        -2.705087        -2.665987        -2.645382        -2.630748
     -2.619030        -2.602559        -2.592172        -2.576045        -2.519332
     -2.507176        -2.480037        -2.464496        -2.459388        -2.451161
     -2.434358        -2.413912        -2.405472        -2.338371        -2.299265
     -2.297040        -2.288200        -2.256844        -2.248914        -2.192207
     -2.168078        -2.143398        -2.112643        -2.031396        -2.010118
     -1.982799        -1.967867        -1.936135        -1.840167        -1.742482
      2.395520         2.617936         2.713472         2.807567         2.837112
      2.936246         3.121656         3.135294         3.221716         3.310285
      3.319248         3.387651         3.427869         3.505378         3.537540
      3.576928         3.615225         3.687237         3.744637         3.754322
      3.767127         3.820246         3.836958         3.857867         3.894562
      3.933023         3.941817         3.969784         3.984416         4.031418
      4.075074         4.092339         4.096312         4.140033         4.155259
      4.171417         4.187622         4.206808         4.220558         4.223278
      4.271158         4.286389         4.312691         4.335065         4.346065
      4.365521         4.392898         4.434536         4.443631         4.479551
      4.489544         4.525411         4.548477         4.559296         4.597842
      4.638543         4.654449         4.672665
 *********************************
 total computation time (sec)=   1999.04659795761     
