 AEM_Eatom=  4.762118971811303E-003
 AEM_Egroup=  4.849951013293048E-004
 AEM_Etot=  5.558946878877811E-004
 AEM_F=  0.504351220636122     
