           4           1
 PRECISION  = SINGLE     
 JOB       = SCF
 IN.PSP1   = /home/sabs/shenjie/Pseudopotential/Li.nc.pbe.UPF
 IN.PSP2   = /home/sabs/shenjie/Pseudopotential/C.nc.pbe.UPF
 IN.PSP3   = /home/sabs/shenjie/Pseudopotential/O.nc.pbe.UPF
 IN.PSP4   = /home/sabs/shenjie/Pseudopotential/N.nc.pbe.UPF
 IN.PSP5   = /home/sabs/shenjie/Pseudopotential/S.nc.pbe.UPF
 IN.PSP6   = /home/sabs/shenjie/Pseudopotential/F.nc.pbe.UPF
 IN.PSP7   = /home/sabs/shenjie/Pseudopotential/H.nc.pbe.UPF
 IN.PSP8   = /home/sabs/shenjie/Pseudopotential/P.nc.pbe.UPF
 IN.ATOM   = atom.config         
 CONVERGENCE  = EASY
 ACCURACY  = NORM
 VFF_DETAIL =   1   500  0.50000000E-02     30.00000     4.00000     0.00000     1.00000  
 EGG_DETAIL =            3           3           3
 SPIN      =   1
 CONSTRAINT_MAG =           0
 RANDOM_SEED=           0
 QIJ_DETAIL =   0  1
 SCF_MIX = CHARGE
 PWSCF_OUTPUT     =  F
 Ecut      =    60.0000000000000     
 Ecut2     =    120.000000000000     
 Ecut2L    =    120.000000000000     
 EcutP    =    60.0000000000000     
 N123      =   120   120   120
 NS123     =    40    40    40
 N123L     =   120   120   120
 STRESS_CORR =   0.100000E+01  0.000000E+00  0.200000E+01  0.000000E+00
 XCFUNCTIONAL = LDA
 HSE_DETAIL    =      1.00000000    1     0.00000000    6 1 1
 RELAX_HSE    =    20   0.50000E-01     2
 VDW       = NONE
 LONDON_S6      =   0.000000000000000E+000
 LONDON_C6(1)      =   -1.00000000000000     
 LONDON_C6(2)      =   -1.00000000000000     
 LONDON_C6(3)      =   -1.00000000000000     
 LONDON_C6(4)      =   -1.00000000000000     
 LONDON_C6(5)      =   -1.00000000000000     
 LONDON_C6(6)      =   -1.00000000000000     
 LONDON_C6(7)      =   -1.00000000000000     
 LONDON_C6(8)      =   -1.00000000000000     
 LONDON_RCUT      =   0.000000000000000E+000
 DFTD3_S6        =   0.000000000000000E+000
 DFTD3_RS6        =   0.000000000000000E+000
 DFTD3_S18        =   0.000000000000000E+000
 DFTD3_RS18        =   0.000000000000000E+000
 DFTD3_ALPHA6        =   0.000000000000000E+000
 DFTD3_VERSION        =            0
 DFTD3_3BODY        =  F
 COULOMB   =    0
 IN.WG     =  F
 OUT.WG    =  F
 IN.RHO    =  F
 OUT.RHOATOM =  F
 OUT.RHO   =  F
 IN.VR     =  F
 OUT.VR    =  F
 OUT.ELF   =  F
 IN.VEXT   =  F
 OUT.VATOM   =  F
 OUT.FORCE =  T
 OUT.STRESS =  F
 IN.KPT    =  F
 IN.SYMM   =  F
 SYMM_PREC =    0.10000E-04
 MP_N123 =      1      1      1      0      0      0      0
 NUM_KPT =            1
 CHARGE_DECOMP = F
 ENERGY_DECOMP = F 
 IN.SOLVENT =  F
 NUM_ELECTRON =   1940.00000000000     
 FIX_FERMI =   F  0.000000E+00  0.000000E+00  0.000000E+00
 IN.NONSCF    =  F
 NUM_BAND  =  1028
 OUT.REAL.RHOWF_SP= 0
 WG_ERROR  =   1.000000000000000E-004
 E_ERROR   =   5.279008887880000E-003
 RHO_ERROR =   5.000000000000000E-005
 RHO_RELATIVE_ERROR      =   0.000000000000000E+000
 FORCE_RELATIVE_ERROR     =   0.000000000000000E+000
 MIN_SCF_ITER     =            1
 SYS_TYPE   =            1
 PULAY_MIX_OPT =     30  1  0       1.00000       0.00000
 PULAY_METRIC_Q0 =       -1.00000
 IN.OCC    =  F          -1
 IN.CC    =  F
 IN.OCC_ADIA    =  F
 SCF_ITER0_1 =    6   4    3    0.0000     0.02500    1
 SCF_ITER0_2 =   94   4    3    1.0000     0.02500    1
 SCF_ITER1_1 =   40   4    3    1.0000     0.02500    1
 NONLOCAL  =  2
 IN.A_FIELD =  F       0.00000       0.00000       0.00000
 RCUT      =    4.00000000000000     
 IN.PSP_RCUT1 =   4.00000000000000     
 IN.PSP_RCUT2 =   4.00000000000000     
 IN.PSP_RCUT3 =   4.00000000000000     
 IN.PSP_RCUT4 =   4.00000000000000     
 IN.PSP_RCUT5 =   4.00000000000000     
 IN.PSP_RCUT6 =   4.00000000000000     
 IN.PSP_RCUT7 =   4.00000000000000     
 IN.PSP_RCUT8 =   4.00000000000000     
 MD_VV_SCALE =    100
 LDAU_PSP1   =           -1  2.721138638331097E-009  2.721138638331097E-009  eV
 LDAU_PSP2   =           -1  2.721138638331097E-009  2.721138638331097E-009  eV
 LDAU_PSP3   =           -1  2.721138638331097E-009  2.721138638331097E-009  eV
 LDAU_PSP4   =           -1  2.721138638331097E-009  2.721138638331097E-009  eV
 LDAU_PSP5   =           -1  2.721138638331097E-009  2.721138638331097E-009  eV
 LDAU_PSP6   =           -1  2.721138638331097E-009  2.721138638331097E-009  eV
 LDAU_PSP7   =           -1  2.721138638331097E-009  2.721138638331097E-009  eV
 LDAU_PSP8   =           -1  2.721138638331097E-009  2.721138638331097E-009  eV
 NUM_BLOCKED_PSI=  F
 WF_STORE2DISK  =            0
 NUM_DOS_GRID =         4000
 NMAP_MAX =        50000
 KERK_AMIN =   0.300000000000000     
 KERK_AMIX =   0.400000000000000     
 KERK_AMIX_MAG =   0.800000000000000     
 KERK_BMIX =   0.500000000000000     
 LDAU_MIX =   0.700000000000000     
 PULAY_WEIGHT_SPIN =    1.00000000000000     
 PULAY_WEIGHT_NS =    1.00000000000000     
 OUT.MLMD    =  F
 NUM_MPI_PER_GPU =     1
 FLAG_CYLINDER =            0
 SET_OUT_FERMI_POS =  F           0
 E_FINITE =  F   0.00000E+00   0.00000E+00   0.00000E+00
 MLINE_EIGEN =      1
 
 ------------------------------------------------
 total number of K-point:           1
   0.00000     0.00000    0.00000     1.00000            
 ------------------------------------------------
 
 
 *********************************************
 *********** end of etot.input report ********
 minimum n1,n2,n3 from Ecut2
     118.970      119.148      119.089
 minimum n1L,n2L,n3L from Ecut2L
     118.970      119.148      119.089
 *********************************************
 
 
Weighted average num_of_PW for all kpoint=                       312673.000
 ************************************
 E_Hxc(eV)         49716.3029944025     
 E_ion(eV)        -219823.552711496     
 E_Coul(eV)        77960.1135861756     
 E_Hxc+E_ion(eV)  -170107.249717094     
 NONSCF     1          AVE_STATE_ERROR= 0.5919E+01
 NONSCF     2          AVE_STATE_ERROR= 0.1625E+01
 NONSCF     3          AVE_STATE_ERROR= 0.5000E+00
 NONSCF     4          AVE_STATE_ERROR= 0.9216E-01
 NONSCF     5          AVE_STATE_ERROR= 0.1560E-01
 NONSCF     6          AVE_STATE_ERROR= 0.3128E-02
 iter=   7   ave_lin=  4.0  iCGmth=   3
 Ef(eV)               = -.1611545E+01
 err of ug            = 0.1233E-02
 dv_ave, drho_tot     = 0.0000E+00 0.1242E+00
 E_tot(eV)            = -.13305604793221E+06    -.1331E+06
 -------------------------------------------
 iter=   8   ave_lin=  4.0  iCGmth=   3
 Ef(eV)               = 0.1297379E+00
 err of ug            = 0.1099E-01
 dv_ave, drho_tot     = 0.1739E-01 0.7163E-01
 E_tot(eV)            = -.13294644410710E+06    0.1096E+03
 -------------------------------------------
 iter=   9   ave_lin=  4.0  iCGmth=   3
 Ef(eV)               = -.1166311E+01
 err of ug            = 0.6797E-02
 dv_ave, drho_tot     = 0.1389E-01 0.3060E-01
 E_tot(eV)            = -.13291271854048E+06    0.3373E+02
 -------------------------------------------
 iter=  10   ave_lin=  4.0  iCGmth=   3
 Ef(eV)               = 0.6233066E+00
 err of ug            = 0.2044E-02
 dv_ave, drho_tot     = 0.6985E-02 0.1074E-01
 E_tot(eV)            = -.13290729516985E+06    0.5423E+01
 -------------------------------------------
 iter=  11   ave_lin=  4.0  iCGmth=   3
 Ef(eV)               = 0.5967133E+00
 err of ug            = 0.5560E-03
 dv_ave, drho_tot     = 0.3084E-02 0.5976E-02
 E_tot(eV)            = -.13290661996244E+06    0.6752E+00
 -------------------------------------------
 iter=  12   ave_lin=  4.0  iCGmth=   3
 Ef(eV)               = 0.4793854E+00
 err of ug            = 0.3057E-03
 dv_ave, drho_tot     = 0.3540E-02 0.3631E-02
 E_tot(eV)            = -.13290610892980E+06    0.5110E+00
 -------------------------------------------
 iter=  13   ave_lin=  4.0  iCGmth=   3
 Ef(eV)               = 0.3027530E+00
 err of ug            = 0.3529E-03
 dv_ave, drho_tot     = 0.4107E-02 0.2799E-02
 E_tot(eV)            = -.13290561340817E+06    0.4955E+00
 -------------------------------------------
 iter=  14   ave_lin=  4.0  iCGmth=   3
 Ef(eV)               = 0.3519565E+00
 err of ug            = 0.3225E-03
 dv_ave, drho_tot     = 0.5426E-02 0.2191E-02
 E_tot(eV)            = -.13290518450749E+06    0.4289E+00
 -------------------------------------------
 iter=  15   ave_lin=  4.0  iCGmth=   3
 Ef(eV)               = 0.6758166E+00
 err of ug            = 0.3410E-03
 dv_ave, drho_tot     = 0.6314E-02 0.1755E-02
 E_tot(eV)            = -.13290488036572E+06    0.3041E+00
 -------------------------------------------
 iter=  16   ave_lin=  4.0  iCGmth=   3
 Ef(eV)               = 0.9980235E+00
 err of ug            = 0.2533E-03
 dv_ave, drho_tot     = 0.4027E-02 0.1359E-02
 E_tot(eV)            = -.13290480516051E+06    0.7521E-01
 -------------------------------------------
 iter=  17   ave_lin=  4.0  iCGmth=   3
 Ef(eV)               = 0.1168581E+01
 err of ug            = 0.1980E-03
 dv_ave, drho_tot     = 0.3560E-02 0.1076E-02
 E_tot(eV)            = -.13290477610650E+06    0.2905E-01
 -------------------------------------------
 iter=  18   ave_lin=  4.0  iCGmth=   3
 Ef(eV)               = 0.1226289E+01
 err of ug            = 0.1317E-03
 dv_ave, drho_tot     = 0.2843E-02 0.8116E-03
 E_tot(eV)            = -.13290476070862E+06    0.1540E-01
 -------------------------------------------
 iter=  19   ave_lin=  4.0  iCGmth=   3
 Ef(eV)               = 0.1269380E+01
 err of ug            = 0.1162E-03
 dv_ave, drho_tot     = 0.2606E-02 0.6200E-03
 E_tot(eV)            = -.13290474272005E+06    0.1799E-01
 -------------------------------------------
 iter=  20   ave_lin=  4.0  iCGmth=   3
 Ef(eV)               = 0.1268279E+01
 err of ug            = 0.1033E-03
 dv_ave, drho_tot     = 0.2302E-02 0.4527E-03
 E_tot(eV)            = -.13290473003194E+06    0.1269E-01
 -------------------------------------------
 iter=  21   ave_lin=  4.0  iCGmth=   3
 Ef(eV)               = 0.1267834E+01
 err of ug            = 0.6757E-04
 dv_ave, drho_tot     = 0.9687E-03 0.3648E-03
 E_tot(eV)            = -.13290472385706E+06    0.6175E-02
 -------------------------------------------
 iter=  22   ave_lin=  4.0  iCGmth=   3
 Ef(eV)               = 0.1279796E+01
 err of ug            = 0.5917E-04
 dv_ave, drho_tot     = 0.9063E-03 0.2933E-03
 E_tot(eV)            = -.13290471896093E+06    0.4896E-02
 -------------------------------------------
 E_Fermi(eV)=   1.27979598724800     
 ---------------------------------------------------
 Ef(eV)               = 0.1279796E+01
 dvE, dvE(n)-dvE(n-1) = 0.8214E-06 -.1170E-06
 dv_ave, drho_tot     = 0.9063E-03 0.2933E-03
 err of ug            = 0.5917E-04
 ---------------------------------------------------
 ending_scf_reason = tol Etot_err  5.279008887880000E-003
 Ewald        = -.42352679701842E+05
 Alpha        = 0.15207970391171E+04
 E_extV       = 0.00000000000000E+00    0.0000E+00
 E_NSC        = -.21324276485892E+05    0.7177E+00
 E[-rho*V_Hxc]= -.12166816304346E+06    -.7128E+00
 E_Hxc        = 0.50919603231149E+05    0.7837E+00
 -TS          = -.12763758456019E-19    0.1216E-19
 E_tot(eV)    = -.13290471896093E+06    0.4896E-02
 E_tot(Ryd)   = -.97683167526449E+04    0.1799E-03
 ---------------------------------------------------
 ---------------------------------------------------
 occup for:      kpt=1,spin=1,m=(totN/2-2,totN/2+2)
   1.000    1.000    1.000    0.000    0.000
 eigen(eV) for:  kpt=1,spin=1,m=(totN/2-2,totN/2+2)
  -2.126   -2.066   -2.015    2.446    2.593
 ---------------------------------------------------
 ---------------------------------------------------
 E_Hart,E_xc,E_ion =0.79685349171255E+05  -.28765745940106E+05  -.22226778754808E+06
 E_Hxc+E_ion       =-.17134818431693E+06
 E_kin+E_nonloc    =0.79275348018732E+05
 E_rhoVext,E_IVext     =0.00000000000000E+00  0.00000000000000E+00
 E_psiV,E_dDrho =-.10059986338639E+06  0.00000000000000E+00
 ave(vtot):v0 =-.77036127569100E+01
 ave(V_ion_s(or p,d))=ave(V_Hatree)=0; ave(Vtot)=ave(V_xc)=v0
 ---------------------------------------------------
 *********************************
 Eigen energies are values after setting ave(Vtot)=0
 For Vtot=V_ion+V_Hartree+V_xc, and
 ave(V_ion+V_Hatree)=0, ave(V_xc).ne.0:  E=E+v0
 *********************************
iislda,kpt=   1,    1      0.000000     0.000000     0.000000             kpoint in xyz unit 
 err of each states, A.U
  0.113403E-03     0.122730E-03     0.307007E-04     0.244813E-03     0.317875E-04
  0.431166E-04     0.259735E-04     0.540967E-04     0.176271E-04     0.281927E-04
  0.244121E-04     0.354205E-04     0.166029E-04     0.247674E-04     0.177196E-04
  0.248533E-04     0.157110E-04     0.155099E-04     0.196801E-04     0.188636E-04
  0.494967E-04     0.170099E-04     0.238521E-04     0.183180E-04     0.265051E-04
  0.132876E-04     0.164003E-04     0.267810E-04     0.220241E-04     0.172904E-04
  0.555922E-04     0.137204E-04     0.257431E-04     0.522619E-04     0.231881E-04
  0.306056E-04     0.237047E-04     0.157319E-04     0.321017E-04     0.125594E-04
  0.401992E-04     0.205925E-04     0.188227E-04     0.156950E-04     0.157467E-04
  0.539905E-04     0.281920E-04     0.536282E-04     0.299058E-04     0.189017E-04
  0.143729E-04     0.150235E-04     0.170884E-04     0.384264E-04     0.260437E-04
  0.371845E-04     0.188830E-04     0.312284E-04     0.459376E-04     0.132253E-04
  0.339854E-04     0.140409E-04     0.176711E-04     0.141879E-04     0.168247E-04
  0.469297E-04     0.245460E-04     0.140517E-04     0.161827E-04     0.182946E-04
  0.211437E-04     0.396580E-04     0.221756E-04     0.172305E-04     0.213526E-04
  0.127235E-04     0.245855E-04     0.156047E-04     0.130465E-04     0.348523E-04
  0.353002E-04     0.127283E-04     0.121506E-04     0.138373E-04     0.153145E-04
  0.115399E-04     0.134078E-04     0.264174E-04     0.180485E-04     0.153626E-04
  0.671186E-04     0.156350E-04     0.153951E-04     0.116289E-04     0.603985E-04
  0.427323E-04     0.136467E-04     0.141218E-04     0.125402E-04     0.312960E-04
  0.184781E-04     0.147157E-04     0.641442E-04     0.413086E-04     0.213282E-04
  0.154008E-04     0.200900E-04     0.266365E-04     0.142188E-04     0.124639E-04
  0.166856E-04     0.108677E-04     0.305349E-04     0.108593E-04     0.192933E-04
  0.124220E-04     0.114983E-04     0.170640E-03     0.113395E-04     0.165904E-04
  0.417434E-04     0.499399E-04     0.217370E-04     0.132227E-04     0.166635E-04
  0.159414E-04     0.132676E-04     0.221856E-04     0.191832E-04     0.144243E-04
  0.138331E-04     0.124643E-04     0.402391E-04     0.133621E-04     0.147689E-04
  0.131564E-04     0.500636E-03     0.115582E-04     0.180752E-04     0.809673E-04
  0.178741E-04     0.216585E-04     0.153743E-04     0.173176E-04     0.211494E-04
  0.330362E-04     0.184034E-03     0.299425E-04     0.185048E-04     0.264620E-03
  0.631704E-04     0.125406E-04     0.419652E-04     0.849455E-04     0.161584E-04
  0.127778E-04     0.193233E-04     0.113673E-04     0.149075E-04     0.654795E-04
  0.125742E-04     0.412130E-04     0.173923E-04     0.215952E-04     0.129534E-04
  0.150991E-04     0.291242E-04     0.210786E-04     0.198803E-04     0.301258E-04
  0.104271E-04     0.169665E-04     0.130042E-03     0.106719E-04     0.105883E-04
  0.127776E-04     0.105128E-04     0.180068E-03     0.156600E-03     0.126156E-04
  0.399310E-04     0.727939E-04     0.201022E-04     0.102553E-04     0.195778E-04
  0.982263E-05     0.154394E-04     0.128432E-04     0.107944E-04     0.623670E-04
  0.134459E-04     0.141206E-04     0.307773E-04     0.201209E-04     0.109412E-04
  0.152377E-04     0.292988E-04     0.182439E-04     0.147258E-04     0.131769E-04
  0.128722E-04     0.177831E-04     0.201724E-04     0.160867E-04     0.150474E-04
  0.179239E-04     0.137254E-04     0.155924E-04     0.156818E-04     0.170249E-04
  0.207832E-04     0.221242E-04     0.205351E-04     0.267628E-04     0.140460E-04
  0.166929E-04     0.138856E-04     0.167710E-04     0.230351E-04     0.232687E-04
  0.133873E-04     0.138911E-04     0.164876E-04     0.175825E-04     0.178176E-04
  0.168552E-04     0.286193E-04     0.193316E-04     0.107824E-04     0.175324E-04
  0.133379E-04     0.178339E-04     0.157365E-04     0.131837E-04     0.151962E-04
  0.152912E-04     0.176814E-04     0.173808E-04     0.205689E-04     0.232093E-04
  0.142348E-04     0.158163E-04     0.171709E-04     0.162540E-04     0.146143E-04
  0.179063E-04     0.168881E-04     0.193863E-04     0.116513E-04     0.182984E-04
  0.132890E-04     0.133774E-04     0.165201E-04     0.207656E-04     0.161833E-04
  0.181097E-04     0.156791E-04     0.208755E-04     0.185989E-04     0.152071E-04
  0.176361E-04     0.143306E-04     0.219180E-04     0.180078E-04     0.163999E-04
  0.154357E-04     0.229325E-04     0.153224E-04     0.185140E-04     0.169238E-04
  0.172935E-04     0.232078E-04     0.180022E-04     0.168597E-04     0.210327E-04
  0.215830E-04     0.201023E-04     0.210229E-04     0.179628E-04     0.207024E-04
  0.181585E-04     0.180685E-04     0.165270E-04     0.160680E-04     0.206478E-04
  0.181897E-04     0.185285E-04     0.155108E-04     0.185778E-04     0.303840E-04
  0.201104E-04     0.214706E-04     0.171685E-04     0.261312E-04     0.255927E-04
  0.138838E-04     0.247292E-04     0.250616E-04     0.177723E-04     0.180914E-04
  0.183626E-04     0.151238E-04     0.166172E-04     0.168450E-04     0.185291E-04
  0.222622E-04     0.137960E-04     0.195734E-04     0.144765E-04     0.423660E-04
  0.151991E-04     0.256604E-04     0.193587E-04     0.227662E-04     0.206760E-04
  0.286751E-04     0.273418E-04     0.284234E-04     0.186972E-04     0.225176E-04
  0.255490E-04     0.343724E-04     0.254171E-04     0.284494E-04     0.241419E-04
  0.223118E-04     0.205976E-04     0.276234E-04     0.198306E-04     0.280741E-04
  0.266332E-04     0.204027E-04     0.290099E-04     0.287773E-04     0.292218E-04
  0.229717E-04     0.308242E-04     0.258726E-04     0.201088E-04     0.284000E-04
  0.216030E-04     0.219285E-04     0.229028E-04     0.346797E-04     0.201557E-04
  0.299193E-04     0.244655E-04     0.246559E-04     0.222388E-04     0.224283E-04
  0.219818E-04     0.303990E-04     0.336721E-04     0.295972E-04     0.300166E-04
  0.232115E-04     0.264453E-04     0.261199E-04     0.254212E-04     0.201142E-04
  0.274433E-04     0.258195E-04     0.202405E-04     0.206860E-04     0.266697E-04
  0.244453E-04     0.225402E-04     0.254582E-04     0.260488E-04     0.258687E-04
  0.250955E-04     0.254643E-04     0.256362E-04     0.186096E-04     0.392356E-04
  0.252581E-04     0.265179E-04     0.306799E-04     0.281699E-04     0.370216E-04
  0.406168E-04     0.252382E-04     0.212883E-04     0.214574E-04     0.244852E-04
  0.281154E-04     0.264558E-04     0.252621E-04     0.220659E-04     0.271491E-04
  0.264119E-04     0.280704E-04     0.294818E-04     0.199014E-04     0.237576E-04
  0.237624E-04     0.298251E-04     0.258898E-04     0.252583E-04     0.200855E-04
  0.342227E-04     0.359660E-04     0.550496E-04     0.251582E-04     0.199766E-04
  0.225929E-04     0.266857E-04     0.297871E-04     0.248704E-04     0.249599E-04
  0.330927E-04     0.311509E-04     0.297322E-04     0.346609E-04     0.371308E-04
  0.263812E-04     0.326789E-04     0.282213E-04     0.288572E-04     0.271476E-04
  0.267388E-04     0.302005E-04     0.323906E-04     0.444798E-04     0.287874E-04
  0.340699E-04     0.240646E-04     0.226328E-04     0.366365E-04     0.234004E-04
  0.307419E-04     0.277529E-04     0.478810E-04     0.353544E-04     0.295794E-04
  0.283054E-04     0.287581E-04     0.250399E-04     0.232361E-04     0.393906E-04
  0.204766E-04     0.308657E-04     0.334952E-04     0.326303E-04     0.266744E-04
  0.362734E-04     0.414597E-04     0.381869E-04     0.315869E-04     0.308579E-04
  0.356432E-04     0.340336E-04     0.356887E-04     0.219100E-04     0.243463E-04
  0.540259E-04     0.239834E-04     0.244625E-04     0.317407E-04     0.365311E-04
  0.554215E-04     0.325586E-04     0.269442E-04     0.237150E-04     0.328976E-04
  0.286155E-04     0.210256E-04     0.316928E-04     0.373228E-04     0.308368E-04
  0.276964E-04     0.304765E-04     0.244980E-04     0.229546E-04     0.363439E-04
  0.389130E-04     0.183286E-04     0.174679E-04     0.271515E-04     0.286299E-04
  0.201259E-04     0.299173E-04     0.217094E-04     0.283230E-04     0.409408E-04
  0.407192E-04     0.216758E-04     0.194910E-04     0.243824E-04     0.279076E-04
  0.180583E-04     0.328232E-04     0.459894E-04     0.299917E-04     0.347706E-04
  0.205675E-04     0.217056E-04     0.217361E-04     0.182779E-04     0.194358E-04
  0.248223E-04     0.207037E-04     0.232791E-04     0.217560E-04     0.233865E-04
  0.197095E-04     0.316322E-04     0.270238E-04     0.310393E-04     0.241919E-04
  0.265065E-04     0.205266E-04     0.284146E-04     0.280587E-04     0.280932E-04
  0.207049E-04     0.170337E-04     0.263338E-04     0.226541E-04     0.233161E-04
  0.198263E-04     0.244472E-04     0.297427E-04     0.236470E-04     0.218011E-04
  0.252242E-04     0.207705E-04     0.211143E-04     0.181635E-04     0.278483E-04
  0.225928E-04     0.239436E-04     0.245784E-04     0.192646E-04     0.206235E-04
  0.224085E-04     0.308496E-04     0.201933E-04     0.270613E-04     0.337843E-04
  0.194624E-04     0.353934E-04     0.348968E-04     0.202057E-04     0.230783E-04
  0.200548E-04     0.208929E-04     0.188430E-04     0.218959E-04     0.206141E-04
  0.206850E-04     0.208218E-04     0.254001E-04     0.197770E-04     0.185784E-04
  0.218813E-04     0.292633E-04     0.235534E-04     0.339162E-04     0.336535E-04
  0.277360E-04     0.197018E-04     0.237399E-04     0.287499E-04     0.245824E-04
  0.253082E-04     0.257630E-04     0.225059E-04     0.232302E-04     0.292650E-04
  0.247977E-04     0.237602E-04     0.202236E-04     0.243913E-04     0.235460E-04
  0.227750E-04     0.219163E-04     0.181533E-04     0.301703E-04     0.301480E-04
  0.261854E-04     0.313704E-04     0.231355E-04     0.209998E-04     0.226679E-04
  0.262418E-04     0.259749E-04     0.280200E-04     0.291250E-04     0.245948E-04
  0.309313E-04     0.299976E-04     0.269588E-04     0.230440E-04     0.240811E-04
  0.270109E-04     0.354521E-04     0.236953E-04     0.229496E-04     0.294141E-04
  0.278485E-04     0.253305E-04     0.300971E-04     0.241489E-04     0.192493E-04
  0.269642E-04     0.236206E-04     0.212401E-04     0.256968E-04     0.247627E-04
  0.246570E-04     0.240866E-04     0.283217E-04     0.236486E-04     0.237078E-04
  0.240934E-04     0.209070E-04     0.213972E-04     0.282842E-04     0.214337E-04
  0.327462E-04     0.233504E-04     0.218502E-04     0.216606E-04     0.236510E-04
  0.312393E-04     0.258288E-04     0.264299E-04     0.236600E-04     0.304251E-04
  0.250796E-04     0.234099E-04     0.243922E-04     0.266275E-04     0.208075E-04
  0.224983E-04     0.208190E-04     0.263952E-04     0.235792E-04     0.278770E-04
  0.253387E-04     0.285731E-04     0.247843E-04     0.351976E-04     0.263016E-04
  0.260542E-04     0.246846E-04     0.278709E-04     0.259944E-04     0.247818E-04
  0.246179E-04     0.284420E-04     0.271310E-04     0.284815E-04     0.308899E-04
  0.232407E-04     0.294954E-04     0.309091E-04     0.267111E-04     0.257097E-04
  0.286962E-04     0.247309E-04     0.269310E-04     0.247120E-04     0.284646E-04
  0.262489E-04     0.285211E-04     0.226624E-04     0.325184E-04     0.269781E-04
  0.295848E-04     0.270134E-04     0.311538E-04     0.263626E-04     0.281255E-04
  0.292345E-04     0.269981E-04     0.288781E-04     0.291943E-04     0.303205E-04
  0.251314E-04     0.312056E-04     0.323000E-04     0.327009E-04     0.330308E-04
  0.335395E-04     0.309038E-04     0.307543E-04     0.284342E-04     0.332263E-04
  0.293731E-04     0.316055E-04     0.282306E-04     0.278395E-04     0.274697E-04
  0.282508E-04     0.316725E-04     0.290596E-04     0.332439E-04     0.276133E-04
  0.239937E-04     0.287023E-04     0.309101E-04     0.296010E-04     0.331620E-04
  0.302904E-04     0.324290E-04     0.266742E-04     0.305904E-04     0.282079E-04
  0.280052E-04     0.334965E-04     0.310468E-04     0.316533E-04     0.294561E-04
  0.252536E-04     0.297795E-04     0.361091E-04     0.309434E-04     0.257987E-04
  0.351273E-04     0.292579E-04     0.281756E-04     0.348561E-04     0.292725E-04
  0.291558E-04     0.269365E-04     0.308060E-04     0.342281E-04     0.238652E-04
  0.316102E-04     0.312892E-04     0.317429E-04     0.287431E-04     0.297736E-04
  0.310618E-04     0.325131E-04     0.327282E-04     0.312780E-04     0.262270E-04
  0.346005E-04     0.333150E-04     0.310354E-04     0.263911E-04     0.306886E-04
  0.318746E-04     0.282740E-04     0.303726E-04     0.315741E-04     0.300844E-04
  0.341011E-04     0.287312E-04     0.297828E-04     0.308866E-04     0.329526E-04
  0.311523E-04     0.308357E-04     0.303575E-04     0.308552E-04     0.333333E-04
  0.290333E-04     0.286076E-04     0.305738E-04     0.277404E-04     0.294280E-04
  0.324416E-04     0.308087E-04     0.283643E-04     0.277677E-04     0.280605E-04
  0.342019E-04     0.304821E-04     0.316139E-04     0.294659E-04     0.331593E-04
  0.329152E-04     0.291390E-04     0.309903E-04     0.375988E-04     0.294953E-04
  0.267907E-04     0.318083E-04     0.316412E-04     0.286151E-04     0.290306E-04
  0.307873E-04     0.317995E-04     0.279906E-04     0.312417E-04     0.286109E-04
  0.341876E-04     0.292307E-04     0.339570E-04     0.284865E-04     0.362571E-04
  0.369339E-04     0.354836E-04     0.340348E-04     0.342014E-04     0.344169E-04
  0.323107E-04     0.344782E-04     0.383961E-04     0.315674E-04     0.356332E-04
  0.319332E-04     0.282993E-04     0.317819E-04     0.302655E-04     0.305497E-04
  0.359214E-04     0.341111E-04     0.279869E-04     0.303611E-04     0.324528E-04
  0.337230E-04     0.375010E-04     0.352049E-04     0.391910E-04     0.307938E-04
  0.306688E-04     0.308286E-04     0.263793E-04     0.309841E-04     0.268091E-04
  0.369111E-04     0.330235E-04     0.370019E-04     0.333093E-04     0.458849E-04
  0.350573E-04     0.361953E-04     0.394969E-04     0.396753E-04     0.386748E-04
  0.349370E-04     0.414097E-04     0.336293E-04     0.364629E-04     0.390200E-04
  0.388084E-04     0.400999E-04     0.389700E-04     0.461087E-04     0.439016E-04
  0.354056E-04     0.395237E-04     0.372231E-04     0.425678E-04     0.271869E-04
  0.359768E-04     0.368605E-04     0.274392E-04     0.445114E-04     0.468587E-04
  0.424186E-04     0.510526E-04     0.351999E-04     0.378899E-04     0.286019E-04
  0.385222E-04     0.297051E-04     0.277649E-04     0.457260E-04     0.484097E-04
  0.449972E-04     0.374867E-04     0.384508E-04     0.289383E-04     0.280179E-04
  0.325091E-04     0.563778E-04     0.284924E-04     0.427674E-04     0.280232E-04
  0.316738E-04     0.330386E-04     0.666928E-04     0.422409E-04     0.414366E-04
  0.340741E-04     0.428488E-04     0.971365E-04     0.593357E-04     0.283044E-04
  0.357136E-04     0.296780E-04     0.540327E-04     0.431679E-04     0.371710E-04
  0.447439E-04     0.326438E-04     0.383264E-04     0.371871E-04     0.498404E-04
  0.323014E-04     0.382900E-04     0.474610E-04     0.307402E-04     0.346770E-04
  0.319267E-04     0.464706E-04     0.400870E-04     0.414453E-04     0.561644E-04
  0.315499E-04     0.367716E-04     0.409597E-04     0.282563E-04     0.322630E-04
  0.296537E-04     0.300662E-04     0.312127E-04     0.300659E-04     0.348460E-04
  0.561178E-04     0.376409E-04     0.494419E-04     0.383114E-04     0.488790E-04
  0.633493E-04     0.335283E-04     0.484490E-04     0.409794E-04     0.453453E-04
  0.855472E-04     0.402022E-04     0.317674E-04     0.494464E-04     0.322329E-04
  0.202685E-04     0.366476E-04     0.305087E-04     0.314958E-04     0.585263E-04
  0.304280E-04     0.384071E-04     0.272450E-04     0.423297E-04     0.386287E-04
  0.377386E-04     0.311437E-04     0.200092E-04     0.559705E-04     0.596529E-04
  0.391232E-04     0.288440E-04     0.348450E-04     0.317306E-04     0.305762E-04
  0.245716E-04     0.295458E-04     0.542773E-04     0.851361E-04     0.392468E-04
  0.289967E-04     0.447041E-04     0.478889E-04     0.487540E-04     0.342888E-04
  0.223124E-04     0.260941E-04     0.466257E-04     0.393446E-04     0.699670E-04
  0.400680E-04     0.413274E-04     0.483930E-04     0.210844E-04     0.254575E-04
  0.127390E-03     0.997013E-04     0.113670E-03     0.116884E-03     0.112308E-03
  0.958765E-04     0.100764E-03     0.102229E-03     0.114903E-03     0.118627E-03
  0.137254E-03     0.201113E-03     0.246839E-03     0.324469E-03     0.839424E-03
  0.573776E-03     0.648408E-03     0.774050E-03     0.833252E-03     0.631869E-03
  0.131065E-02     0.117894E-02     0.105618E-02     0.199926E-02     0.113070E-02
  0.998942E-03     0.179546E-02     0.257376E-02     0.285425E-02     0.354966E-02
  0.272788E-02     0.221505E-02     0.234858E-02     0.367680E-02     0.293330E-02
  0.238241E-02     0.361601E-02     0.449092E-02     0.293236E-02     0.636316E-02
  0.386969E-02     0.312491E-02     0.481849E-02     0.819262E-02     0.537667E-02
  0.590600E-02     0.592669E-02     0.590992E-02     0.720396E-02     0.111197E-01
  0.964483E-02     0.979985E-02     0.546544E-02     0.743143E-02     0.113453E-01
  0.108421E-01     0.109179E-01     0.891720E-02
 eigen energies, in eV 
    -44.447945       -44.240441       -44.239394       -44.118664       -43.997478
    -28.457894       -28.414371       -28.375742       -28.300726       -28.242831
    -28.216066       -28.189505       -28.189062       -28.128922       -28.017901
    -27.978921       -27.955192       -27.933370       -27.887161       -27.837055
    -27.833957       -27.809121       -27.808008       -27.796189       -27.758949
    -27.753297       -27.735328       -27.704883       -27.696352       -27.661288
    -27.649846       -27.623333       -27.601990       -27.575727       -27.558023
    -27.546898       -27.538933       -27.421756       -27.406784       -27.381439
    -27.346092       -27.307712       -27.296657       -27.274065       -27.199027
    -27.186413       -27.183384       -27.158535       -27.120174       -27.109205
    -27.088504       -27.067719       -27.063812       -27.048595       -27.004907
    -26.976652       -26.941189       -26.939820       -26.812088       -26.807999
    -26.807566       -26.680415       -26.653341       -26.627784       -26.626378
    -26.611453       -26.580476       -26.503471       -26.493972       -26.476160
    -26.426105       -26.344362       -26.336675       -26.324051       -26.318779
    -26.251646       -26.233609       -26.225984       -26.205640       -26.114769
    -26.087326       -26.081318       -26.065091       -25.999118       -25.994638
    -25.988897       -25.985717       -25.974773       -25.970014       -25.968227
    -25.933555       -25.922422       -25.918913       -25.882027       -25.854053
    -25.790761       -25.779079       -25.761388       -25.755730       -25.739545
    -25.714368       -25.698842       -25.695247       -25.684522       -25.648889
    -25.630020       -25.606990       -25.603595       -25.602896       -25.595270
    -25.588164       -25.583688       -25.549682       -25.541835       -25.505440
    -25.484889       -25.476348       -25.428945       -25.414378       -25.406184
    -25.401140       -25.368669       -25.337772       -25.313020       -25.287283
    -25.277996       -25.273043       -25.263727       -25.254965       -25.246603
    -25.048243       -25.008804       -24.984130       -24.916053       -24.423050
    -23.914158       -23.893548       -23.775075       -23.730411       -23.682053
    -23.656717       -23.609619       -23.530704       -23.507803       -23.482077
    -23.480152       -23.442862       -23.437691       -23.414346       -23.378520
    -23.299074       -23.286419       -23.255600       -23.223651       -23.222481
    -23.100617       -23.097225       -23.074449       -23.069147       -23.067707
    -23.053434       -23.044593       -22.960010       -22.899687       -22.799886
    -22.725566       -22.642379       -22.608267       -22.518244       -22.178424
    -21.788784       -21.646309       -21.619486       -21.607105       -21.596639
    -21.556207       -21.404403       -21.381370       -21.370380       -21.270747
    -21.261998       -21.139342       -21.116985       -21.077524       -21.063201
    -21.016179       -20.992180       -20.919277       -20.830920       -20.656343
    -18.862613       -18.559760       -18.508199       -18.460808       -18.307265
    -16.022590       -16.000350       -15.935989       -15.908718       -15.899209
    -15.855403       -15.841362       -15.834419       -15.792474       -15.768512
    -15.743195       -15.705385       -15.412374       -15.378241       -15.366754
    -15.086453       -15.049119       -14.975912       -14.924108       -14.894350
    -14.854260       -14.766620       -14.762340       -14.678235       -14.653801
    -14.651769       -14.627375       -14.625387       -14.566448       -14.524736
    -14.516326       -14.489532       -14.473536       -14.415739       -14.402134
    -14.352304       -14.288980       -14.247283       -14.087512       -13.986352
    -13.904281       -13.775452       -13.668143       -13.588935       -13.552381
    -13.528825       -13.522789       -13.486916       -13.451491       -13.439932
    -13.410596       -13.406839       -13.375790       -13.340999       -13.327227
    -13.324341       -13.319246       -13.269841       -13.261777       -13.246048
    -13.221441       -13.206832       -13.192746       -13.153522       -13.098045
    -13.063140       -13.051702       -12.959096       -12.883663       -12.759423
    -12.214431       -12.187450       -12.145102       -12.133740       -12.125781
    -12.103327       -12.055789       -12.024944       -11.962164       -11.916036
    -11.872177       -11.836746       -11.835167       -11.830110       -11.719595
    -11.706616       -11.652396       -11.628837       -11.605646       -11.525322
    -11.510477       -11.487296       -11.376030       -11.371488       -11.333408
    -11.302760       -11.262140       -11.256510       -11.241485       -11.214550
    -11.208536       -11.160121       -11.136977       -11.106043       -11.042368
    -11.031300       -11.025517       -10.999864       -10.983230       -10.887090
    -10.865602       -10.762367       -10.718913       -10.704696       -10.576088
    -10.543554       -10.529115       -10.506230       -10.492512       -10.465739
    -10.455945       -10.441028       -10.427624       -10.404835       -10.381530
    -10.365380       -10.327660       -10.317565       -10.308852       -10.298405
    -10.289102       -10.286438       -10.277956       -10.273212       -10.265634
    -10.212810       -10.195921       -10.178111       -10.173499       -10.169044
    -10.165583       -10.139493       -10.130513       -10.127390       -10.097749
    -10.091574       -10.083029       -10.081955       -10.074135       -10.072086
    -10.053513       -10.044938       -10.024328       -10.019891        -9.982064
     -9.955015        -9.943199        -9.938032        -9.932250        -9.921653
     -9.917432        -9.904990        -9.899142        -9.881818        -9.865003
     -9.861693        -9.854810        -9.844245        -9.823099        -9.813499
     -9.788462        -9.784669        -9.776471        -9.766783        -9.749207
     -9.743002        -9.735691        -9.724835        -9.717659        -9.675796
     -9.667466        -9.655963        -9.645018        -9.640306        -9.624445
     -9.615176        -9.601601        -9.595259        -9.582216        -9.541761
     -9.537762        -9.518320        -9.515238        -9.507994        -9.492006
     -9.479131        -9.472903        -9.468946        -9.458951        -9.452249
     -9.443775        -9.432644        -9.431416        -9.409369        -9.395888
     -9.389056        -9.362995        -9.345741        -9.339834        -9.334735
     -9.316234        -9.304590        -9.296448        -9.271658        -9.269394
     -9.246276        -9.230113        -9.209200        -9.197616        -9.146801
     -9.136067        -9.130765        -9.124190        -9.103109        -9.094477
     -9.089808        -9.080361        -9.077283        -9.049820        -9.033310
     -9.025141        -9.019557        -9.003577        -8.995366        -8.982888
     -8.971440        -8.963793        -8.959257        -8.933508        -8.924161
     -8.916848        -8.891394        -8.883858        -8.869864        -8.835110
     -8.819858        -8.810838        -8.807173        -8.794852        -8.789085
     -8.778869        -8.758942        -8.748555        -8.735025        -8.719608
     -8.700828        -8.682019        -8.674954        -8.627721        -8.613416
     -8.608148        -8.584439        -8.567030        -8.556387        -8.530356
     -8.529360        -8.505435        -8.495746        -8.487945        -8.482952
     -8.478059        -8.467555        -8.422727        -8.406301        -8.392876
     -8.387149        -8.382042        -8.357870        -8.324993        -8.309496
     -8.295406        -8.254570        -8.233630        -8.231225        -8.205641
     -8.184572        -8.168013        -8.086506        -8.074551        -8.071550
     -8.031102        -7.990436        -7.982916        -7.966393        -7.946797
     -7.911795        -7.891308        -7.882653        -7.875513        -7.853483
     -7.834197        -7.830176        -7.823900        -7.768039        -7.759274
     -7.739884        -7.737592        -7.695689        -7.658214        -7.646306
     -7.639728        -7.609369        -7.600430        -7.538178        -7.518111
     -7.505391        -7.486105        -7.450182        -7.447678        -7.434078
     -7.422411        -7.411300        -7.376764        -7.369835        -7.364378
     -7.331625        -7.275540        -7.256792        -7.249788        -7.242990
     -7.237225        -7.212462        -7.207724        -7.202303        -7.171383
     -7.132063        -7.102365        -7.051048        -7.042457        -7.028972
     -7.020581        -7.013725        -6.957986        -6.953115        -6.936249
     -6.918329        -6.887989        -6.879526        -6.872153        -6.839383
     -6.806887        -6.792703        -6.747737        -6.746305        -6.732102
     -6.726229        -6.719039        -6.690836        -6.648303        -6.629472
     -6.622112        -6.601836        -6.582064        -6.569923        -6.565610
     -6.551105        -6.535642        -6.515470        -6.508268        -6.495644
     -6.486967        -6.481172        -6.461958        -6.457702        -6.446564
     -6.441809        -6.435667        -6.421170        -6.398870        -6.393072
     -6.380853        -6.377502        -6.365236        -6.355787        -6.336177
     -6.333188        -6.316741        -6.305278        -6.288892        -6.274238
     -6.261332        -6.256546        -6.244490        -6.239556        -6.229186
     -6.221293        -6.210285        -6.199393        -6.194256        -6.190574
     -6.183619        -6.174244        -6.167837        -6.164433        -6.156268
     -6.149062        -6.133444        -6.129982        -6.116343        -6.111779
     -6.076394        -6.071121        -6.060282        -6.058415        -6.053523
     -6.040766        -6.037001        -6.029535        -6.014313        -6.004743
     -6.000023        -5.988752        -5.983630        -5.981013        -5.978216
     -5.969469        -5.945772        -5.941447        -5.929393        -5.909127
     -5.893924        -5.883550        -5.876222        -5.867575        -5.864192
     -5.857122        -5.840682        -5.839371        -5.830384        -5.821419
     -5.811227        -5.807616        -5.799472        -5.792545        -5.779361
     -5.776943        -5.769601        -5.764819        -5.759052        -5.753130
     -5.745807        -5.743422        -5.731883        -5.722955        -5.716530
     -5.700972        -5.698963        -5.694870        -5.685650        -5.680424
     -5.665506        -5.661420        -5.658487        -5.654028        -5.645629
     -5.639337        -5.634798        -5.628524        -5.622308        -5.617778
     -5.615002        -5.610240        -5.603527        -5.590439        -5.588114
     -5.582993        -5.575005        -5.571733        -5.559102        -5.556151
     -5.553146        -5.548411        -5.525801        -5.512932        -5.504233
     -5.497914        -5.488290        -5.484389        -5.477308        -5.473142
     -5.458050        -5.450555        -5.447929        -5.444462        -5.442558
     -5.433132        -5.426396        -5.419014        -5.416415        -5.410728
     -5.409120        -5.398174        -5.383133        -5.378219        -5.374899
     -5.367959        -5.363001        -5.355248        -5.348733        -5.341472
     -5.336425        -5.331643        -5.325329        -5.317803        -5.315605
     -5.311004        -5.295733        -5.294792        -5.291749        -5.281795
     -5.274537        -5.272454        -5.265795        -5.261450        -5.260123
     -5.250088        -5.247763        -5.241880        -5.227642        -5.225577
     -5.216663        -5.211186        -5.210128        -5.203166        -5.183929
     -5.169588        -5.161878        -5.158815        -5.150465        -5.141328
     -5.136701        -5.133761        -5.132905        -5.128605        -5.122081
     -5.114866        -5.110557        -5.108632        -5.104944        -5.094906
     -5.092293        -5.089213        -5.082616        -5.079234        -5.070679
     -5.063917        -5.054266        -5.045383        -5.039040        -5.032379
     -5.027608        -5.019658        -5.015919        -5.010728        -5.004317
     -5.000765        -4.995986        -4.989404        -4.983750        -4.981309
     -4.978796        -4.969278        -4.965796        -4.964063        -4.956833
     -4.947229        -4.943297        -4.935509        -4.927473        -4.925358
     -4.912279        -4.907637        -4.903624        -4.895286        -4.893122
     -4.890901        -4.880580        -4.872297        -4.869369        -4.866004
     -4.858892        -4.854088        -4.849708        -4.837730        -4.825974
     -4.822354        -4.812091        -4.804101        -4.791091        -4.789847
     -4.787293        -4.782893        -4.766845        -4.761889        -4.756773
     -4.745809        -4.741578        -4.734291        -4.728262        -4.716517
     -4.704899        -4.695509        -4.692992        -4.681335        -4.679266
     -4.658554        -4.650294        -4.646123        -4.642928        -4.637495
     -4.629966        -4.624109        -4.622079        -4.616780        -4.606031
     -4.599706        -4.590088        -4.588150        -4.567635        -4.554946
     -4.539800        -4.530544        -4.523074        -4.516855        -4.514694
     -4.493064        -4.473698        -4.466946        -4.454151        -4.435238
     -4.431420        -4.401795        -4.387534        -4.382882        -4.370566
     -4.368493        -4.358923        -4.356612        -4.341454        -4.338565
     -4.316015        -4.313241        -4.295852        -4.271678        -4.259868
     -4.236135        -4.220762        -4.207562        -4.176376        -4.166063
     -4.159409        -4.147876        -4.143656        -4.113602        -4.109771
     -4.094425        -4.084881        -4.029006        -4.011014        -3.996196
     -3.979973        -3.970699        -3.962322        -3.928057        -3.914095
     -3.903448        -3.892841        -3.883888        -3.876194        -3.858401
     -3.838773        -3.811045        -3.792381        -3.788225        -3.783167
     -3.772410        -3.761063        -3.737322        -3.723122        -3.721875
     -3.700233        -3.691382        -3.662834        -3.654167        -3.637802
     -3.624461        -3.612052        -3.607308        -3.582247        -3.575128
     -3.544289        -3.532818        -3.527210        -3.522474        -3.491029
     -3.487588        -3.464220        -3.452925        -3.447750        -3.441194
     -3.411296        -3.391801        -3.386764        -3.375217        -3.369079
     -3.360429        -3.353645        -3.350366        -3.345366        -3.327653
     -3.279900        -3.263866        -3.253981        -3.248861        -3.245049
     -3.204082        -3.193461        -3.183889        -3.166102        -3.156403
     -3.143223        -3.139464        -3.095021        -3.056978        -3.022840
     -3.017256        -2.977065        -2.962431        -2.960275        -2.903542
     -2.863464        -2.849665        -2.835754        -2.834858        -2.806991
     -2.804774        -2.776394        -2.761048        -2.746251        -2.709407
     -2.708608        -2.659261        -2.635132        -2.620573        -2.610670
     -2.560118        -2.547422        -2.539054        -2.506136        -2.502875
     -2.493465        -2.491233        -2.476333        -2.425062        -2.419398
     -2.381866        -2.292552        -2.230923        -2.227669        -2.223374
     -2.152858        -2.146640        -2.125645        -2.065700        -2.015109
      2.446288         2.593238         2.608646         2.775780         2.877623
      2.902819         2.916269         2.931438         2.939376         2.965306
      3.127320         3.155388         3.229179         3.260972         3.350994
      3.428351         3.466365         3.491712         3.513146         3.557565
      3.602702         3.625558         3.660616         3.691232         3.730200
      3.764276         3.788889         3.800563         3.815148         3.830185
      3.856284         3.861689         3.918096         3.928340         3.983716
      3.992005         3.999864         4.008166         4.057421         4.060696
      4.081866         4.121404         4.139977         4.152052         4.169134
      4.188261         4.214677         4.237282         4.263218         4.281081
      4.301327         4.322288         4.398786         4.422275         4.452692
      4.480592         4.510784         4.585367
 *********************************
 total computation time (sec)=   1910.95142078400     
