           4           1
 PRECISION  = SINGLE     
 JOB       = SCF
 IN.PSP1   = /home/sabs/shenjie/Pseudopotential/Li.nc.pbe.UPF
 IN.PSP2   = /home/sabs/shenjie/Pseudopotential/C.nc.pbe.UPF
 IN.PSP3   = /home/sabs/shenjie/Pseudopotential/O.nc.pbe.UPF
 IN.PSP4   = /home/sabs/shenjie/Pseudopotential/N.nc.pbe.UPF
 IN.PSP5   = /home/sabs/shenjie/Pseudopotential/S.nc.pbe.UPF
 IN.PSP6   = /home/sabs/shenjie/Pseudopotential/F.nc.pbe.UPF
 IN.PSP7   = /home/sabs/shenjie/Pseudopotential/H.nc.pbe.UPF
 IN.PSP8   = /home/sabs/shenjie/Pseudopotential/P.nc.pbe.UPF
 IN.ATOM   = atom.config         
 CONVERGENCE  = EASY
 ACCURACY  = NORM
 VFF_DETAIL =   1   500  0.50000000E-02     30.00000     4.00000     0.00000     1.00000  
 EGG_DETAIL =            3           3           3
 SPIN      =   1
 CONSTRAINT_MAG =           0
 RANDOM_SEED=           0
 QIJ_DETAIL =   0  1
 SCF_MIX = CHARGE
 PWSCF_OUTPUT     =  F
 Ecut      =    60.0000000000000     
 Ecut2     =    120.000000000000     
 Ecut2L    =    120.000000000000     
 EcutP    =    60.0000000000000     
 N123      =   120   120   120
 NS123     =    40    40    40
 N123L     =   120   120   120
 STRESS_CORR =   0.100000E+01  0.000000E+00  0.200000E+01  0.000000E+00
 XCFUNCTIONAL = LDA
 HSE_DETAIL    =      1.00000000    1     0.00000000    6 1 1
 RELAX_HSE    =    20   0.50000E-01     2
 VDW       = NONE
 LONDON_S6      =   0.000000000000000E+000
 LONDON_C6(1)      =   -1.00000000000000     
 LONDON_C6(2)      =   -1.00000000000000     
 LONDON_C6(3)      =   -1.00000000000000     
 LONDON_C6(4)      =   -1.00000000000000     
 LONDON_C6(5)      =   -1.00000000000000     
 LONDON_C6(6)      =   -1.00000000000000     
 LONDON_C6(7)      =   -1.00000000000000     
 LONDON_C6(8)      =   -1.00000000000000     
 LONDON_RCUT      =   0.000000000000000E+000
 DFTD3_S6        =   0.000000000000000E+000
 DFTD3_RS6        =   0.000000000000000E+000
 DFTD3_S18        =   0.000000000000000E+000
 DFTD3_RS18        =   0.000000000000000E+000
 DFTD3_ALPHA6        =   0.000000000000000E+000
 DFTD3_VERSION        =            0
 DFTD3_3BODY        =  F
 COULOMB   =    0
 IN.WG     =  F
 OUT.WG    =  F
 IN.RHO    =  F
 OUT.RHOATOM =  F
 OUT.RHO   =  F
 IN.VR     =  F
 OUT.VR    =  F
 OUT.ELF   =  F
 IN.VEXT   =  F
 OUT.VATOM   =  F
 OUT.FORCE =  T
 OUT.STRESS =  F
 IN.KPT    =  F
 IN.SYMM   =  F
 SYMM_PREC =    0.10000E-04
 MP_N123 =      1      1      1      0      0      0      0
 NUM_KPT =            1
 CHARGE_DECOMP = F
 ENERGY_DECOMP = F 
 IN.SOLVENT =  F
 NUM_ELECTRON =   1940.00000000000     
 FIX_FERMI =   F  0.000000E+00  0.000000E+00  0.000000E+00
 IN.NONSCF    =  F
 NUM_BAND  =  1028
 OUT.REAL.RHOWF_SP= 0
 WG_ERROR  =   1.000000000000000E-004
 E_ERROR   =   5.279008887880000E-003
 RHO_ERROR =   5.000000000000000E-005
 RHO_RELATIVE_ERROR      =   0.000000000000000E+000
 FORCE_RELATIVE_ERROR     =   0.000000000000000E+000
 MIN_SCF_ITER     =            1
 SYS_TYPE   =            1
 PULAY_MIX_OPT =     30  1  0       1.00000       0.00000
 PULAY_METRIC_Q0 =       -1.00000
 IN.OCC    =  F          -1
 IN.CC    =  F
 IN.OCC_ADIA    =  F
 SCF_ITER0_1 =    6   4    3    0.0000     0.02500    1
 SCF_ITER0_2 =   94   4    3    1.0000     0.02500    1
 SCF_ITER1_1 =   40   4    3    1.0000     0.02500    1
 NONLOCAL  =  2
 IN.A_FIELD =  F       0.00000       0.00000       0.00000
 RCUT      =    4.00000000000000     
 IN.PSP_RCUT1 =   4.00000000000000     
 IN.PSP_RCUT2 =   4.00000000000000     
 IN.PSP_RCUT3 =   4.00000000000000     
 IN.PSP_RCUT4 =   4.00000000000000     
 IN.PSP_RCUT5 =   4.00000000000000     
 IN.PSP_RCUT6 =   4.00000000000000     
 IN.PSP_RCUT7 =   4.00000000000000     
 IN.PSP_RCUT8 =   4.00000000000000     
 MD_VV_SCALE =    100
 LDAU_PSP1   =           -1  2.721138638331097E-009  2.721138638331097E-009  eV
 LDAU_PSP2   =           -1  2.721138638331097E-009  2.721138638331097E-009  eV
 LDAU_PSP3   =           -1  2.721138638331097E-009  2.721138638331097E-009  eV
 LDAU_PSP4   =           -1  2.721138638331097E-009  2.721138638331097E-009  eV
 LDAU_PSP5   =           -1  2.721138638331097E-009  2.721138638331097E-009  eV
 LDAU_PSP6   =           -1  2.721138638331097E-009  2.721138638331097E-009  eV
 LDAU_PSP7   =           -1  2.721138638331097E-009  2.721138638331097E-009  eV
 LDAU_PSP8   =           -1  2.721138638331097E-009  2.721138638331097E-009  eV
 NUM_BLOCKED_PSI=  F
 WF_STORE2DISK  =            0
 NUM_DOS_GRID =         4000
 NMAP_MAX =        50000
 KERK_AMIN =   0.300000000000000     
 KERK_AMIX =   0.400000000000000     
 KERK_AMIX_MAG =   0.800000000000000     
 KERK_BMIX =   0.500000000000000     
 LDAU_MIX =   0.700000000000000     
 PULAY_WEIGHT_SPIN =    1.00000000000000     
 PULAY_WEIGHT_NS =    1.00000000000000     
 OUT.MLMD    =  F
 NUM_MPI_PER_GPU =     1
 FLAG_CYLINDER =            0
 SET_OUT_FERMI_POS =  F           0
 E_FINITE =  F   0.00000E+00   0.00000E+00   0.00000E+00
 MLINE_EIGEN =      1
 
 ------------------------------------------------
 total number of K-point:           1
   0.00000     0.00000    0.00000     1.00000            
 ------------------------------------------------
 
 
 *********************************************
 *********** end of etot.input report ********
 minimum n1,n2,n3 from Ecut2
     118.970      119.148      119.089
 minimum n1L,n2L,n3L from Ecut2L
     118.970      119.148      119.089
 *********************************************
 
 
Weighted average num_of_PW for all kpoint=                       312673.000
 ************************************
 E_Hxc(eV)         49470.1620465923     
 E_ion(eV)        -219133.901001994     
 E_Coul(eV)        77691.9485073259     
 E_Hxc+E_ion(eV)  -169663.738955402     
 NONSCF     1          AVE_STATE_ERROR= 0.5918E+01
 NONSCF     2          AVE_STATE_ERROR= 0.1620E+01
 NONSCF     3          AVE_STATE_ERROR= 0.4973E+00
 NONSCF     4          AVE_STATE_ERROR= 0.9194E-01
 NONSCF     5          AVE_STATE_ERROR= 0.1556E-01
 NONSCF     6          AVE_STATE_ERROR= 0.3129E-02
 iter=   7   ave_lin=  4.0  iCGmth=   3
 Ef(eV)               = -.1637936E+01
 err of ug            = 0.1235E-02
 dv_ave, drho_tot     = 0.0000E+00 0.1224E+00
 E_tot(eV)            = -.13304952496125E+06    -.1330E+06
 -------------------------------------------
 iter=   8   ave_lin=  4.0  iCGmth=   3
 Ef(eV)               = 0.1435114E+00
 err of ug            = 0.1077E-01
 dv_ave, drho_tot     = 0.1691E-01 0.7074E-01
 E_tot(eV)            = -.13294630307766E+06    0.1032E+03
 -------------------------------------------
 iter=   9   ave_lin=  4.0  iCGmth=   3
 Ef(eV)               = -.1141242E+01
 err of ug            = 0.6546E-02
 dv_ave, drho_tot     = 0.1333E-01 0.3047E-01
 E_tot(eV)            = -.13291516952840E+06    0.3113E+02
 -------------------------------------------
 iter=  10   ave_lin=  4.0  iCGmth=   3
 Ef(eV)               = 0.7650229E+00
 err of ug            = 0.2018E-02
 dv_ave, drho_tot     = 0.6914E-02 0.1043E-01
 E_tot(eV)            = -.13290995592331E+06    0.5214E+01
 -------------------------------------------
 iter=  11   ave_lin=  4.0  iCGmth=   3
 Ef(eV)               = 0.6831671E+00
 err of ug            = 0.5340E-03
 dv_ave, drho_tot     = 0.3003E-02 0.5870E-02
 E_tot(eV)            = -.13290929847674E+06    0.6574E+00
 -------------------------------------------
 iter=  12   ave_lin=  4.0  iCGmth=   3
 Ef(eV)               = 0.5457264E+00
 err of ug            = 0.3067E-03
 dv_ave, drho_tot     = 0.3542E-02 0.3673E-02
 E_tot(eV)            = -.13290876099535E+06    0.5375E+00
 -------------------------------------------
 iter=  13   ave_lin=  4.0  iCGmth=   3
 Ef(eV)               = 0.6163861E+00
 err of ug            = 0.3584E-03
 dv_ave, drho_tot     = 0.4217E-02 0.2866E-02
 E_tot(eV)            = -.13290822651583E+06    0.5345E+00
 -------------------------------------------
 iter=  14   ave_lin=  4.0  iCGmth=   3
 Ef(eV)               = 0.9422304E+00
 err of ug            = 0.3453E-03
 dv_ave, drho_tot     = 0.5771E-02 0.2259E-02
 E_tot(eV)            = -.13290775039495E+06    0.4761E+00
 -------------------------------------------
 iter=  15   ave_lin=  4.0  iCGmth=   3
 Ef(eV)               = 0.1242383E+01
 err of ug            = 0.3575E-03
 dv_ave, drho_tot     = 0.6286E-02 0.1804E-02
 E_tot(eV)            = -.13290743766027E+06    0.3127E+00
 -------------------------------------------
 iter=  16   ave_lin=  4.0  iCGmth=   3
 Ef(eV)               = 0.1376458E+01
 err of ug            = 0.2564E-03
 dv_ave, drho_tot     = 0.4003E-02 0.1385E-02
 E_tot(eV)            = -.13290736453295E+06    0.7313E-01
 -------------------------------------------
 iter=  17   ave_lin=  4.0  iCGmth=   3
 Ef(eV)               = 0.1524354E+01
 err of ug            = 0.2015E-03
 dv_ave, drho_tot     = 0.3576E-02 0.1078E-02
 E_tot(eV)            = -.13290733587299E+06    0.2866E-01
 -------------------------------------------
 iter=  18   ave_lin=  4.0  iCGmth=   3
 Ef(eV)               = 0.1609357E+01
 err of ug            = 0.1319E-03
 dv_ave, drho_tot     = 0.2855E-02 0.8140E-03
 E_tot(eV)            = -.13290732082706E+06    0.1505E-01
 -------------------------------------------
 iter=  19   ave_lin=  4.0  iCGmth=   3
 Ef(eV)               = 0.1702614E+01
 err of ug            = 0.1154E-03
 dv_ave, drho_tot     = 0.2543E-02 0.6215E-03
 E_tot(eV)            = -.13290730287695E+06    0.1795E-01
 -------------------------------------------
 iter=  20   ave_lin=  4.0  iCGmth=   3
 Ef(eV)               = 0.1802607E+01
 err of ug            = 0.1038E-03
 dv_ave, drho_tot     = 0.2263E-02 0.4629E-03
 E_tot(eV)            = -.13290728934423E+06    0.1353E-01
 -------------------------------------------
 iter=  21   ave_lin=  4.0  iCGmth=   3
 Ef(eV)               = 0.1879456E+01
 err of ug            = 0.6492E-04
 dv_ave, drho_tot     = 0.9651E-03 0.3761E-03
 E_tot(eV)            = -.13290728253097E+06    0.6813E-02
 -------------------------------------------
 iter=  22   ave_lin=  4.0  iCGmth=   3
 Ef(eV)               = 0.1945085E+01
 err of ug            = 0.5803E-04
 dv_ave, drho_tot     = 0.9377E-03 0.3011E-03
 E_tot(eV)            = -.13290727719282E+06    0.5338E-02
 -------------------------------------------
 iter=  23   ave_lin=  4.0  iCGmth=   3
 Ef(eV)               = 0.2000699E+01
 err of ug            = 0.5305E-04
 dv_ave, drho_tot     = 0.8160E-03 0.2517E-03
 E_tot(eV)            = -.13290727362549E+06    0.3567E-02
 -------------------------------------------
 E_Fermi(eV)=   2.00069874662926     
 ---------------------------------------------------
 Ef(eV)               = 0.2000699E+01
 dvE, dvE(n)-dvE(n-1) = 0.6659E-06 -.2134E-06
 dv_ave, drho_tot     = 0.8160E-03 0.2517E-03
 err of ug            = 0.5305E-04
 ---------------------------------------------------
 ending_scf_reason = tol Etot_err  5.279008887880000E-003
 Ewald        = -.42767568651430E+05
 Alpha        = 0.15207970391171E+04
 E_extV       = 0.00000000000000E+00    0.0000E+00
 E_NSC        = -.21246706957401E+05    0.6951E+00
 E[-rho*V_Hxc]= -.12102762816439E+06    -.6915E+00
 E_Hxc        = 0.50613833108617E+05    0.7021E+00
 -TS          = -.11896915263830E-11    -.1055E-11
 E_tot(eV)    = -.13290727362549E+06    0.3567E-02
 E_tot(Ryd)   = -.97685045170285E+04    0.1311E-03
 ---------------------------------------------------
 ---------------------------------------------------
 occup for:      kpt=1,spin=1,m=(totN/2-2,totN/2+2)
   1.000    1.000    1.000    0.000    0.000
 eigen(eV) for:  kpt=1,spin=1,m=(totN/2-2,totN/2+2)
  -2.089   -2.080   -1.801    2.697    2.797
 ---------------------------------------------------
 ---------------------------------------------------
 E_Hart,E_xc,E_ion =0.79337047289447E+05  -.28723214180830E+05  -.22140653839764E+06
 E_Hxc+E_ion       =-.17079270528903E+06
 E_kin+E_nonloc    =0.79132203275850E+05
 E_rhoVext,E_IVext     =0.00000000000000E+00  0.00000000000000E+00
 E_psiV,E_dDrho =-.10037898066174E+06  0.00000000000000E+00
 ave(vtot):v0 =-.77284321744062E+01
 ave(V_ion_s(or p,d))=ave(V_Hatree)=0; ave(Vtot)=ave(V_xc)=v0
 ---------------------------------------------------
 *********************************
 Eigen energies are values after setting ave(Vtot)=0
 For Vtot=V_ion+V_Hartree+V_xc, and
 ave(V_ion+V_Hatree)=0, ave(V_xc).ne.0:  E=E+v0
 *********************************
iislda,kpt=   1,    1      0.000000     0.000000     0.000000             kpoint in xyz unit 
 err of each states, A.U
  0.170922E-04     0.211982E-04     0.446480E-04     0.114309E-02     0.263399E-04
  0.190961E-04     0.160782E-04     0.170605E-04     0.162169E-04     0.150999E-04
  0.261545E-04     0.228233E-04     0.166445E-04     0.190085E-04     0.167109E-04
  0.124668E-04     0.132274E-04     0.165395E-04     0.161134E-04     0.933257E-04
  0.204588E-04     0.154758E-04     0.148767E-04     0.160791E-04     0.163025E-04
  0.475527E-04     0.133106E-04     0.132055E-04     0.159812E-04     0.148536E-04
  0.155732E-04     0.359319E-04     0.136610E-04     0.221886E-04     0.445106E-04
  0.681477E-04     0.335998E-04     0.182792E-04     0.220650E-04     0.190139E-04
  0.130591E-04     0.692008E-04     0.161159E-04     0.142257E-04     0.186396E-04
  0.169019E-04     0.198084E-04     0.166970E-04     0.251738E-04     0.160491E-04
  0.259631E-04     0.142343E-04     0.145470E-04     0.216454E-04     0.233081E-04
  0.167599E-04     0.213219E-04     0.262407E-04     0.625345E-04     0.270313E-04
  0.254621E-04     0.426877E-04     0.154065E-04     0.187500E-04     0.130799E-04
  0.593071E-04     0.220659E-04     0.190039E-04     0.146038E-04     0.179079E-04
  0.127882E-04     0.102813E-04     0.140907E-04     0.125066E-04     0.209709E-04
  0.540566E-04     0.115206E-04     0.126406E-04     0.107803E-04     0.143854E-04
  0.131915E-04     0.113917E-04     0.264719E-04     0.109752E-04     0.132631E-04
  0.779563E-04     0.137526E-04     0.122305E-04     0.244674E-04     0.128920E-04
  0.114550E-03     0.121703E-04     0.152266E-04     0.207191E-04     0.212283E-04
  0.240372E-04     0.153383E-04     0.118571E-03     0.233170E-04     0.149913E-04
  0.738872E-04     0.128449E-04     0.138059E-04     0.113213E-04     0.172914E-04
  0.106216E-04     0.123785E-04     0.140834E-04     0.127135E-04     0.269960E-04
  0.133943E-04     0.953318E-04     0.319721E-04     0.104489E-04     0.161187E-04
  0.149279E-04     0.120940E-04     0.287464E-04     0.233388E-04     0.184250E-04
  0.114966E-04     0.118008E-04     0.182334E-04     0.148625E-04     0.109961E-04
  0.113740E-04     0.190854E-04     0.246377E-04     0.155959E-04     0.138124E-04
  0.118795E-04     0.113494E-04     0.535608E-04     0.106923E-04     0.553935E-04
  0.102242E-04     0.137827E-04     0.175181E-04     0.225482E-04     0.131030E-04
  0.189540E-04     0.218094E-04     0.194825E-04     0.273008E-04     0.926113E-04
  0.483084E-04     0.162931E-04     0.155187E-04     0.128598E-04     0.217693E-04
  0.507332E-04     0.291482E-04     0.130077E-04     0.119663E-04     0.215752E-04
  0.148492E-04     0.160386E-04     0.112731E-04     0.577330E-04     0.126069E-04
  0.211692E-04     0.194053E-04     0.154374E-04     0.243296E-04     0.168155E-04
  0.132440E-04     0.113051E-04     0.220963E-04     0.446408E-04     0.212172E-04
  0.674195E-04     0.437100E-04     0.117323E-04     0.108914E-04     0.103464E-04
  0.118247E-04     0.124266E-04     0.445162E-04     0.128354E-04     0.126175E-04
  0.287395E-04     0.170563E-04     0.988155E-05     0.266853E-04     0.203508E-04
  0.331477E-04     0.140176E-04     0.106509E-04     0.119666E-04     0.129717E-04
  0.124589E-04     0.235971E-04     0.133276E-04     0.107316E-04     0.153494E-04
  0.152437E-04     0.130861E-04     0.130416E-04     0.179234E-04     0.130071E-04
  0.141128E-04     0.122579E-04     0.339645E-04     0.166891E-04     0.262494E-04
  0.107767E-04     0.126338E-04     0.165361E-04     0.126962E-04     0.192442E-04
  0.174006E-04     0.161720E-04     0.133945E-04     0.142761E-04     0.147967E-04
  0.171685E-04     0.262218E-04     0.183439E-04     0.178133E-04     0.109013E-04
  0.151696E-04     0.163273E-04     0.138057E-04     0.128927E-04     0.166758E-04
  0.134065E-04     0.150943E-04     0.115866E-04     0.155809E-04     0.141757E-04
  0.159100E-04     0.201673E-04     0.153913E-04     0.111439E-04     0.169946E-04
  0.104593E-04     0.158790E-04     0.139556E-04     0.175892E-04     0.264054E-04
  0.209188E-04     0.162292E-04     0.127653E-04     0.142672E-04     0.141741E-04
  0.129718E-04     0.126914E-04     0.126224E-04     0.119270E-04     0.170141E-04
  0.127041E-04     0.139792E-04     0.191603E-04     0.175475E-04     0.154224E-04
  0.127052E-04     0.201583E-04     0.138187E-04     0.200870E-04     0.117049E-04
  0.195158E-04     0.221724E-04     0.130849E-04     0.219309E-04     0.135133E-04
  0.127241E-04     0.247160E-04     0.148917E-04     0.180529E-04     0.163543E-04
  0.162692E-04     0.337882E-04     0.114735E-04     0.195138E-04     0.208649E-04
  0.171082E-04     0.194790E-04     0.188704E-04     0.213365E-04     0.229553E-04
  0.166079E-04     0.172155E-04     0.154892E-04     0.161188E-04     0.193098E-04
  0.136936E-04     0.151067E-04     0.141649E-04     0.164005E-04     0.193349E-04
  0.972361E-05     0.302602E-04     0.233420E-04     0.316528E-04     0.154469E-04
  0.190582E-04     0.234555E-04     0.171250E-04     0.158139E-04     0.138827E-04
  0.323249E-04     0.183780E-04     0.145532E-04     0.218194E-04     0.180412E-04
  0.205542E-04     0.193606E-04     0.187181E-04     0.254995E-04     0.201297E-04
  0.142187E-04     0.199333E-04     0.294550E-04     0.276993E-04     0.249241E-04
  0.281130E-04     0.237870E-04     0.206889E-04     0.216258E-04     0.215682E-04
  0.301825E-04     0.264380E-04     0.238873E-04     0.158025E-04     0.278756E-04
  0.243975E-04     0.183879E-04     0.276586E-04     0.189367E-04     0.220666E-04
  0.184204E-04     0.227719E-04     0.149741E-04     0.264308E-04     0.201713E-04
  0.216680E-04     0.225303E-04     0.236928E-04     0.240039E-04     0.202526E-04
  0.293982E-04     0.225235E-04     0.264884E-04     0.246673E-04     0.236308E-04
  0.218068E-04     0.273516E-04     0.212592E-04     0.193776E-04     0.184517E-04
  0.202735E-04     0.223193E-04     0.224845E-04     0.220020E-04     0.211350E-04
  0.184488E-04     0.254619E-04     0.216129E-04     0.238900E-04     0.230254E-04
  0.224080E-04     0.194870E-04     0.197758E-04     0.239043E-04     0.184336E-04
  0.196217E-04     0.280527E-04     0.227575E-04     0.294874E-04     0.169192E-04
  0.241700E-04     0.171162E-04     0.223763E-04     0.239068E-04     0.264868E-04
  0.235286E-04     0.258010E-04     0.183038E-04     0.226921E-04     0.186610E-04
  0.204129E-04     0.220319E-04     0.381626E-04     0.196403E-04     0.241442E-04
  0.179947E-04     0.184156E-04     0.175180E-04     0.286493E-04     0.259556E-04
  0.220910E-04     0.257142E-04     0.257165E-04     0.251613E-04     0.246835E-04
  0.267271E-04     0.267923E-04     0.230228E-04     0.246622E-04     0.204103E-04
  0.327664E-04     0.206352E-04     0.284754E-04     0.348500E-04     0.405918E-04
  0.210557E-04     0.203291E-04     0.206095E-04     0.231943E-04     0.237251E-04
  0.249017E-04     0.286985E-04     0.314692E-04     0.271631E-04     0.279153E-04
  0.288537E-04     0.232003E-04     0.211775E-04     0.421838E-04     0.280402E-04
  0.171519E-04     0.397987E-04     0.199031E-04     0.228103E-04     0.222532E-04
  0.248627E-04     0.232445E-04     0.246311E-04     0.306456E-04     0.293600E-04
  0.284969E-04     0.314619E-04     0.305619E-04     0.283467E-04     0.214253E-04
  0.262820E-04     0.384898E-04     0.273325E-04     0.253534E-04     0.351044E-04
  0.267629E-04     0.279220E-04     0.294583E-04     0.267718E-04     0.307653E-04
  0.365139E-04     0.337496E-04     0.212275E-04     0.232415E-04     0.214972E-04
  0.238386E-04     0.213068E-04     0.298125E-04     0.221419E-04     0.267955E-04
  0.396644E-04     0.300613E-04     0.294736E-04     0.271910E-04     0.244505E-04
  0.235382E-04     0.268861E-04     0.288230E-04     0.256738E-04     0.315335E-04
  0.241863E-04     0.212127E-04     0.450183E-04     0.316992E-04     0.321389E-04
  0.250488E-04     0.280854E-04     0.200277E-04     0.259229E-04     0.321062E-04
  0.169415E-04     0.181076E-04     0.314643E-04     0.285325E-04     0.389355E-04
  0.282105E-04     0.215885E-04     0.395730E-04     0.301531E-04     0.183642E-04
  0.250144E-04     0.368073E-04     0.144933E-04     0.296589E-04     0.207663E-04
  0.210137E-04     0.197641E-04     0.178092E-04     0.183704E-04     0.184933E-04
  0.253355E-04     0.195633E-04     0.216031E-04     0.221708E-04     0.194865E-04
  0.239817E-04     0.209352E-04     0.243717E-04     0.184237E-04     0.217820E-04
  0.233729E-04     0.223817E-04     0.173964E-04     0.197662E-04     0.239345E-04
  0.257814E-04     0.215593E-04     0.223937E-04     0.262893E-04     0.167998E-04
  0.206781E-04     0.208868E-04     0.219841E-04     0.249883E-04     0.202225E-04
  0.191683E-04     0.254258E-04     0.290250E-04     0.277028E-04     0.270534E-04
  0.247113E-04     0.296836E-04     0.231445E-04     0.159385E-04     0.250511E-04
  0.229877E-04     0.156238E-04     0.246401E-04     0.238125E-04     0.224275E-04
  0.405663E-04     0.314118E-04     0.280125E-04     0.136534E-04     0.208349E-04
  0.258818E-04     0.191558E-04     0.261498E-04     0.334161E-04     0.225593E-04
  0.207773E-04     0.199172E-04     0.147989E-04     0.188656E-04     0.200816E-04
  0.216657E-04     0.159522E-04     0.226101E-04     0.164593E-04     0.182973E-04
  0.186334E-04     0.262167E-04     0.166001E-04     0.221952E-04     0.231304E-04
  0.201516E-04     0.166838E-04     0.219100E-04     0.203936E-04     0.244334E-04
  0.246924E-04     0.297688E-04     0.187431E-04     0.179438E-04     0.188818E-04
  0.219133E-04     0.215090E-04     0.204655E-04     0.205492E-04     0.225613E-04
  0.236648E-04     0.238372E-04     0.217611E-04     0.221316E-04     0.159837E-04
  0.186126E-04     0.190838E-04     0.185093E-04     0.188040E-04     0.190328E-04
  0.270515E-04     0.236391E-04     0.188269E-04     0.217893E-04     0.203563E-04
  0.219015E-04     0.224628E-04     0.193672E-04     0.232298E-04     0.209868E-04
  0.212872E-04     0.204736E-04     0.231510E-04     0.207987E-04     0.270398E-04
  0.219347E-04     0.224261E-04     0.190072E-04     0.226001E-04     0.240971E-04
  0.216770E-04     0.219547E-04     0.209793E-04     0.217082E-04     0.252326E-04
  0.220180E-04     0.230157E-04     0.205582E-04     0.187557E-04     0.230601E-04
  0.226096E-04     0.313469E-04     0.223663E-04     0.170045E-04     0.216640E-04
  0.217971E-04     0.204613E-04     0.196856E-04     0.219290E-04     0.197397E-04
  0.249916E-04     0.221469E-04     0.222283E-04     0.197900E-04     0.293861E-04
  0.221832E-04     0.200265E-04     0.225592E-04     0.278499E-04     0.250388E-04
  0.249011E-04     0.216241E-04     0.202021E-04     0.214575E-04     0.205881E-04
  0.224020E-04     0.193126E-04     0.186004E-04     0.186453E-04     0.211644E-04
  0.186917E-04     0.220797E-04     0.190692E-04     0.223080E-04     0.335742E-04
  0.250035E-04     0.262992E-04     0.206718E-04     0.261490E-04     0.199513E-04
  0.238225E-04     0.251025E-04     0.252711E-04     0.229118E-04     0.229994E-04
  0.232574E-04     0.230332E-04     0.225498E-04     0.258703E-04     0.262175E-04
  0.236072E-04     0.235104E-04     0.271542E-04     0.192734E-04     0.252364E-04
  0.272848E-04     0.227289E-04     0.204704E-04     0.205497E-04     0.217803E-04
  0.290579E-04     0.211545E-04     0.284974E-04     0.286094E-04     0.180436E-04
  0.234314E-04     0.248732E-04     0.269408E-04     0.262895E-04     0.249738E-04
  0.234782E-04     0.264767E-04     0.315910E-04     0.260768E-04     0.258060E-04
  0.207262E-04     0.247132E-04     0.264515E-04     0.272099E-04     0.250479E-04
  0.264305E-04     0.253331E-04     0.286811E-04     0.283600E-04     0.257833E-04
  0.214241E-04     0.279730E-04     0.248178E-04     0.280880E-04     0.274904E-04
  0.249801E-04     0.336419E-04     0.249311E-04     0.234951E-04     0.234876E-04
  0.404425E-04     0.276396E-04     0.283553E-04     0.262536E-04     0.301953E-04
  0.265985E-04     0.274424E-04     0.264030E-04     0.264825E-04     0.283201E-04
  0.310747E-04     0.265131E-04     0.282105E-04     0.282584E-04     0.311677E-04
  0.236517E-04     0.254887E-04     0.282073E-04     0.236249E-04     0.246843E-04
  0.271463E-04     0.249045E-04     0.270530E-04     0.238252E-04     0.258254E-04
  0.268821E-04     0.266046E-04     0.266289E-04     0.289402E-04     0.271509E-04
  0.266190E-04     0.284957E-04     0.251057E-04     0.253506E-04     0.291288E-04
  0.252499E-04     0.261501E-04     0.255519E-04     0.219125E-04     0.262618E-04
  0.321520E-04     0.277793E-04     0.265264E-04     0.251853E-04     0.218965E-04
  0.224480E-04     0.265615E-04     0.258720E-04     0.259011E-04     0.305350E-04
  0.271463E-04     0.283624E-04     0.279042E-04     0.244006E-04     0.256294E-04
  0.298825E-04     0.320178E-04     0.322942E-04     0.265328E-04     0.266482E-04
  0.298338E-04     0.285514E-04     0.262452E-04     0.295973E-04     0.325886E-04
  0.303022E-04     0.366160E-04     0.271853E-04     0.299967E-04     0.349680E-04
  0.326106E-04     0.354359E-04     0.303590E-04     0.232550E-04     0.329913E-04
  0.293011E-04     0.296698E-04     0.282746E-04     0.328568E-04     0.354982E-04
  0.327550E-04     0.316926E-04     0.287164E-04     0.291363E-04     0.306756E-04
  0.281499E-04     0.284228E-04     0.305204E-04     0.306152E-04     0.342000E-04
  0.280323E-04     0.293272E-04     0.279857E-04     0.309311E-04     0.318526E-04
  0.328964E-04     0.307505E-04     0.281255E-04     0.273483E-04     0.291343E-04
  0.372670E-04     0.299694E-04     0.293947E-04     0.285781E-04     0.298368E-04
  0.289395E-04     0.230908E-04     0.282926E-04     0.278028E-04     0.297338E-04
  0.298106E-04     0.325413E-04     0.357621E-04     0.309738E-04     0.289750E-04
  0.318066E-04     0.310082E-04     0.273033E-04     0.265612E-04     0.353078E-04
  0.290722E-04     0.331423E-04     0.383394E-04     0.411428E-04     0.316052E-04
  0.310006E-04     0.314590E-04     0.284447E-04     0.313740E-04     0.273122E-04
  0.426588E-04     0.307368E-04     0.269214E-04     0.449683E-04     0.273507E-04
  0.286772E-04     0.246991E-04     0.275176E-04     0.278883E-04     0.271758E-04
  0.312587E-04     0.386795E-04     0.291752E-04     0.365876E-04     0.462393E-04
  0.388637E-04     0.300589E-04     0.344911E-04     0.615304E-04     0.396899E-04
  0.479488E-04     0.240878E-04     0.367098E-04     0.400824E-04     0.328456E-04
  0.448596E-04     0.355747E-04     0.271703E-04     0.228721E-04     0.310409E-04
  0.614575E-04     0.593346E-04     0.294829E-04     0.416440E-04     0.417729E-04
  0.408766E-04     0.352975E-04     0.275871E-04     0.478110E-04     0.466876E-04
  0.420509E-04     0.419580E-04     0.426398E-04     0.412690E-04     0.380374E-04
  0.350713E-04     0.374995E-04     0.413294E-04     0.429916E-04     0.395907E-04
  0.442453E-04     0.637522E-04     0.360709E-04     0.373889E-04     0.429078E-04
  0.316708E-04     0.359725E-04     0.240932E-04     0.440280E-04     0.377282E-04
  0.350021E-04     0.393897E-04     0.362771E-04     0.356595E-04     0.343904E-04
  0.389148E-04     0.365412E-04     0.424146E-04     0.367671E-04     0.393521E-04
  0.444666E-04     0.364398E-04     0.339720E-04     0.354794E-04     0.405689E-04
  0.453985E-04     0.419570E-04     0.302115E-04     0.309065E-04     0.373903E-04
  0.283741E-04     0.469442E-04     0.493937E-04     0.385424E-04     0.300769E-04
  0.258958E-04     0.530211E-04     0.707200E-04     0.292683E-04     0.270296E-04
  0.303361E-04     0.171307E-04     0.223749E-04     0.391298E-04     0.315008E-04
  0.365583E-04     0.283743E-04     0.558876E-04     0.250960E-04     0.260264E-04
  0.266662E-04     0.505641E-04     0.297822E-04     0.311891E-04     0.327218E-04
  0.814551E-04     0.522844E-04     0.398590E-04     0.211673E-04     0.406594E-04
  0.496088E-04     0.417692E-04     0.576123E-04     0.308063E-04     0.284311E-04
  0.281069E-04     0.242527E-04     0.315619E-04     0.225468E-04     0.339851E-04
  0.402741E-04     0.407366E-04     0.535993E-04     0.273224E-04     0.353185E-04
  0.336621E-04     0.480086E-04     0.273938E-04     0.380200E-04     0.261136E-04
  0.111764E-03     0.166844E-03     0.134877E-03     0.994857E-04     0.122676E-03
  0.125583E-03     0.165609E-03     0.190488E-03     0.157949E-03     0.265929E-03
  0.184497E-03     0.354907E-03     0.639220E-03     0.591812E-03     0.683420E-03
  0.963779E-03     0.557556E-03     0.836873E-03     0.121746E-02     0.795609E-03
  0.839888E-03     0.110681E-02     0.108925E-02     0.870635E-03     0.135236E-02
  0.104622E-02     0.972530E-03     0.146388E-02     0.244427E-02     0.260224E-02
  0.198232E-02     0.238025E-02     0.297575E-02     0.419263E-02     0.371307E-02
  0.277724E-02     0.325607E-02     0.504814E-02     0.432080E-02     0.395883E-02
  0.416673E-02     0.508870E-02     0.408486E-02     0.581631E-02     0.551192E-02
  0.492443E-02     0.561498E-02     0.614773E-02     0.832152E-02     0.710235E-02
  0.983742E-02     0.538318E-02     0.798793E-02     0.954757E-02     0.935548E-02
  0.101129E-01     0.953780E-02     0.145304E-01
 eigen energies, in eV 
    -44.412975       -44.287132       -44.184219       -44.165617       -43.915023
    -28.235197       -28.224421       -28.202971       -28.104473       -28.007399
    -27.985231       -27.963182       -27.923502       -27.907521       -27.879656
    -27.870154       -27.838154       -27.788499       -27.764814       -27.716568
    -27.692131       -27.681997       -27.672071       -27.671170       -27.666404
    -27.643208       -27.628097       -27.613240       -27.575816       -27.534893
    -27.514369       -27.492474       -27.375275       -27.352307       -27.328194
    -27.323787       -27.305374       -27.289653       -27.256781       -27.251764
    -27.244342       -27.229735       -27.225834       -27.209041       -27.202638
    -27.183217       -27.162637       -27.159507       -27.140606       -27.032604
    -26.996044       -26.980550       -26.960351       -26.957639       -26.850647
    -26.804776       -26.788697       -26.775711       -26.770846       -26.744411
    -26.741521       -26.701335       -26.673345       -26.622151       -26.591873
    -26.584835       -26.550137       -26.538406       -26.513538       -26.498840
    -26.340827       -26.335009       -26.315844       -26.314746       -26.314013
    -26.302799       -26.286941       -26.246373       -26.235235       -26.214451
    -26.207853       -26.179367       -26.161476       -26.107157       -26.022185
    -26.011723       -25.978562       -25.945417       -25.890595       -25.882779
    -25.857092       -25.824781       -25.819539       -25.817237       -25.803631
    -25.794565       -25.791127       -25.768880       -25.760810       -25.715111
    -25.684871       -25.680775       -25.666853       -25.652172       -25.642846
    -25.631493       -25.617022       -25.608266       -25.600079       -25.576821
    -25.574362       -25.500830       -25.486950       -25.467469       -25.445782
    -25.442332       -25.431366       -25.408221       -25.401664       -25.392383
    -25.339090       -25.300385       -25.299668       -25.280448       -25.241859
    -25.231566       -25.230944       -25.212729       -25.185505       -25.177020
    -25.171682       -25.063524       -25.005267       -24.992293       -24.841763
    -24.000441       -23.967094       -23.692424       -23.637910       -23.601264
    -23.586951       -23.575226       -23.510715       -23.496628       -23.419405
    -23.408178       -23.374854       -23.339975       -23.330113       -23.322403
    -23.319642       -23.301112       -23.234026       -23.180864       -23.167511
    -23.134306       -23.122621       -23.049748       -23.034459       -23.018240
    -22.991130       -22.961134       -22.918583       -22.892759       -22.877419
    -22.868839       -22.847398       -22.830507       -22.724560       -22.625747
    -21.816892       -21.457817       -21.404491       -21.397413       -21.362697
    -21.320263       -21.292417       -21.230533       -21.208406       -21.202603
    -21.147266       -21.132903       -21.107523       -21.082552       -21.039012
    -20.977231       -20.945024       -20.816311       -20.814435       -20.569921
    -18.520718       -18.508606       -18.404009       -18.244156       -18.177649
    -16.183535       -16.155952       -16.139003       -16.110807       -16.098373
    -16.071733       -16.068236       -15.987723       -15.983969       -15.956448
    -15.804714       -15.747650       -15.611215       -15.504999       -15.469561
    -14.998959       -14.906678       -14.894905       -14.889213       -14.863896
    -14.853239       -14.835305       -14.767350       -14.728590       -14.681438
    -14.602968       -14.570408       -14.550175       -14.548376       -14.523943
    -14.520578       -14.491063       -14.482361       -14.478355       -14.440301
    -14.420247       -14.396799       -14.357272       -14.016509       -13.977508
    -13.808719       -13.731934       -13.653342       -13.530688       -13.497700
    -13.496301       -13.446643       -13.440892       -13.424856       -13.400606
    -13.377023       -13.361588       -13.353937       -13.334605       -13.304663
    -13.290964       -13.288672       -13.259904       -13.256325       -13.245100
    -13.234342       -13.220464       -13.188355       -13.156693       -13.142565
    -13.037857       -13.021406       -12.998878       -12.964914       -12.802917
    -12.193040       -12.124176       -12.045303       -12.014453       -12.003115
    -11.976025       -11.937422       -11.935672       -11.926271       -11.874833
    -11.841038       -11.821257       -11.789888       -11.674321       -11.646045
    -11.602965       -11.586334       -11.549216       -11.540995       -11.463839
    -11.419451       -11.405133       -11.383311       -11.357848       -11.278879
    -11.256771       -11.216344       -11.197275       -11.183311       -11.112267
    -11.093007       -11.073103       -11.067521       -11.019082       -10.972186
    -10.912735       -10.879292       -10.808693       -10.763226       -10.680985
    -10.648258       -10.624102       -10.589458       -10.579057       -10.534466
    -10.477628       -10.461392       -10.451538       -10.432360       -10.406319
    -10.399674       -10.390372       -10.372373       -10.371347       -10.354565
    -10.333096       -10.308439       -10.295177       -10.281629       -10.272967
    -10.266405       -10.255122       -10.240406       -10.229830       -10.225906
    -10.212068       -10.204076       -10.184563       -10.166391       -10.154905
    -10.137787       -10.109219       -10.097351       -10.086247       -10.070448
    -10.066053       -10.060762       -10.048608       -10.031975       -10.017689
    -10.009456       -10.004714        -9.985479        -9.961058        -9.957270
     -9.954880        -9.936862        -9.919059        -9.916667        -9.879087
     -9.876852        -9.868368        -9.865027        -9.837866        -9.827124
     -9.807066        -9.797970        -9.793101        -9.787644        -9.764679
     -9.747074        -9.722297        -9.707967        -9.678578        -9.665079
     -9.648410        -9.636576        -9.633354        -9.627471        -9.611425
     -9.601007        -9.589388        -9.570200        -9.560208        -9.549322
     -9.543060        -9.530294        -9.503256        -9.502091        -9.480478
     -9.459759        -9.458862        -9.450649        -9.437186        -9.427742
     -9.424642        -9.414126        -9.397720        -9.362075        -9.351679
     -9.324417        -9.318679        -9.304509        -9.295858        -9.285454
     -9.283302        -9.270215        -9.261238        -9.239351        -9.210860
     -9.186958        -9.176707        -9.153909        -9.141404        -9.111837
     -9.108567        -9.098547        -9.082091        -9.068332        -9.061238
     -9.039114        -9.029128        -9.018214        -9.010542        -9.000511
     -8.981634        -8.969124        -8.960395        -8.948711        -8.937041
     -8.923568        -8.918880        -8.913683        -8.909498        -8.904166
     -8.889988        -8.886506        -8.878199        -8.855313        -8.843337
     -8.836488        -8.825264        -8.815504        -8.767825        -8.759103
     -8.748089        -8.735023        -8.718558        -8.714330        -8.697461
     -8.683544        -8.676686        -8.652660        -8.647220        -8.620957
     -8.599354        -8.585749        -8.568011        -8.559381        -8.536688
     -8.533825        -8.516289        -8.510125        -8.489617        -8.464902
     -8.462299        -8.435730        -8.427852        -8.404370        -8.380439
     -8.366555        -8.362445        -8.346148        -8.344032        -8.312774
     -8.289711        -8.277287        -8.257856        -8.255650        -8.240025
     -8.209671        -8.147665        -8.130616        -8.125457        -8.105687
     -8.082824        -8.070520        -8.057728        -8.042325        -8.036648
     -7.992947        -7.981186        -7.961928        -7.939903        -7.913772
     -7.879642        -7.862042        -7.843877        -7.796131        -7.794058
     -7.777473        -7.766512        -7.743927        -7.725363        -7.699851
     -7.695121        -7.676153        -7.647011        -7.603439        -7.588545
     -7.560696        -7.546104        -7.519577        -7.488315        -7.468360
     -7.456312        -7.416834        -7.395563        -7.386280        -7.342019
     -7.327510        -7.291866        -7.281182        -7.269928        -7.255221
     -7.233226        -7.204927        -7.195156        -7.185326        -7.171322
     -7.160807        -7.157682        -7.141579        -7.123608        -7.049869
     -7.025559        -6.996634        -6.988172        -6.979720        -6.973086
     -6.971716        -6.968027        -6.913120        -6.884880        -6.840147
     -6.831688        -6.809987        -6.791422        -6.779835        -6.777710
     -6.764899        -6.759964        -6.734603        -6.716635        -6.712023
     -6.688387        -6.678702        -6.654536        -6.649570        -6.617140
     -6.583117        -6.578039        -6.569437        -6.555789        -6.544247
     -6.536651        -6.529181        -6.505185        -6.496137        -6.486815
     -6.481786        -6.472713        -6.457620        -6.427764        -6.422208
     -6.410676        -6.394698        -6.383567        -6.367946        -6.366134
     -6.357891        -6.348431        -6.343962        -6.330597        -6.320989
     -6.307216        -6.287438        -6.283842        -6.257806        -6.253576
     -6.238087        -6.230016        -6.223608        -6.208964        -6.195114
     -6.183285        -6.173264        -6.164023        -6.156731        -6.141937
     -6.140520        -6.129014        -6.124144        -6.119732        -6.106739
     -6.104345        -6.101936        -6.090684        -6.088854        -6.084221
     -6.072406        -6.062148        -6.055251        -6.048602        -6.037003
     -6.027929        -6.025421        -6.022896        -6.013627        -6.007640
     -6.001919        -5.983035        -5.977333        -5.965332        -5.957773
     -5.950155        -5.932908        -5.931982        -5.911130        -5.901700
     -5.894014        -5.883072        -5.878812        -5.867436        -5.861766
     -5.860894        -5.852052        -5.844669        -5.825095        -5.816876
     -5.810503        -5.798550        -5.789775        -5.779593        -5.771912
     -5.766746        -5.763643        -5.748706        -5.739541        -5.737461
     -5.726323        -5.716914        -5.713316        -5.710192        -5.702464
     -5.688172        -5.686858        -5.681853        -5.669505        -5.656516
     -5.653634        -5.645361        -5.639257        -5.634416        -5.629474
     -5.626616        -5.617300        -5.616415        -5.608211        -5.602583
     -5.594468        -5.593078        -5.592506        -5.573338        -5.565550
     -5.563029        -5.552458        -5.545387        -5.533609        -5.529073
     -5.518707        -5.510935        -5.502784        -5.498556        -5.489708
     -5.484739        -5.480256        -5.471589        -5.459329        -5.455147
     -5.449927        -5.440682        -5.436044        -5.429500        -5.420229
     -5.414070        -5.405032        -5.401903        -5.386044        -5.382380
     -5.379681        -5.364957        -5.360605        -5.354994        -5.353753
     -5.350516        -5.342970        -5.334064        -5.330350        -5.327557
     -5.325569        -5.312209        -5.306671        -5.302458        -5.296318
     -5.293230        -5.288400        -5.284018        -5.276458        -5.271041
     -5.270108        -5.259139        -5.257666        -5.249718        -5.234842
     -5.227660        -5.222956        -5.215539        -5.204966        -5.190967
     -5.185401        -5.181786        -5.173631        -5.168595        -5.163901
     -5.155668        -5.150418        -5.147491        -5.139922        -5.136209
     -5.129376        -5.125071        -5.119723        -5.114174        -5.111372
     -5.105120        -5.102684        -5.098693        -5.093623        -5.088529
     -5.076575        -5.072227        -5.061577        -5.053837        -5.049991
     -5.045076        -5.039563        -5.030958        -5.026931        -5.018260
     -5.010224        -4.996718        -4.987957        -4.983094        -4.975960
     -4.972180        -4.965615        -4.961699        -4.956716        -4.948870
     -4.942412        -4.938253        -4.929995        -4.926763        -4.921294
     -4.919497        -4.914640        -4.909476        -4.907354        -4.901967
     -4.891838        -4.878348        -4.875325        -4.868580        -4.863607
     -4.858383        -4.856371        -4.851360        -4.840286        -4.833288
     -4.827337        -4.811269        -4.804827        -4.789328        -4.786029
     -4.777498        -4.774919        -4.772127        -4.750524        -4.749008
     -4.741008        -4.735154        -4.729900        -4.720579        -4.719588
     -4.714604        -4.712114        -4.704143        -4.686847        -4.684790
     -4.681834        -4.675129        -4.666825        -4.663629        -4.655279
     -4.641010        -4.638986        -4.630642        -4.628594        -4.624887
     -4.622185        -4.616790        -4.614211        -4.601907        -4.598270
     -4.586449        -4.574021        -4.573104        -4.563086        -4.543789
     -4.528982        -4.527226        -4.515404        -4.502800        -4.493850
     -4.493091        -4.480000        -4.472568        -4.458022        -4.449590
     -4.438173        -4.420367        -4.412373        -4.393333        -4.378863
     -4.373278        -4.356395        -4.350681        -4.334762        -4.311732
     -4.281276        -4.265033        -4.261816        -4.238208        -4.230685
     -4.217762        -4.192772        -4.153014        -4.141276        -4.121660
     -4.114546        -4.093676        -4.071535        -4.032023        -4.014853
     -4.010128        -3.967979        -3.948008        -3.936008        -3.913941
     -3.902043        -3.878365        -3.876561        -3.858921        -3.853179
     -3.809765        -3.807265        -3.795676        -3.787345        -3.770105
     -3.755821        -3.749171        -3.735977        -3.721527        -3.696629
     -3.691296        -3.684176        -3.674557        -3.667809        -3.664157
     -3.648394        -3.637650        -3.629119        -3.608115        -3.596464
     -3.584744        -3.579233        -3.571807        -3.564474        -3.557053
     -3.549620        -3.531661        -3.522351        -3.484802        -3.468938
     -3.450348        -3.416504        -3.413869        -3.408493        -3.401990
     -3.397344        -3.394899        -3.390451        -3.384736        -3.376286
     -3.368178        -3.354961        -3.328395        -3.320246        -3.310877
     -3.307438        -3.305008        -3.287911        -3.278880        -3.264749
     -3.260528        -3.240186        -3.232394        -3.213012        -3.192944
     -3.179478        -3.166077        -3.153175        -3.136043        -3.081806
     -3.050661        -3.034853        -3.031513        -3.009219        -2.962179
     -2.948887        -2.940561        -2.911787        -2.824049        -2.768282
     -2.714534        -2.690473        -2.659780        -2.646325        -2.641834
     -2.630480        -2.621280        -2.616222        -2.606895        -2.588326
     -2.583028        -2.555660        -2.543787        -2.455481        -2.437688
     -2.412187        -2.405586        -2.349554        -2.297273        -2.296322
     -2.280108        -2.222688        -2.191812        -2.178798        -2.163945
     -2.148888        -2.144565        -2.088800        -2.079623        -1.801052
      2.696925         2.797264         2.836804         2.889590         2.949659
      2.961223         2.997645         3.040916         3.167520         3.189213
      3.193725         3.257214         3.285588         3.342362         3.374957
      3.403370         3.441927         3.453134         3.482301         3.511226
      3.561652         3.592169         3.608754         3.635463         3.659657
      3.695605         3.726137         3.757519         3.771387         3.783744
      3.808715         3.823501         3.843915         3.845353         3.889158
      3.899698         3.945972         3.951947         3.993966         4.001501
      4.017814         4.030641         4.037412         4.047909         4.087692
      4.093868         4.127736         4.156330         4.180195         4.194682
      4.217939         4.238226         4.251165         4.276051         4.352652
      4.363780         4.375596         4.454114
 *********************************
 total computation time (sec)=   1997.82755088806     
