 AEM_Eatom=  0.228907914119894     
 AEM_Egroup=  2.885012426707303E-002
 AEM_Etot=  1.579992578528174E-002
 AEM_F=  0.723492797413282     
