           4           1
 PRECISION  = SINGLE     
 JOB       = SCF
 IN.PSP1   = /home/sabs/shenjie/Pseudopotential/Li.nc.pbe.UPF
 IN.PSP2   = /home/sabs/shenjie/Pseudopotential/C.nc.pbe.UPF
 IN.PSP3   = /home/sabs/shenjie/Pseudopotential/O.nc.pbe.UPF
 IN.PSP4   = /home/sabs/shenjie/Pseudopotential/N.nc.pbe.UPF
 IN.PSP5   = /home/sabs/shenjie/Pseudopotential/S.nc.pbe.UPF
 IN.PSP6   = /home/sabs/shenjie/Pseudopotential/F.nc.pbe.UPF
 IN.PSP7   = /home/sabs/shenjie/Pseudopotential/H.nc.pbe.UPF
 IN.PSP8   = /home/sabs/shenjie/Pseudopotential/P.nc.pbe.UPF
 IN.ATOM   = atom.config         
 CONVERGENCE  = EASY
 ACCURACY  = NORM
 VFF_DETAIL =   1   500  0.50000000E-02     30.00000     4.00000     0.00000     1.00000  
 EGG_DETAIL =            3           3           3
 SPIN      =   1
 CONSTRAINT_MAG =           0
 RANDOM_SEED=           0
 QIJ_DETAIL =   0  1
 SCF_MIX = CHARGE
 PWSCF_OUTPUT     =  F
 Ecut      =    60.0000000000000     
 Ecut2     =    120.000000000000     
 Ecut2L    =    120.000000000000     
 EcutP    =    60.0000000000000     
 N123      =   120   120   120
 NS123     =    40    40    40
 N123L     =   120   120   120
 STRESS_CORR =   0.100000E+01  0.000000E+00  0.200000E+01  0.000000E+00
 XCFUNCTIONAL = LDA
 HSE_DETAIL    =      1.00000000    1     0.00000000    6 1 1
 RELAX_HSE    =    20   0.50000E-01     2
 VDW       = NONE
 LONDON_S6      =   0.000000000000000E+000
 LONDON_C6(1)      =   -1.00000000000000     
 LONDON_C6(2)      =   -1.00000000000000     
 LONDON_C6(3)      =   -1.00000000000000     
 LONDON_C6(4)      =   -1.00000000000000     
 LONDON_C6(5)      =   -1.00000000000000     
 LONDON_C6(6)      =   -1.00000000000000     
 LONDON_C6(7)      =   -1.00000000000000     
 LONDON_C6(8)      =   -1.00000000000000     
 LONDON_RCUT      =   0.000000000000000E+000
 DFTD3_S6        =   0.000000000000000E+000
 DFTD3_RS6        =   0.000000000000000E+000
 DFTD3_S18        =   0.000000000000000E+000
 DFTD3_RS18        =   0.000000000000000E+000
 DFTD3_ALPHA6        =   0.000000000000000E+000
 DFTD3_VERSION        =            0
 DFTD3_3BODY        =  F
 COULOMB   =    0
 IN.WG     =  F
 OUT.WG    =  F
 IN.RHO    =  F
 OUT.RHOATOM =  F
 OUT.RHO   =  F
 IN.VR     =  F
 OUT.VR    =  F
 OUT.ELF   =  F
 IN.VEXT   =  F
 OUT.VATOM   =  F
 OUT.FORCE =  T
 OUT.STRESS =  F
 IN.KPT    =  F
 IN.SYMM   =  F
 SYMM_PREC =    0.10000E-04
 MP_N123 =      1      1      1      0      0      0      0
 NUM_KPT =            1
 CHARGE_DECOMP = F
 ENERGY_DECOMP = F 
 IN.SOLVENT =  F
 NUM_ELECTRON =   1940.00000000000     
 FIX_FERMI =   F  0.000000E+00  0.000000E+00  0.000000E+00
 IN.NONSCF    =  F
 NUM_BAND  =  1028
 OUT.REAL.RHOWF_SP= 0
 WG_ERROR  =   1.000000000000000E-004
 E_ERROR   =   5.279008887880000E-003
 RHO_ERROR =   5.000000000000000E-005
 RHO_RELATIVE_ERROR      =   0.000000000000000E+000
 FORCE_RELATIVE_ERROR     =   0.000000000000000E+000
 MIN_SCF_ITER     =            1
 SYS_TYPE   =            1
 PULAY_MIX_OPT =     30  1  0       1.00000       0.00000
 PULAY_METRIC_Q0 =       -1.00000
 IN.OCC    =  F          -1
 IN.CC    =  F
 IN.OCC_ADIA    =  F
 SCF_ITER0_1 =    6   4    3    0.0000     0.02500    1
 SCF_ITER0_2 =   94   4    3    1.0000     0.02500    1
 SCF_ITER1_1 =   40   4    3    1.0000     0.02500    1
 NONLOCAL  =  2
 IN.A_FIELD =  F       0.00000       0.00000       0.00000
 RCUT      =    4.00000000000000     
 IN.PSP_RCUT1 =   4.00000000000000     
 IN.PSP_RCUT2 =   4.00000000000000     
 IN.PSP_RCUT3 =   4.00000000000000     
 IN.PSP_RCUT4 =   4.00000000000000     
 IN.PSP_RCUT5 =   4.00000000000000     
 IN.PSP_RCUT6 =   4.00000000000000     
 IN.PSP_RCUT7 =   4.00000000000000     
 IN.PSP_RCUT8 =   4.00000000000000     
 MD_VV_SCALE =    100
 LDAU_PSP1   =           -1  2.721138638331097E-009  2.721138638331097E-009  eV
 LDAU_PSP2   =           -1  2.721138638331097E-009  2.721138638331097E-009  eV
 LDAU_PSP3   =           -1  2.721138638331097E-009  2.721138638331097E-009  eV
 LDAU_PSP4   =           -1  2.721138638331097E-009  2.721138638331097E-009  eV
 LDAU_PSP5   =           -1  2.721138638331097E-009  2.721138638331097E-009  eV
 LDAU_PSP6   =           -1  2.721138638331097E-009  2.721138638331097E-009  eV
 LDAU_PSP7   =           -1  2.721138638331097E-009  2.721138638331097E-009  eV
 LDAU_PSP8   =           -1  2.721138638331097E-009  2.721138638331097E-009  eV
 NUM_BLOCKED_PSI=  F
 WF_STORE2DISK  =            0
 NUM_DOS_GRID =         4000
 NMAP_MAX =        50000
 KERK_AMIN =   0.300000000000000     
 KERK_AMIX =   0.400000000000000     
 KERK_AMIX_MAG =   0.800000000000000     
 KERK_BMIX =   0.500000000000000     
 LDAU_MIX =   0.700000000000000     
 PULAY_WEIGHT_SPIN =    1.00000000000000     
 PULAY_WEIGHT_NS =    1.00000000000000     
 OUT.MLMD    =  F
 NUM_MPI_PER_GPU =     1
 FLAG_CYLINDER =            0
 SET_OUT_FERMI_POS =  F           0
 E_FINITE =  F   0.00000E+00   0.00000E+00   0.00000E+00
 MLINE_EIGEN =      1
 
 ------------------------------------------------
 total number of K-point:           1
   0.00000     0.00000    0.00000     1.00000            
 ------------------------------------------------
 
 
 *********************************************
 *********** end of etot.input report ********
 minimum n1,n2,n3 from Ecut2
     118.970      119.148      119.089
 minimum n1L,n2L,n3L from Ecut2L
     118.970      119.148      119.089
 *********************************************
 
 
Weighted average num_of_PW for all kpoint=                       312673.000
 ************************************
 E_Hxc(eV)         51149.6012344196     
 E_ion(eV)        -223135.934148787     
 E_Coul(eV)        79448.8020573315     
 E_Hxc+E_ion(eV)  -171986.332914367     
 NONSCF     1          AVE_STATE_ERROR= 0.5919E+01
 NONSCF     2          AVE_STATE_ERROR= 0.1633E+01
 NONSCF     3          AVE_STATE_ERROR= 0.5097E+00
 NONSCF     4          AVE_STATE_ERROR= 0.9523E-01
 NONSCF     5          AVE_STATE_ERROR= 0.1574E-01
 NONSCF     6          AVE_STATE_ERROR= 0.3015E-02
 iter=   7   ave_lin=  4.0  iCGmth=   3
 Ef(eV)               = -.1079852E+01
 err of ug            = 0.1185E-02
 dv_ave, drho_tot     = 0.0000E+00 0.1225E+00
 E_tot(eV)            = -.13304459860795E+06    -.1330E+06
 -------------------------------------------
 iter=   8   ave_lin=  4.0  iCGmth=   3
 Ef(eV)               = -.1220238E+01
 err of ug            = 0.1073E-01
 dv_ave, drho_tot     = 0.1730E-01 0.7069E-01
 E_tot(eV)            = -.13293860372600E+06    0.1060E+03
 -------------------------------------------
 iter=   9   ave_lin=  4.0  iCGmth=   3
 Ef(eV)               = -.8615580E+00
 err of ug            = 0.6634E-02
 dv_ave, drho_tot     = 0.1380E-01 0.3045E-01
 E_tot(eV)            = -.13290582534016E+06    0.3278E+02
 -------------------------------------------
 iter=  10   ave_lin=  4.0  iCGmth=   3
 Ef(eV)               = -.7831158E+00
 err of ug            = 0.2105E-02
 dv_ave, drho_tot     = 0.6966E-02 0.1069E-01
 E_tot(eV)            = -.13290037531473E+06    0.5450E+01
 -------------------------------------------
 iter=  11   ave_lin=  4.0  iCGmth=   3
 Ef(eV)               = -.7547549E+00
 err of ug            = 0.5571E-03
 dv_ave, drho_tot     = 0.3040E-02 0.6063E-02
 E_tot(eV)            = -.13289970426861E+06    0.6710E+00
 -------------------------------------------
 iter=  12   ave_lin=  4.0  iCGmth=   3
 Ef(eV)               = -.7012634E+00
 err of ug            = 0.3174E-03
 dv_ave, drho_tot     = 0.3539E-02 0.3646E-02
 E_tot(eV)            = -.13289918726514E+06    0.5170E+00
 -------------------------------------------
 iter=  13   ave_lin=  4.0  iCGmth=   3
 Ef(eV)               = -.6342488E+00
 err of ug            = 0.3528E-03
 dv_ave, drho_tot     = 0.3897E-02 0.2819E-02
 E_tot(eV)            = -.13289871237567E+06    0.4749E+00
 -------------------------------------------
 iter=  14   ave_lin=  4.0  iCGmth=   3
 Ef(eV)               = -.5562747E+00
 err of ug            = 0.3291E-03
 dv_ave, drho_tot     = 0.5319E-02 0.2234E-02
 E_tot(eV)            = -.13289827444379E+06    0.4379E+00
 -------------------------------------------
 iter=  15   ave_lin=  4.0  iCGmth=   3
 Ef(eV)               = -.3992708E+00
 err of ug            = 0.3445E-03
 dv_ave, drho_tot     = 0.6289E-02 0.1788E-02
 E_tot(eV)            = -.13289795524489E+06    0.3192E+00
 -------------------------------------------
 iter=  16   ave_lin=  4.0  iCGmth=   3
 Ef(eV)               = -.4010019E+00
 err of ug            = 0.2591E-03
 dv_ave, drho_tot     = 0.4339E-02 0.1367E-02
 E_tot(eV)            = -.13289786820089E+06    0.8704E-01
 -------------------------------------------
 iter=  17   ave_lin=  4.0  iCGmth=   3
 Ef(eV)               = -.3899023E+00
 err of ug            = 0.1928E-03
 dv_ave, drho_tot     = 0.3605E-02 0.1061E-02
 E_tot(eV)            = -.13289783631040E+06    0.3189E-01
 -------------------------------------------
 iter=  18   ave_lin=  4.0  iCGmth=   3
 Ef(eV)               = -.3802764E+00
 err of ug            = 0.1267E-03
 dv_ave, drho_tot     = 0.2850E-02 0.7908E-03
 E_tot(eV)            = -.13289781895270E+06    0.1736E-01
 -------------------------------------------
 iter=  19   ave_lin=  4.0  iCGmth=   3
 Ef(eV)               = -.3466158E+00
 err of ug            = 0.1094E-03
 dv_ave, drho_tot     = 0.2430E-02 0.5991E-03
 E_tot(eV)            = -.13289780134127E+06    0.1761E-01
 -------------------------------------------
 iter=  20   ave_lin=  4.0  iCGmth=   3
 Ef(eV)               = -.3176446E+00
 err of ug            = 0.9254E-04
 dv_ave, drho_tot     = 0.2338E-02 0.4494E-03
 E_tot(eV)            = -.13289778955963E+06    0.1178E-01
 -------------------------------------------
 iter=  21   ave_lin=  4.0  iCGmth=   3
 Ef(eV)               = -.3020517E+00
 err of ug            = 0.6212E-04
 dv_ave, drho_tot     = 0.1054E-02 0.3763E-03
 E_tot(eV)            = -.13289778247086E+06    0.7089E-02
 -------------------------------------------
 iter=  22   ave_lin=  4.0  iCGmth=   3
 Ef(eV)               = -.2906248E+00
 err of ug            = 0.6458E-04
 dv_ave, drho_tot     = 0.1082E-02 0.3055E-03
 E_tot(eV)            = -.13289777559594E+06    0.6875E-02
 -------------------------------------------
 iter=  23   ave_lin=  4.0  iCGmth=   3
 Ef(eV)               = -.2922911E+00
 err of ug            = 0.5242E-04
 dv_ave, drho_tot     = 0.8337E-03 0.2455E-03
 E_tot(eV)            = -.13289777225033E+06    0.3346E-02
 -------------------------------------------
 E_Fermi(eV)= -0.292291067838002     
 ---------------------------------------------------
 Ef(eV)               = -.2922911E+00
 dvE, dvE(n)-dvE(n-1) = 0.6950E-06 -.4763E-06
 dv_ave, drho_tot     = 0.8337E-03 0.2455E-03
 err of ug            = 0.5242E-04
 ---------------------------------------------------
 ending_scf_reason = tol Etot_err  5.279008887880000E-003
 Ewald        = -.40624881146353E+05
 Alpha        = 0.15207970391171E+04
 E_extV       = 0.00000000000000E+00    0.0000E+00
 E_NSC        = -.21528390789987E+05    0.6304E+00
 E[-rho*V_Hxc]= -.12465914812389E+06    -.6270E+00
 E_Hxc        = 0.52393850770780E+05    0.6434E+00
 -TS          = -.35505862133968E-26    0.0000E+00
 E_tot(eV)    = -.13289777225033E+06    0.3346E-02
 E_tot(Ryd)   = -.97678061788290E+04    0.1229E-03
 ---------------------------------------------------
 ---------------------------------------------------
 occup for:      kpt=1,spin=1,m=(totN/2-2,totN/2+2)
   1.000    1.000    1.000    0.000    0.000
 eigen(eV) for:  kpt=1,spin=1,m=(totN/2-2,totN/2+2)
  -1.929   -1.885   -1.652    2.348    2.379
 ---------------------------------------------------
 ---------------------------------------------------
 E_Hart,E_xc,E_ion =0.81222167673132E+05  -.28828316902352E+05  -.22567938079932E+06
 E_Hxc+E_ion       =-.17328553002854E+06
 E_kin+E_nonloc    =0.79491841885447E+05
 E_rhoVext,E_IVext     =0.00000000000000E+00  0.00000000000000E+00
 E_psiV,E_dDrho =-.10102036791034E+06  0.00000000000000E+00
 ave(vtot):v0 =-.76890867428788E+01
 ave(V_ion_s(or p,d))=ave(V_Hatree)=0; ave(Vtot)=ave(V_xc)=v0
 ---------------------------------------------------
 *********************************
 Eigen energies are values after setting ave(Vtot)=0
 For Vtot=V_ion+V_Hartree+V_xc, and
 ave(V_ion+V_Hatree)=0, ave(V_xc).ne.0:  E=E+v0
 *********************************
iislda,kpt=   1,    1      0.000000     0.000000     0.000000             kpoint in xyz unit 
 err of each states, A.U
  0.229103E-04     0.317795E-03     0.234283E-04     0.209958E-04     0.336537E-04
  0.152528E-04     0.220471E-04     0.215060E-04     0.172559E-04     0.211064E-04
  0.966108E-04     0.212016E-04     0.325304E-04     0.183599E-04     0.187607E-04
  0.153255E-04     0.198275E-04     0.173221E-04     0.142728E-04     0.135948E-04
  0.214851E-04     0.379603E-04     0.554175E-04     0.269927E-04     0.496936E-04
  0.340906E-04     0.157555E-04     0.180662E-04     0.292224E-04     0.155558E-04
  0.561192E-04     0.187751E-04     0.289994E-04     0.148274E-04     0.257226E-04
  0.201415E-04     0.300421E-04     0.268387E-04     0.702627E-04     0.479931E-04
  0.559454E-04     0.229323E-04     0.177424E-04     0.472282E-04     0.147699E-04
  0.197210E-04     0.697424E-04     0.563714E-04     0.175956E-04     0.163652E-04
  0.142488E-04     0.292942E-04     0.172470E-04     0.183635E-04     0.809287E-04
  0.283139E-04     0.161376E-04     0.131531E-03     0.153166E-04     0.187547E-04
  0.127404E-04     0.302733E-04     0.235932E-04     0.116040E-04     0.175428E-04
  0.165285E-04     0.196205E-04     0.277541E-04     0.348688E-04     0.146683E-04
  0.211751E-04     0.243574E-04     0.221861E-04     0.215321E-04     0.373369E-04
  0.144072E-04     0.173395E-04     0.683406E-04     0.189082E-04     0.144477E-04
  0.169935E-04     0.255481E-04     0.169499E-04     0.128476E-04     0.316494E-04
  0.130954E-04     0.114172E-04     0.147761E-04     0.243267E-04     0.191605E-04
  0.613963E-04     0.132244E-04     0.116215E-04     0.143642E-04     0.382144E-04
  0.159842E-04     0.341682E-04     0.116192E-04     0.220840E-04     0.165299E-04
  0.518505E-04     0.164050E-04     0.747860E-04     0.125182E-04     0.123906E-04
  0.173410E-04     0.176216E-04     0.124359E-04     0.360748E-04     0.170659E-04
  0.279242E-04     0.335811E-04     0.553665E-04     0.151462E-04     0.132596E-04
  0.148961E-04     0.118177E-04     0.140628E-04     0.162086E-04     0.165686E-04
  0.525929E-04     0.117498E-04     0.772895E-04     0.492759E-04     0.184873E-04
  0.149681E-04     0.955999E-04     0.147525E-04     0.175476E-04     0.167634E-04
  0.152411E-04     0.112884E-04     0.127894E-04     0.165909E-04     0.148464E-04
  0.142079E-04     0.173786E-04     0.276796E-04     0.142696E-04     0.352189E-04
  0.434081E-04     0.183625E-04     0.811044E-04     0.121276E-04     0.111030E-04
  0.160704E-04     0.125960E-04     0.130995E-04     0.334339E-04     0.144675E-04
  0.139499E-04     0.177601E-04     0.651113E-04     0.228019E-04     0.340688E-04
  0.467220E-04     0.219759E-04     0.248728E-04     0.497536E-04     0.232867E-04
  0.142336E-04     0.105926E-04     0.248626E-04     0.183406E-04     0.201883E-04
  0.127244E-04     0.131458E-04     0.228429E-04     0.241100E-04     0.161839E-04
  0.403843E-04     0.299221E-04     0.219846E-04     0.117610E-04     0.181523E-04
  0.132815E-04     0.186201E-04     0.258444E-04     0.975454E-05     0.208927E-04
  0.157894E-04     0.106665E-04     0.117589E-04     0.110647E-04     0.108662E-04
  0.153603E-04     0.511394E-04     0.108421E-04     0.227768E-04     0.935653E-05
  0.127111E-04     0.143302E-04     0.152487E-04     0.175789E-04     0.100297E-04
  0.207669E-04     0.124189E-04     0.110145E-04     0.223507E-04     0.116178E-04
  0.188511E-04     0.174831E-04     0.115401E-04     0.183106E-04     0.113538E-04
  0.175538E-04     0.267629E-04     0.206505E-04     0.292884E-04     0.117818E-04
  0.204005E-04     0.118530E-04     0.134792E-04     0.120612E-04     0.127394E-04
  0.260785E-04     0.200041E-04     0.187031E-04     0.163587E-04     0.156324E-04
  0.172080E-04     0.205108E-04     0.171926E-04     0.151718E-04     0.119325E-04
  0.120559E-04     0.213292E-04     0.170208E-04     0.951354E-05     0.138040E-04
  0.183971E-04     0.127090E-04     0.119257E-04     0.126516E-04     0.157822E-04
  0.181362E-04     0.145019E-04     0.120819E-04     0.204688E-04     0.142836E-04
  0.117631E-04     0.203272E-04     0.132509E-04     0.108372E-04     0.192793E-04
  0.161908E-04     0.212488E-04     0.177960E-04     0.139501E-04     0.145003E-04
  0.246364E-04     0.266734E-04     0.131711E-04     0.128935E-04     0.135595E-04
  0.168430E-04     0.203695E-04     0.177839E-04     0.226240E-04     0.136180E-04
  0.154562E-04     0.201336E-04     0.130106E-04     0.150590E-04     0.165055E-04
  0.157031E-04     0.210302E-04     0.190168E-04     0.237158E-04     0.282273E-04
  0.188390E-04     0.215809E-04     0.162800E-04     0.176508E-04     0.167289E-04
  0.152012E-04     0.162077E-04     0.166411E-04     0.179245E-04     0.304255E-04
  0.215439E-04     0.231636E-04     0.233024E-04     0.208226E-04     0.201714E-04
  0.139828E-04     0.255568E-04     0.208546E-04     0.148808E-04     0.190936E-04
  0.162519E-04     0.130820E-04     0.325622E-04     0.197672E-04     0.184631E-04
  0.246304E-04     0.222994E-04     0.198290E-04     0.259414E-04     0.190484E-04
  0.222382E-04     0.207973E-04     0.191294E-04     0.286631E-04     0.182450E-04
  0.158411E-04     0.168575E-04     0.161864E-04     0.166595E-04     0.210687E-04
  0.172958E-04     0.154218E-04     0.235652E-04     0.182281E-04     0.456859E-04
  0.181028E-04     0.257556E-04     0.228903E-04     0.227825E-04     0.210181E-04
  0.273234E-04     0.419810E-04     0.258849E-04     0.280609E-04     0.247364E-04
  0.256687E-04     0.235338E-04     0.235476E-04     0.242127E-04     0.234258E-04
  0.215354E-04     0.260481E-04     0.161174E-04     0.235448E-04     0.248049E-04
  0.242047E-04     0.290043E-04     0.204598E-04     0.282150E-04     0.201312E-04
  0.201645E-04     0.221205E-04     0.191901E-04     0.144280E-04     0.230363E-04
  0.139298E-04     0.197651E-04     0.244296E-04     0.203564E-04     0.227387E-04
  0.171905E-04     0.250123E-04     0.268163E-04     0.232241E-04     0.181028E-04
  0.252570E-04     0.231090E-04     0.251097E-04     0.285068E-04     0.242279E-04
  0.303685E-04     0.234020E-04     0.263709E-04     0.210688E-04     0.184364E-04
  0.184502E-04     0.224045E-04     0.219234E-04     0.165555E-04     0.252086E-04
  0.231717E-04     0.251620E-04     0.193694E-04     0.282932E-04     0.147313E-04
  0.244811E-04     0.281014E-04     0.258726E-04     0.199299E-04     0.204882E-04
  0.306910E-04     0.189576E-04     0.382454E-04     0.197645E-04     0.168826E-04
  0.286602E-04     0.200611E-04     0.340091E-04     0.226459E-04     0.233622E-04
  0.295506E-04     0.277949E-04     0.234820E-04     0.194855E-04     0.150294E-04
  0.231370E-04     0.254213E-04     0.214254E-04     0.254103E-04     0.327227E-04
  0.250204E-04     0.291476E-04     0.266998E-04     0.349090E-04     0.169335E-04
  0.250858E-04     0.244336E-04     0.288770E-04     0.294160E-04     0.300034E-04
  0.240243E-04     0.268935E-04     0.225845E-04     0.223941E-04     0.219382E-04
  0.205706E-04     0.202978E-04     0.268392E-04     0.222015E-04     0.218931E-04
  0.205159E-04     0.216463E-04     0.200518E-04     0.228758E-04     0.361525E-04
  0.266529E-04     0.331512E-04     0.327457E-04     0.270650E-04     0.236705E-04
  0.313167E-04     0.298645E-04     0.368313E-04     0.296965E-04     0.254022E-04
  0.266560E-04     0.258436E-04     0.235504E-04     0.239808E-04     0.282404E-04
  0.300404E-04     0.335208E-04     0.244801E-04     0.274577E-04     0.314304E-04
  0.439822E-04     0.436178E-04     0.288532E-04     0.219748E-04     0.382072E-04
  0.260642E-04     0.266666E-04     0.225802E-04     0.266641E-04     0.307872E-04
  0.338334E-04     0.142162E-04     0.362417E-04     0.341111E-04     0.315380E-04
  0.238751E-04     0.223472E-04     0.182486E-04     0.356586E-04     0.216109E-04
  0.361830E-04     0.154300E-04     0.176141E-04     0.248820E-04     0.256551E-04
  0.219661E-04     0.167431E-04     0.255477E-04     0.207407E-04     0.269242E-04
  0.416372E-04     0.244730E-04     0.240909E-04     0.247411E-04     0.210013E-04
  0.303860E-04     0.157303E-04     0.209031E-04     0.190206E-04     0.305841E-04
  0.228896E-04     0.240740E-04     0.225789E-04     0.294389E-04     0.185611E-04
  0.192739E-04     0.191082E-04     0.197088E-04     0.173146E-04     0.157238E-04
  0.227382E-04     0.233600E-04     0.169025E-04     0.200249E-04     0.151604E-04
  0.211724E-04     0.175433E-04     0.180752E-04     0.144563E-04     0.222967E-04
  0.135224E-04     0.143881E-04     0.168900E-04     0.152395E-04     0.187868E-04
  0.227506E-04     0.283203E-04     0.196610E-04     0.219443E-04     0.196250E-04
  0.173216E-04     0.312047E-04     0.182828E-04     0.222839E-04     0.231368E-04
  0.190102E-04     0.247074E-04     0.152037E-04     0.189528E-04     0.216024E-04
  0.219267E-04     0.250748E-04     0.171193E-04     0.168726E-04     0.225585E-04
  0.264718E-04     0.263482E-04     0.129146E-04     0.210535E-04     0.241321E-04
  0.143265E-04     0.272811E-04     0.263404E-04     0.246285E-04     0.251648E-04
  0.193711E-04     0.164731E-04     0.315953E-04     0.271925E-04     0.219658E-04
  0.203824E-04     0.242688E-04     0.228559E-04     0.231547E-04     0.158470E-04
  0.218295E-04     0.278132E-04     0.200314E-04     0.248710E-04     0.217645E-04
  0.173702E-04     0.262027E-04     0.245118E-04     0.245121E-04     0.378891E-04
  0.308509E-04     0.200603E-04     0.264251E-04     0.245419E-04     0.163424E-04
  0.229781E-04     0.233630E-04     0.207318E-04     0.210968E-04     0.237620E-04
  0.189614E-04     0.225765E-04     0.201792E-04     0.210336E-04     0.237884E-04
  0.247074E-04     0.209154E-04     0.269522E-04     0.220595E-04     0.223902E-04
  0.270783E-04     0.224145E-04     0.188542E-04     0.140293E-04     0.227439E-04
  0.213001E-04     0.151833E-04     0.159255E-04     0.207785E-04     0.196261E-04
  0.237470E-04     0.207223E-04     0.208021E-04     0.275244E-04     0.213041E-04
  0.208509E-04     0.162853E-04     0.300782E-04     0.222249E-04     0.179569E-04
  0.226907E-04     0.226434E-04     0.242732E-04     0.180203E-04     0.182744E-04
  0.216736E-04     0.231161E-04     0.226521E-04     0.235254E-04     0.223718E-04
  0.219432E-04     0.221222E-04     0.208879E-04     0.210886E-04     0.217917E-04
  0.218710E-04     0.190228E-04     0.157433E-04     0.293846E-04     0.201566E-04
  0.218060E-04     0.206308E-04     0.271648E-04     0.214556E-04     0.223878E-04
  0.249376E-04     0.220920E-04     0.184650E-04     0.173909E-04     0.200148E-04
  0.251765E-04     0.208101E-04     0.232921E-04     0.212286E-04     0.191980E-04
  0.257651E-04     0.221094E-04     0.214405E-04     0.229325E-04     0.198019E-04
  0.212108E-04     0.220205E-04     0.190832E-04     0.213746E-04     0.218792E-04
  0.247175E-04     0.218103E-04     0.291594E-04     0.224204E-04     0.256874E-04
  0.241117E-04     0.247518E-04     0.244101E-04     0.266467E-04     0.296107E-04
  0.260162E-04     0.236117E-04     0.206305E-04     0.230125E-04     0.251803E-04
  0.286710E-04     0.228342E-04     0.208727E-04     0.253987E-04     0.299074E-04
  0.303589E-04     0.279662E-04     0.247267E-04     0.260881E-04     0.275442E-04
  0.227486E-04     0.238326E-04     0.255928E-04     0.225562E-04     0.260910E-04
  0.267431E-04     0.255120E-04     0.230870E-04     0.267713E-04     0.274030E-04
  0.252001E-04     0.298789E-04     0.278538E-04     0.244652E-04     0.276391E-04
  0.232579E-04     0.270490E-04     0.249785E-04     0.329251E-04     0.247837E-04
  0.252995E-04     0.239707E-04     0.329570E-04     0.285923E-04     0.225114E-04
  0.271898E-04     0.249604E-04     0.241418E-04     0.242963E-04     0.274645E-04
  0.265138E-04     0.252969E-04     0.273613E-04     0.289675E-04     0.281537E-04
  0.282316E-04     0.277353E-04     0.234790E-04     0.286239E-04     0.279672E-04
  0.269818E-04     0.311210E-04     0.271961E-04     0.258128E-04     0.325862E-04
  0.275074E-04     0.284601E-04     0.295530E-04     0.353236E-04     0.291702E-04
  0.259792E-04     0.252708E-04     0.272528E-04     0.275385E-04     0.259913E-04
  0.336023E-04     0.329018E-04     0.273539E-04     0.246552E-04     0.240739E-04
  0.216073E-04     0.269927E-04     0.238018E-04     0.271039E-04     0.234288E-04
  0.323456E-04     0.257553E-04     0.270552E-04     0.381159E-04     0.369948E-04
  0.323350E-04     0.337065E-04     0.372059E-04     0.300319E-04     0.306305E-04
  0.307134E-04     0.350480E-04     0.323212E-04     0.280097E-04     0.289455E-04
  0.281195E-04     0.282730E-04     0.326920E-04     0.283624E-04     0.225191E-04
  0.354145E-04     0.293649E-04     0.360592E-04     0.286948E-04     0.342210E-04
  0.287011E-04     0.318750E-04     0.270572E-04     0.326744E-04     0.385961E-04
  0.343817E-04     0.280336E-04     0.321638E-04     0.285691E-04     0.316748E-04
  0.259505E-04     0.299368E-04     0.290290E-04     0.272539E-04     0.278772E-04
  0.457433E-04     0.290153E-04     0.311475E-04     0.288394E-04     0.276110E-04
  0.288732E-04     0.393493E-04     0.299552E-04     0.273088E-04     0.299662E-04
  0.350819E-04     0.288064E-04     0.276365E-04     0.287098E-04     0.336435E-04
  0.339881E-04     0.352664E-04     0.273440E-04     0.291839E-04     0.293886E-04
  0.277431E-04     0.214170E-04     0.275535E-04     0.295097E-04     0.325085E-04
  0.312723E-04     0.253315E-04     0.319736E-04     0.425443E-04     0.297937E-04
  0.438874E-04     0.341798E-04     0.332672E-04     0.243949E-04     0.269788E-04
  0.221794E-04     0.326565E-04     0.331390E-04     0.282028E-04     0.228264E-04
  0.285538E-04     0.248142E-04     0.269340E-04     0.198343E-04     0.244576E-04
  0.242521E-04     0.308201E-04     0.332980E-04     0.272342E-04     0.268452E-04
  0.286580E-04     0.289044E-04     0.282048E-04     0.328410E-04     0.279205E-04
  0.368271E-04     0.326399E-04     0.315604E-04     0.413703E-04     0.278921E-04
  0.382169E-04     0.261701E-04     0.351620E-04     0.350217E-04     0.407678E-04
  0.270820E-04     0.307402E-04     0.272091E-04     0.319060E-04     0.348427E-04
  0.326308E-04     0.319660E-04     0.267013E-04     0.293940E-04     0.428331E-04
  0.432757E-04     0.331679E-04     0.309615E-04     0.311829E-04     0.348330E-04
  0.330525E-04     0.261609E-04     0.290981E-04     0.283015E-04     0.294465E-04
  0.478416E-04     0.322998E-04     0.407593E-04     0.500462E-04     0.291210E-04
  0.465446E-04     0.331404E-04     0.269747E-04     0.241166E-04     0.310269E-04
  0.271751E-04     0.379976E-04     0.242955E-04     0.438635E-04     0.269530E-04
  0.371615E-04     0.326503E-04     0.245781E-04     0.226546E-04     0.708060E-04
  0.312264E-04     0.730760E-04     0.384669E-04     0.251938E-04     0.403308E-04
  0.420932E-04     0.508668E-04     0.310623E-04     0.382790E-04     0.346466E-04
  0.384871E-04     0.437988E-04     0.484352E-04     0.356999E-04     0.372795E-04
  0.292432E-04     0.336993E-04     0.359404E-04     0.440466E-04     0.331656E-04
  0.369617E-04     0.451254E-04     0.269560E-04     0.262704E-04     0.486052E-04
  0.255504E-04     0.499139E-04     0.442417E-04     0.549173E-04     0.500604E-04
  0.268804E-04     0.200699E-04     0.283669E-04     0.427939E-04     0.294402E-04
  0.228965E-04     0.281361E-04     0.561296E-04     0.322016E-04     0.280735E-04
  0.364466E-04     0.411577E-04     0.451060E-04     0.400799E-04     0.534042E-04
  0.376615E-04     0.409078E-04     0.290542E-04     0.246200E-04     0.250507E-04
  0.283997E-04     0.344812E-04     0.459287E-04     0.418004E-04     0.374945E-04
  0.326550E-04     0.302079E-04     0.319574E-04     0.317329E-04     0.439803E-04
  0.412492E-04     0.567584E-04     0.362912E-04     0.293306E-04     0.307675E-04
  0.432484E-04     0.373716E-04     0.354666E-04     0.405821E-04     0.328764E-04
  0.317803E-04     0.307668E-04     0.285198E-04     0.268847E-04     0.360982E-04
  0.269225E-04     0.327702E-04     0.355024E-04     0.457329E-04     0.363021E-04
  0.416295E-04     0.418895E-04     0.242154E-04     0.449467E-04     0.281594E-04
  0.283305E-04     0.414253E-04     0.352668E-04     0.407865E-04     0.235944E-04
  0.979941E-04     0.569405E-04     0.133348E-03     0.196268E-03     0.950727E-04
  0.980248E-04     0.994326E-04     0.265408E-03     0.166794E-03     0.212052E-03
  0.409129E-03     0.367207E-03     0.371519E-03     0.297288E-03     0.547218E-03
  0.603126E-03     0.700953E-03     0.541549E-03     0.849931E-03     0.951420E-03
  0.812621E-03     0.970343E-03     0.127063E-02     0.779861E-03     0.135417E-02
  0.127426E-02     0.116559E-02     0.145659E-02     0.189691E-02     0.106062E-02
  0.165196E-02     0.172488E-02     0.281149E-02     0.196834E-02     0.139322E-02
  0.163750E-02     0.202827E-02     0.180791E-02     0.311701E-02     0.219293E-02
  0.214445E-02     0.395441E-02     0.365223E-02     0.398397E-02     0.480107E-02
  0.803141E-02     0.402339E-02     0.390878E-02     0.733816E-02     0.545198E-02
  0.462862E-02     0.874615E-02     0.523819E-02     0.685841E-02     0.751375E-02
  0.102848E-01     0.849331E-02     0.101234E-01
 eigen energies, in eV 
    -44.608209       -44.455361       -44.435761       -44.162673       -44.096723
    -29.139238       -28.944009       -28.925468       -28.915792       -28.848528
    -28.766111       -28.692750       -28.678982       -28.609350       -28.586321
    -28.541569       -28.525280       -28.515225       -28.496050       -28.481879
    -28.444919       -28.443432       -28.438786       -28.387725       -28.337279
    -28.321715       -28.316276       -28.300434       -28.288797       -28.242052
    -28.078183       -28.053456       -28.048295       -28.001669       -27.988882
    -27.985006       -27.951174       -27.932222       -27.894581       -27.890476
    -27.867684       -27.829895       -27.771797       -27.747219       -27.697731
    -27.686235       -27.653987       -27.582683       -27.557746       -27.526827
    -27.519482       -27.513421       -27.506163       -27.487035       -27.472013
    -27.469148       -27.452130       -27.415621       -27.378846       -27.348406
    -27.322321       -27.293739       -27.273463       -27.200985       -27.188937
    -27.183821       -27.135754       -27.117462       -27.110882       -27.089951
    -27.008248       -26.946454       -26.922378       -26.833812       -26.771484
    -26.756214       -26.735794       -26.734434       -26.700160       -26.676837
    -26.637629       -26.619318       -26.586592       -26.576943       -26.561729
    -26.558078       -26.528811       -26.526149       -26.522632       -26.487201
    -26.421007       -26.409417       -26.399984       -26.339793       -26.277074
    -26.263907       -26.239581       -26.237376       -26.206459       -26.192657
    -26.170484       -26.157669       -26.148722       -26.114893       -26.113995
    -26.080105       -26.071713       -26.037063       -26.029362       -26.021464
    -26.019524       -25.975299       -25.960291       -25.925700       -25.904573
    -25.904459       -25.884758       -25.880162       -25.864822       -25.862410
    -25.861230       -25.852996       -25.717440       -25.703201       -25.665308
    -25.603616       -25.497983       -25.469121       -25.426539       -25.366080
    -25.297591       -25.222930       -25.200862       -25.140875       -25.126368
    -24.454617       -24.051956       -24.047911       -24.041068       -23.927745
    -23.781563       -23.630857       -23.599927       -23.578897       -23.515426
    -23.486611       -23.400066       -23.327805       -23.323472       -23.142158
    -23.097406       -23.079562       -23.056098       -23.047223       -23.047175
    -23.044381       -22.988930       -22.936545       -22.885442       -22.825299
    -22.818503       -22.648569       -22.323687       -22.290787       -22.283928
    -22.279515       -22.223766       -22.163232       -21.945027       -21.933015
    -21.852570       -21.684700       -21.668439       -21.620780       -21.485053
    -21.421606       -21.303647       -21.258553       -21.211277       -21.120579
    -21.088461       -21.061484       -21.045411       -21.033405       -21.019693
    -21.016153       -20.746072       -20.744601       -20.517061       -20.300138
    -18.766777       -18.323335       -18.250723       -18.248340       -18.095783
    -16.266586       -16.073608       -15.946416       -15.913031       -15.845036
    -15.811897       -15.786249       -15.742166       -15.645092       -15.569837
    -15.454986       -15.449509       -15.397567       -15.370715       -15.357602
    -15.245114       -15.231787       -15.210647       -15.210049       -15.146338
    -15.064467       -14.963655       -14.926741       -14.899307       -14.691199
    -14.689004       -14.681011       -14.671246       -14.649835       -14.602156
    -14.584773       -14.516091       -14.415218       -14.409698       -14.332452
    -14.303603       -14.292570       -14.287148       -14.232796       -14.210173
    -13.829317       -13.797825       -13.764505       -13.667623       -13.657486
    -13.640178       -13.594484       -13.559575       -13.547750       -13.531487
    -13.480276       -13.472853       -13.414841       -13.411191       -13.391592
    -13.356768       -13.344783       -13.290200       -13.281744       -13.236398
    -13.185869       -13.160910       -13.142901       -13.122209       -13.089675
    -13.046575       -13.043570       -12.884562       -12.772161       -12.681293
    -12.535333       -12.292893       -12.279253       -12.235938       -12.183024
    -12.137078       -12.047155       -12.046371       -11.976812       -11.970605
    -11.969793       -11.942472       -11.914913       -11.907902       -11.800579
    -11.768497       -11.763500       -11.758006       -11.682976       -11.680938
    -11.643867       -11.626377       -11.584440       -11.541947       -11.531225
    -11.526496       -11.442935       -11.442058       -11.430355       -11.392636
    -11.390997       -11.379295       -11.367080       -11.359870       -11.309331
    -11.244855       -11.203207       -11.165351       -11.147389       -11.125399
    -11.073685       -11.040586       -10.928828       -10.903595       -10.883610
    -10.858773       -10.834128       -10.764438       -10.735975       -10.721138
    -10.713200       -10.691185       -10.668532       -10.606984       -10.597063
    -10.562151       -10.552732       -10.543355       -10.534253       -10.530712
    -10.514209       -10.503463       -10.490615       -10.481706       -10.470319
    -10.462943       -10.447608       -10.412542       -10.389587       -10.377304
    -10.360640       -10.349125       -10.335829       -10.334799       -10.324483
    -10.323186       -10.298094       -10.293683       -10.289606       -10.276135
    -10.262360       -10.250397       -10.245477       -10.237200       -10.231982
    -10.200625       -10.181230       -10.173648       -10.142046       -10.134012
    -10.128136       -10.123531       -10.097617       -10.082244       -10.075953
    -10.068186       -10.051641       -10.048627       -10.043033       -10.022464
    -10.021556        -9.998715        -9.990968        -9.988770        -9.977421
     -9.974441        -9.964236        -9.956538        -9.920569        -9.911965
     -9.905668        -9.895686        -9.887726        -9.876708        -9.865980
     -9.855880        -9.854526        -9.839222        -9.821698        -9.751381
     -9.730380        -9.712618        -9.686757        -9.678505        -9.666514
     -9.650829        -9.618217        -9.611309        -9.605400        -9.597633
     -9.587837        -9.565431        -9.550917        -9.540910        -9.525661
     -9.519766        -9.509093        -9.499474        -9.485815        -9.467200
     -9.454731        -9.447296        -9.421072        -9.404110        -9.397545
     -9.376561        -9.373085        -9.351594        -9.344027        -9.325362
     -9.314290        -9.311899        -9.286662        -9.278660        -9.216619
     -9.214029        -9.207726        -9.190487        -9.185872        -9.164541
     -9.150781        -9.129217        -9.122361        -9.105125        -9.093638
     -9.077098        -9.073979        -9.063332        -9.054265        -9.047987
     -9.039829        -9.011729        -8.993883        -8.990288        -8.980074
     -8.968791        -8.954686        -8.947501        -8.938373        -8.919264
     -8.905891        -8.901365        -8.878269        -8.875691        -8.858438
     -8.819951        -8.806054        -8.794109        -8.786114        -8.773499
     -8.768007        -8.752869        -8.752446        -8.737245        -8.692099
     -8.683511        -8.678138        -8.662138        -8.625696        -8.609660
     -8.583403        -8.563707        -8.496569        -8.472953        -8.463955
     -8.431993        -8.410454        -8.400497        -8.386959        -8.367149
     -8.358654        -8.347664        -8.323462        -8.318447        -8.314200
     -8.290973        -8.262411        -8.250441        -8.208049        -8.183754
     -8.133561        -8.125945        -8.119763        -8.111266        -8.068818
     -8.054555        -8.021803        -7.968550        -7.941964        -7.895637
     -7.869978        -7.849498        -7.821167        -7.801801        -7.793568
     -7.771262        -7.760469        -7.748732        -7.713064        -7.685734
     -7.675814        -7.654863        -7.643103        -7.637034        -7.624090
     -7.619352        -7.591487        -7.578542        -7.558712        -7.517444
     -7.482595        -7.454328        -7.400449        -7.391688        -7.387662
     -7.352827        -7.344377        -7.318100        -7.307725        -7.304449
     -7.254522        -7.243965        -7.239419        -7.236068        -7.226576
     -7.206011        -7.196928        -7.176477        -7.162161        -7.154153
     -7.146436        -7.109689        -7.075681        -7.072175        -7.035407
     -7.018213        -6.997261        -6.989107        -6.986074        -6.975607
     -6.958477        -6.923184        -6.913369        -6.901897        -6.898995
     -6.893949        -6.871518        -6.864937        -6.859960        -6.835164
     -6.828063        -6.822249        -6.815416        -6.811486        -6.799433
     -6.788674        -6.775079        -6.769799        -6.747289        -6.722075
     -6.709039        -6.705760        -6.695569        -6.688516        -6.673812
     -6.669115        -6.651151        -6.647829        -6.638050        -6.615473
     -6.613864        -6.585071        -6.567196        -6.556189        -6.530704
     -6.520182        -6.510632        -6.503648        -6.495137        -6.479991
     -6.474181        -6.468732        -6.458879        -6.451642        -6.446551
     -6.438197        -6.430140        -6.424761        -6.389877        -6.378251
     -6.370635        -6.351303        -6.340565        -6.330161        -6.323008
     -6.316587        -6.305951        -6.297950        -6.286595        -6.278381
     -6.269084        -6.255021        -6.253019        -6.240871        -6.216173
     -6.209567        -6.187326        -6.173303        -6.160480        -6.152735
     -6.147561        -6.113432        -6.097423        -6.094837        -6.085663
     -6.071997        -6.067496        -6.053227        -6.043132        -6.038445
     -6.035443        -6.033258        -6.026694        -6.020218        -6.013414
     -6.007873        -5.993544        -5.990486        -5.985871        -5.975145
     -5.967751        -5.960682        -5.957104        -5.951128        -5.936308
     -5.933487        -5.925896        -5.919043        -5.910610        -5.895875
     -5.890597        -5.886074        -5.873976        -5.863800        -5.855665
     -5.846495        -5.845133        -5.830626        -5.825026        -5.810908
     -5.808845        -5.803350        -5.797742        -5.786168        -5.776376
     -5.769603        -5.767867        -5.753273        -5.748577        -5.742861
     -5.741142        -5.730113        -5.728172        -5.722347        -5.710454
     -5.709055        -5.693965        -5.681865        -5.672878        -5.672451
     -5.669060        -5.658577        -5.646591        -5.644748        -5.627510
     -5.623591        -5.613092        -5.607269        -5.603533        -5.594228
     -5.584768        -5.582235        -5.570377        -5.566895        -5.564298
     -5.554120        -5.549316        -5.546598        -5.536239        -5.529818
     -5.525614        -5.510635        -5.506374        -5.504155        -5.500463
     -5.496081        -5.487731        -5.475918        -5.472622        -5.465617
     -5.453659        -5.443668        -5.440513        -5.434144        -5.429562
     -5.410830        -5.408320        -5.399375        -5.398232        -5.394601
     -5.385389        -5.379830        -5.372590        -5.363388        -5.349313
     -5.339889        -5.320884        -5.310770        -5.304579        -5.297210
     -5.292711        -5.288437        -5.278977        -5.274118        -5.269601
     -5.262827        -5.257270        -5.242933        -5.241672        -5.235751
     -5.224616        -5.222442        -5.205219        -5.199009        -5.195757
     -5.187544        -5.186808        -5.181586        -5.179083        -5.168724
     -5.167439        -5.161031        -5.144614        -5.141945        -5.136620
     -5.131097        -5.124063        -5.121863        -5.111170        -5.109722
     -5.104753        -5.098163        -5.092367        -5.083074        -5.074321
     -5.071113        -5.068817        -5.063354        -5.052759        -5.046627
     -5.040196        -5.036532        -5.029493        -5.024268        -5.016462
     -4.995441        -4.985810        -4.972138        -4.969507        -4.959217
     -4.958991        -4.952178        -4.946242        -4.944612        -4.939306
     -4.936276        -4.926035        -4.917331        -4.908403        -4.898244
     -4.887555        -4.876157        -4.861995        -4.858881        -4.855821
     -4.848958        -4.837203        -4.832256        -4.825518        -4.818585
     -4.814110        -4.808604        -4.802479        -4.794144        -4.786844
     -4.778505        -4.772866        -4.769258        -4.757799        -4.741792
     -4.734223        -4.731993        -4.725680        -4.705539        -4.673142
     -4.656494        -4.637317        -4.628500        -4.613810        -4.601682
     -4.598096        -4.590653        -4.575137        -4.560347        -4.553323
     -4.547975        -4.536438        -4.534018        -4.507724        -4.499580
     -4.482709        -4.468811        -4.452889        -4.448609        -4.441748
     -4.426659        -4.407460        -4.393567        -4.384831        -4.378749
     -4.362057        -4.319638        -4.305422        -4.298063        -4.290776
     -4.262508        -4.241294        -4.228177        -4.209206        -4.181796
     -4.171542        -4.155830        -4.142686        -4.135892        -4.127836
     -4.116476        -4.109648        -4.094382        -4.090524        -4.066124
     -4.045210        -4.023166        -4.018422        -3.993471        -3.983499
     -3.936510        -3.909264        -3.907183        -3.896832        -3.842420
     -3.832331        -3.823936        -3.804734        -3.800165        -3.757913
     -3.753933        -3.711643        -3.696629        -3.682853        -3.674315
     -3.642777        -3.627874        -3.612590        -3.584069        -3.577679
     -3.556439        -3.538709        -3.505193        -3.455784        -3.439564
     -3.429067        -3.415768        -3.399736        -3.393182        -3.379290
     -3.369245        -3.365032        -3.348748        -3.305358        -3.296762
     -3.290179        -3.274583        -3.253271        -3.235253        -3.231543
     -3.220081        -3.214516        -3.186852        -3.180193        -3.165535
     -3.144738        -3.115745        -3.104215        -3.094197        -3.088751
     -3.084075        -3.055630        -3.045964        -3.008033        -3.002385
     -2.999451        -2.970450        -2.963961        -2.953429        -2.882770
     -2.876936        -2.866273        -2.861385        -2.831348        -2.821925
     -2.812832        -2.811480        -2.794402        -2.776455        -2.771250
     -2.758366        -2.737928        -2.693079        -2.667595        -2.658877
     -2.649816        -2.626189        -2.623271        -2.618240        -2.582197
     -2.561283        -2.558486        -2.525439        -2.513036        -2.509999
     -2.501365        -2.457450        -2.434282        -2.424234        -2.413000
     -2.390597        -2.366326        -2.363198        -2.344072        -2.323755
     -2.316352        -2.293694        -2.279921        -2.228817        -2.182825
     -2.146982        -2.088827        -2.051596        -2.013197        -1.993829
     -1.979072        -1.970720        -1.928935        -1.884740        -1.651903
      2.348248         2.378570         2.623613         2.738789         2.771168
      2.907750         3.155870         3.214761         3.238329         3.292685
      3.414786         3.462135         3.488525         3.517746         3.581138
      3.608402         3.667564         3.729412         3.750640         3.805589
      3.834611         3.855140         3.937710         3.954421         3.971572
      3.991128         4.012699         4.050202         4.082531         4.097666
      4.115312         4.147397         4.166889         4.200031         4.221024
      4.231124         4.254293         4.273069         4.287641         4.320048
      4.334169         4.359936         4.384873         4.388166         4.406466
      4.434664         4.477691         4.506460         4.534868         4.563474
      4.591384         4.599053         4.644461         4.654254         4.663990
      4.684862         4.724725         4.747424
 *********************************
 total computation time (sec)=   1996.84481501579     
