 AEM_Eatom=  0.185959858939862     
 AEM_Egroup=  1.173576808009491E-002
 AEM_Etot=  4.987957505359021E-003
 AEM_F=  0.759671114579012     
