 AEM_Eatom=  8.933806935855208E-003
 AEM_Egroup=  1.116876269527576E-003
 AEM_Etot=  9.608749807014844E-004
 AEM_F=  0.501524270663316     
