 AEM_Eatom=  5.948007127574474E-003
 AEM_Egroup=  3.895110413657080E-004
 AEM_Etot=  6.884546462937832E-004
 AEM_F=  0.502459763297708     
