  1     1 
  0.50000E+00   0.14000E+01    0.5010411812000E+00  0.5007599940000E+00  0.2942771367333E+00
  1     2 
  0.50000E+00   0.34000E+01    0.5010411812000E+00  0.5007599940000E+00  0.2942771367333E+00
  1     3 
  0.50000E+00   0.14000E+01    0.5010411812000E+00  0.5007599940000E+00  0.6942771367333E+00
  1     4 
  0.50000E+00   0.34000E+01    0.5010411812000E+00  0.5007599940000E+00  0.6942771367333E+00
  1     5 
  0.50000E+00   0.14000E+01    0.5426604498968E+00  0.5007599940000E+00  0.2917096102473E+00
  1     6 
  0.50000E+00   0.34000E+01    0.5426604498968E+00  0.5007599940000E+00  0.2917096102473E+00
  1     7 
  0.50000E+00   0.14000E+01    0.5374580413097E+00  0.5007599940000E+00  0.6840237224086E+00
  1     8 
  0.50000E+00   0.34000E+01    0.5374580413097E+00  0.5007599940000E+00  0.6840237224086E+00
  1     9 
  0.50000E+00   0.14000E+01    0.5010411812000E+00  0.5449804669903E+00  0.2786324731753E+00
  1    10 
  0.50000E+00   0.34000E+01    0.5010411812000E+00  0.5449804669903E+00  0.2786324731753E+00
  1    11 
  0.50000E+00   0.14000E+01    0.5010411812000E+00  0.5397780584032E+00  0.6971008594806E+00
  1    12 
  0.50000E+00   0.34000E+01    0.5010411812000E+00  0.5397780584032E+00  0.6971008594806E+00
  1    13 
  0.50000E+00   0.14000E+01    0.4620231167968E+00  0.5007599940000E+00  0.3047867473194E+00
  1    14 
  0.50000E+00   0.34000E+01    0.4620231167968E+00  0.5007599940000E+00  0.3047867473194E+00
  1    15 
  0.50000E+00   0.14000E+01    0.4633237189435E+00  0.5007599940000E+00  0.6905622909446E+00
  1    16 
  0.50000E+00   0.34000E+01    0.4633237189435E+00  0.5007599940000E+00  0.6905622909446E+00
  1    17 
  0.50000E+00   0.14000E+01    0.5010411812000E+00  0.4578401231565E+00  0.2851710417113E+00
  1    18 
  0.50000E+00   0.34000E+01    0.5010411812000E+00  0.4578401231565E+00  0.2851710417113E+00
  1    19 
  0.50000E+00   0.14000E+01    0.5010411812000E+00  0.4656437360371E+00  0.6774851538726E+00
  1    20 
  0.50000E+00   0.34000E+01    0.5010411812000E+00  0.4656437360371E+00  0.6774851538726E+00
  1    21 
  0.50000E+00   0.14000E+01    0.5426604498968E+00  0.5007599940000E+00  0.2917096102473E+00
  1    22 
  0.50000E+00   0.34000E+01    0.5426604498968E+00  0.5007599940000E+00  0.2917096102473E+00
  1    23 
  0.50000E+00   0.14000E+01    0.5374580413097E+00  0.5007599940000E+00  0.6840237224086E+00
  1    24 
  0.50000E+00   0.34000E+01    0.5374580413097E+00  0.5007599940000E+00  0.6840237224086E+00
  1    25 
  0.50000E+00   0.14000E+01    0.5801290905555E+00  0.5007599940000E+00  0.3100087000143E+00
  1    26 
  0.50000E+00   0.34000E+01    0.5801290905555E+00  0.5007599940000E+00  0.3100087000143E+00
  1    27 
  0.50000E+00   0.14000E+01    0.5699241990257E+00  0.5007599940000E+00  0.6672421192520E+00
  1    28 
  0.50000E+00   0.34000E+01    0.5699241990257E+00  0.5007599940000E+00  0.6672421192520E+00
  1    29 
  0.50000E+00   0.14000E+01    0.5623767392166E+00  0.5620955520166E+00  0.2915311093641E+00
  1    30 
  0.50000E+00   0.34000E+01    0.5623767392166E+00  0.5620955520166E+00  0.2915311093641E+00
  1    31 
  0.50000E+00   0.14000E+01    0.5533568042141E+00  0.5530756170141E+00  0.6795605130188E+00
  1    32 
  0.50000E+00   0.34000E+01    0.5533568042141E+00  0.5530756170141E+00  0.6795605130188E+00
  1    33 
  0.50000E+00   0.14000E+01    0.5010411812000E+00  0.5900527948852E+00  0.2853719124807E+00
  1    34 
  0.50000E+00   0.34000E+01    0.5010411812000E+00  0.5900527948852E+00  0.2853719124807E+00
  1    35 
  0.50000E+00   0.14000E+01    0.5010411812000E+00  0.5798479033555E+00  0.6918789067857E+00
  1    36 
  0.50000E+00   0.34000E+01    0.5010411812000E+00  0.5798479033555E+00  0.6918789067857E+00
  1    37 
  0.50000E+00   0.14000E+01    0.4433135971844E+00  0.5584875780156E+00  0.3038495031309E+00
  1    38 
  0.50000E+00   0.34000E+01    0.4433135971844E+00  0.5584875780156E+00  0.3038495031309E+00
  1    39 
  0.50000E+00   0.14000E+01    0.4469215711854E+00  0.5548796040146E+00  0.6857197099023E+00
  1    40 
  0.50000E+00   0.34000E+01    0.4469215711854E+00  0.5548796040146E+00  0.6857197099023E+00
  1    41 
  0.50000E+00   0.14000E+01    0.4321581633743E+00  0.5007599940000E+00  0.3346454875480E+00
  1    42 
  0.50000E+00   0.34000E+01    0.4321581633743E+00  0.5007599940000E+00  0.3346454875480E+00
  1    43 
  0.50000E+00   0.14000E+01    0.4296069404919E+00  0.5007599940000E+00  0.6734013161354E+00
  1    44 
  0.50000E+00   0.34000E+01    0.4296069404919E+00  0.5007599940000E+00  0.6734013161354E+00
  1    45 
  0.50000E+00   0.14000E+01    0.4487255581859E+00  0.4484443709859E+00  0.3223270937812E+00
  1    46 
  0.50000E+00   0.34000E+01    0.4487255581859E+00  0.4484443709859E+00  0.3223270937812E+00
  1    47 
  0.50000E+00   0.14000E+01    0.4541375191873E+00  0.4538563319873E+00  0.6610829223686E+00
  1    48 
  0.50000E+00   0.34000E+01    0.4541375191873E+00  0.4538563319873E+00  0.6610829223686E+00
  1    49 
  0.50000E+00   0.14000E+01    0.5010411812000E+00  0.4114671931148E+00  0.2853719124807E+00
  1    50 
  0.50000E+00   0.34000E+01    0.5010411812000E+00  0.4114671931148E+00  0.2853719124807E+00
  1    51 
  0.50000E+00   0.14000E+01    0.5010411812000E+00  0.4395306448216E+00  0.6487645286018E+00
  1    52 
  0.50000E+00   0.34000E+01    0.5010411812000E+00  0.4395306448216E+00  0.6487645286018E+00
  1    53 
  0.50000E+00   0.14000E+01    0.5641807262171E+00  0.4376204489829E+00  0.2853719124807E+00
  1    54 
  0.50000E+00   0.34000E+01    0.5641807262171E+00  0.4376204489829E+00  0.2853719124807E+00
  1    55 
  0.50000E+00   0.14000E+01    0.5479448432127E+00  0.4538563319873E+00  0.6610829223686E+00
  1    56 
  0.50000E+00   0.34000E+01    0.5479448432127E+00  0.4538563319873E+00  0.6610829223686E+00
  1    57 
  0.50000E+00   0.14000E+01    0.5801290905555E+00  0.5007599940000E+00  0.3100087000143E+00
  1    58 
  0.50000E+00   0.34000E+01    0.5801290905555E+00  0.5007599940000E+00  0.3100087000143E+00
  1    59 
  0.50000E+00   0.14000E+01    0.5699241990257E+00  0.5007599940000E+00  0.6672421192520E+00
  1    60 
  0.50000E+00   0.34000E+01    0.5699241990257E+00  0.5007599940000E+00  0.6672421192520E+00
  1    61 
  0.50000E+00   0.14000E+01    0.6121552278039E+00  0.5007599940000E+00  0.3346498809395E+00
  1    62 
  0.50000E+00   0.34000E+01    0.6121552278039E+00  0.5007599940000E+00  0.3346498809395E+00
  1    63 
  0.50000E+00   0.14000E+01    0.6010438231435E+00  0.5007599940000E+00  0.6506083336145E+00
  1    64 
  0.50000E+00   0.34000E+01    0.6010438231435E+00  0.5007599940000E+00  0.6506083336145E+00
  1    65 
  0.50000E+00   0.14000E+01    0.6068915269839E+00  0.5618727196322E+00  0.3180204886934E+00
  1    66 
  0.50000E+00   0.34000E+01    0.6068915269839E+00  0.5618727196322E+00  0.3180204886934E+00
  1    67 
  0.50000E+00   0.14000E+01    0.5876460095687E+00  0.5507613149718E+00  0.6506083336145E+00
  1    68 
  0.50000E+00   0.34000E+01    0.5876460095687E+00  0.5507613149718E+00  0.6506083336145E+00
  1    69 
  0.50000E+00   0.14000E+01    0.5658577083856E+00  0.6130255122557E+00  0.3069342271961E+00
  1    70 
  0.50000E+00   0.34000E+01    0.5658577083856E+00  0.6130255122557E+00  0.3069342271961E+00
  1    71 
  0.50000E+00   0.14000E+01    0.5547463037252E+00  0.5937799948404E+00  0.6616945951118E+00
  1    72 
  0.50000E+00   0.34000E+01    0.5547463037252E+00  0.5937799948404E+00  0.6616945951118E+00
  1    73 
  0.50000E+00   0.14000E+01    0.5010411812000E+00  0.6303930483712E+00  0.3069342271961E+00
  1    74 
  0.50000E+00   0.34000E+01    0.5010411812000E+00  0.6303930483712E+00  0.3069342271961E+00
  1    75 
  0.50000E+00   0.14000E+01    0.5010411812000E+00  0.6118740406039E+00  0.6672377258605E+00
  1    76 
  0.50000E+00   0.34000E+01    0.5010411812000E+00  0.6118740406039E+00  0.6672377258605E+00
  1    77 
  0.50000E+00   0.14000E+01    0.4417803563446E+00  0.6034027535480E+00  0.3235636194421E+00
  1    78 
  0.50000E+00   0.34000E+01    0.4417803563446E+00  0.6034027535480E+00  0.3235636194421E+00
  1    79 
  0.50000E+00   0.14000E+01    0.4454841578980E+00  0.5969875810763E+00  0.6672377258605E+00
  1    80 
  0.50000E+00   0.34000E+01    0.4454841578980E+00  0.5969875810763E+00  0.6672377258605E+00
  1    81 
  0.50000E+00   0.14000E+01    0.4112287665955E+00  0.5526132157485E+00  0.3457361424369E+00
  1    82 
  0.50000E+00   0.34000E+01    0.4112287665955E+00  0.5526132157485E+00  0.3457361424369E+00
  1    83 
  0.50000E+00   0.14000E+01    0.3983984216520E+00  0.5600208188554E+00  0.6783239873579E+00
  1    84 
  0.50000E+00   0.34000E+01    0.3983984216520E+00  0.5600208188554E+00  0.6783239873579E+00
  1    85 
  0.50000E+00   0.14000E+01    0.4010385392565E+00  0.5007599940000E+00  0.3512792731855E+00
  1    86 
  0.50000E+00   0.34000E+01    0.4010385392565E+00  0.5007599940000E+00  0.3512792731855E+00
  1    87 
  0.50000E+00   0.14000E+01    0.3677043252753E+00  0.5007599940000E+00  0.7004965103526E+00
  1    88 
  0.50000E+00   0.34000E+01    0.3677043252753E+00  0.5007599940000E+00  0.7004965103526E+00
  1    89 
  0.50000E+00   0.14000E+01    0.4144363528313E+00  0.4507586730282E+00  0.3512792731855E+00
  1    90 
  0.50000E+00   0.34000E+01    0.4144363528313E+00  0.4507586730282E+00  0.3512792731855E+00
  1    91 
  0.50000E+00   0.14000E+01    0.4112287665955E+00  0.4489067722515E+00  0.6561514643631E+00
  1    92 
  0.50000E+00   0.34000E+01    0.4112287665955E+00  0.4489067722515E+00  0.6561514643631E+00
  1    93 
  0.50000E+00   0.14000E+01    0.4454841578980E+00  0.4045324069237E+00  0.3346498809395E+00
  1    94 
  0.50000E+00   0.34000E+01    0.4454841578980E+00  0.4045324069237E+00  0.3346498809395E+00
  1    95 
  0.50000E+00   0.14000E+01    0.4602993641119E+00  0.4301930968107E+00  0.6228926798710E+00
  1    96 
  0.50000E+00   0.34000E+01    0.4602993641119E+00  0.4301930968107E+00  0.6228926798710E+00
  1    97 
  0.50000E+00   0.14000E+01    0.5010411812000E+00  0.3711269396288E+00  0.3069342271961E+00
  1    98 
  0.50000E+00   0.34000E+01    0.5010411812000E+00  0.3711269396288E+00  0.3069342271961E+00
  1    99 
  0.50000E+00   0.14000E+01    0.5010411812000E+00  0.4155725582703E+00  0.6284358106197E+00
  1   100 
  0.50000E+00   0.34000E+01    0.5010411812000E+00  0.4155725582703E+00  0.6284358106197E+00
  1   101 
  0.50000E+00   0.14000E+01    0.5695615099391E+00  0.3820793032726E+00  0.2958479656987E+00
  1   102 
  0.50000E+00   0.34000E+01    0.5695615099391E+00  0.3820793032726E+00  0.2958479656987E+00
  1   103 
  0.50000E+00   0.14000E+01    0.5547463037252E+00  0.4077399931596E+00  0.6616945951118E+00
  1   104 
  0.50000E+00   0.34000E+01    0.5547463037252E+00  0.4077399931596E+00  0.6616945951118E+00
  1   105 
  0.50000E+00   0.14000E+01    0.6133066994557E+00  0.4359434668144E+00  0.3069342271961E+00
  1   106 
  0.50000E+00   0.34000E+01    0.6133066994557E+00  0.4359434668144E+00  0.3069342271961E+00
  1   107 
  0.50000E+00   0.14000E+01    0.5972687682763E+00  0.4452029706980E+00  0.6672377258605E+00
  1   108 
  0.50000E+00   0.34000E+01    0.5972687682763E+00  0.4452029706980E+00  0.6672377258605E+00
  1   109 
  0.50000E+00   0.14000E+01    0.6121552278039E+00  0.5007599940000E+00  0.3346498809395E+00
  1   110 
  0.50000E+00   0.34000E+01    0.6121552278039E+00  0.5007599940000E+00  0.3346498809395E+00
  1   111 
  0.50000E+00   0.14000E+01    0.6010438231435E+00  0.5007599940000E+00  0.6506083336145E+00
  1   112 
  0.50000E+00   0.34000E+01    0.6010438231435E+00  0.5007599940000E+00  0.6506083336145E+00
  1   113 
  0.50000E+00   0.14000E+01    0.6330344470215E+00  0.5007599940000E+00  0.3689505375785E+00
  1   114 
  0.50000E+00   0.34000E+01    0.6330344470215E+00  0.5007599940000E+00  0.3689505375785E+00
  1   115 
  0.50000E+00   0.14000E+01    0.6377484922294E+00  0.5007599940000E+00  0.6376511144294E+00
  1   116 
  0.50000E+00   0.34000E+01    0.6377484922294E+00  0.5007599940000E+00  0.6376511144294E+00
  1   117 
  0.50000E+00   0.14000E+01    0.6273422678047E+00  0.5530756170141E+00  0.3642364923706E+00
  1   118 
  0.50000E+00   0.34000E+01    0.6273422678047E+00  0.5530756170141E+00  0.3642364923706E+00
  1   119 
  0.50000E+00   0.14000E+01    0.6316974776876E+00  0.5548796040146E+00  0.6423651596373E+00
  1   120 
  0.50000E+00   0.34000E+01    0.6316974776876E+00  0.5548796040146E+00  0.6423651596373E+00
  1   121 
  0.50000E+00   0.14000E+01    0.6077078478667E+00  0.6074266606667E+00  0.3500943567469E+00
  1   122 
  0.50000E+00   0.34000E+01    0.6077078478667E+00  0.6074266606667E+00  0.3500943567469E+00
  1   123 
  0.50000E+00   0.14000E+01    0.5943745145333E+00  0.5940933273333E+00  0.6329370692215E+00
  1   124 
  0.50000E+00   0.34000E+01    0.5943745145333E+00  0.5940933273333E+00  0.6329370692215E+00
  1   125 
  0.50000E+00   0.14000E+01    0.5623767392166E+00  0.6488371300193E+00  0.3406662663310E+00
  1   126 
  0.50000E+00   0.34000E+01    0.5623767392166E+00  0.6488371300193E+00  0.3406662663310E+00
  1   127 
  0.50000E+00   0.14000E+01    0.5515528172136E+00  0.6227058707218E+00  0.6329370692215E+00
  1   128 
  0.50000E+00   0.34000E+01    0.5515528172136E+00  0.6227058707218E+00  0.6329370692215E+00
  1   129 
  0.50000E+00   0.14000E+01    0.5010411812000E+00  0.6563234858610E+00  0.3453803115390E+00
  1   130 
  0.50000E+00   0.34000E+01    0.5010411812000E+00  0.6563234858610E+00  0.3453803115390E+00
  1   131 
  0.50000E+00   0.14000E+01    0.5010411812000E+00  0.6374673050294E+00  0.6376511144294E+00
  1   132 
  0.50000E+00   0.34000E+01    0.5010411812000E+00  0.6374673050294E+00  0.6376511144294E+00
  1   133 
  0.50000E+00   0.14000E+01    0.4451175841849E+00  0.6357715003706E+00  0.3548084019548E+00
  1   134 
  0.50000E+00   0.34000E+01    0.4451175841849E+00  0.6357715003706E+00  0.3548084019548E+00
  1   135 
  0.50000E+00   0.14000E+01    0.4487255581859E+00  0.6270610806047E+00  0.6376511144294E+00
  1   136 
  0.50000E+00   0.34000E+01    0.4487255581859E+00  0.6270610806047E+00  0.6376511144294E+00
  1   137 
  0.50000E+00   0.14000E+01    0.4077078478667E+00  0.5940933273333E+00  0.3689505375785E+00
  1   138 
  0.50000E+00   0.34000E+01    0.4077078478667E+00  0.5940933273333E+00  0.3689505375785E+00
  1   139 
  0.50000E+00   0.14000E+01    0.4010411812000E+00  0.6007599940000E+00  0.6423651596373E+00
  1   140 
  0.50000E+00   0.34000E+01    0.4010411812000E+00  0.6007599940000E+00  0.6423651596373E+00
  1   141 
  0.50000E+00   0.14000E+01    0.3878057242440E+00  0.5476636560127E+00  0.3783786279943E+00
  1   142 
  0.50000E+00   0.34000E+01    0.3878057242440E+00  0.5476636560127E+00  0.3783786279943E+00
  1   143 
  0.50000E+00   0.14000E+01    0.3268327858831E+00  0.5729194740195E+00  0.6895056117164E+00
  1   144 
  0.50000E+00   0.34000E+01    0.3268327858831E+00  0.5729194740195E+00  0.6895056117164E+00
  1   145 
  0.50000E+00   0.14000E+01    0.3643338701706E+00  0.5007599940000E+00  0.3642364923706E+00
  1   146 
  0.50000E+00   0.34000E+01    0.3643338701706E+00  0.5007599940000E+00  0.3642364923706E+00
  1   147 
  0.50000E+00   0.14000E+01    0.3077653276757E+00  0.5007599940000E+00  0.6942196569243E+00
  1   148 
  0.50000E+00   0.34000E+01    0.3077653276757E+00  0.5007599940000E+00  0.6942196569243E+00
  1   149 
  0.50000E+00   0.14000E+01    0.3747400945953E+00  0.4484443709859E+00  0.3642364923706E+00
  1   150 
  0.50000E+00   0.34000E+01    0.3747400945953E+00  0.4484443709859E+00  0.3642364923706E+00
  1   151 
  0.50000E+00   0.14000E+01    0.3442536254148E+00  0.4358164619825E+00  0.6706494308848E+00
  1   152 
  0.50000E+00   0.34000E+01    0.3442536254148E+00  0.4358164619825E+00  0.6706494308848E+00
  1   153 
  0.50000E+00   0.14000E+01    0.4077078478667E+00  0.4074266606667E+00  0.3689505375785E+00
  1   154 
  0.50000E+00   0.34000E+01    0.4077078478667E+00  0.4074266606667E+00  0.3689505375785E+00
  1   155 
  0.50000E+00   0.14000E+01    0.4177078478667E+00  0.4174266606667E+00  0.6187949335978E+00
  1   156 
  0.50000E+00   0.34000E+01    0.4177078478667E+00  0.4174266606667E+00  0.6187949335978E+00
  1   157 
  0.50000E+00   0.14000E+01    0.4469215711854E+00  0.3701036975124E+00  0.3595224471627E+00
  1   158 
  0.50000E+00   0.34000E+01    0.4469215711854E+00  0.3701036975124E+00  0.3595224471627E+00
  1   159 
  0.50000E+00   0.14000E+01    0.4649614411903E+00  0.4136557963416E+00  0.5952247075582E+00
  1   160 
  0.50000E+00   0.34000E+01    0.4649614411903E+00  0.4136557963416E+00  0.5952247075582E+00
  1   161 
  0.50000E+00   0.14000E+01    0.5010411812000E+00  0.3404824569310E+00  0.3406662663310E+00
  1   162 
  0.50000E+00   0.34000E+01    0.5010411812000E+00  0.3404824569310E+00  0.3406662663310E+00
  1   163 
  0.50000E+00   0.14000E+01    0.5010411812000E+00  0.3876229090102E+00  0.6140808883898E+00
  1   164 
  0.50000E+00   0.34000E+01    0.5010411812000E+00  0.3876229090102E+00  0.6140808883898E+00
  1   165 
  0.50000E+00   0.14000E+01    0.5659847132175E+00  0.3439724382148E+00  0.3312381759152E+00
  1   166 
  0.50000E+00   0.34000E+01    0.5659847132175E+00  0.3439724382148E+00  0.3312381759152E+00
  1   167 
  0.50000E+00   0.14000E+01    0.5551607912146E+00  0.3701036975124E+00  0.6423651596373E+00
  1   168 
  0.50000E+00   0.34000E+01    0.5551607912146E+00  0.3701036975124E+00  0.6423651596373E+00
  1   169 
  0.50000E+00   0.14000E+01    0.6210411812000E+00  0.3807599940000E+00  0.3312381759152E+00
  1   170 
  0.50000E+00   0.34000E+01    0.6210411812000E+00  0.3807599940000E+00  0.3312381759152E+00
  1   171 
  0.50000E+00   0.14000E+01    0.6110411812000E+00  0.3907599940000E+00  0.6565072952610E+00
  1   172 
  0.50000E+00   0.34000E+01    0.6110411812000E+00  0.3907599940000E+00  0.6565072952610E+00
  1   173 
  0.50000E+00   0.14000E+01    0.6447631073364E+00  0.4412284229839E+00  0.3453803115390E+00
  1   174 
  0.50000E+00   0.34000E+01    0.6447631073364E+00  0.4412284229839E+00  0.3453803115390E+00
  1   175 
  0.50000E+00   0.14000E+01    0.6447631073364E+00  0.4412284229839E+00  0.6565072952610E+00
  1   176 
  0.50000E+00   0.34000E+01    0.6447631073364E+00  0.4412284229839E+00  0.6565072952610E+00
  1   177 
  0.50000E+00   0.14000E+01    0.6330344470215E+00  0.5007599940000E+00  0.3689505375785E+00
  1   178 
  0.50000E+00   0.34000E+01    0.6330344470215E+00  0.5007599940000E+00  0.3689505375785E+00
  1   179 
  0.50000E+00   0.14000E+01    0.6377484922294E+00  0.5007599940000E+00  0.6376511144294E+00
  1   180 
  0.50000E+00   0.34000E+01    0.6377484922294E+00  0.5007599940000E+00  0.6376511144294E+00
  1   181 
  0.50000E+00   0.14000E+01    0.6340763191684E+00  0.5007599940000E+00  0.4120525661169E+00
  1   182 
  0.50000E+00   0.34000E+01    0.6340763191684E+00  0.5007599940000E+00  0.4120525661169E+00
