  2   399 
  0.50000E+00   0.14000E+01     0.34583352   0.39705355   0.50094380
  0.50000E+00   0.14000E+01     0.41519805   0.12465665   0.57767933
  2   400 
  0.50000E+00   0.14000E+01     0.41519805   0.12465665   0.57767933
  0.50000E+00   0.14000E+01     0.43295370   0.35937487   0.46972935
  2   401 
  0.50000E+00   0.14000E+01     0.43295370   0.35937487   0.46972935
  0.50000E+00   0.34000E+01     0.88351916   0.41346189   0.42290767
  2   402 
  0.50000E+00   0.34000E+01     0.88351916   0.41346189   0.42290767
  0.50000E+00   0.14000E+01     0.41632875   0.61735666   0.40464496
  2   403 
  0.50000E+00   0.14000E+01     0.41632875   0.61735666   0.40464496
  0.50000E+00   0.14000E+01     0.72326927   0.50075999   0.16835596
  2   404 
  0.50000E+00   0.14000E+01     0.72326927   0.50075999   0.16835596
  0.50000E+00   0.34000E+01     0.54794484   0.45385633   0.66108292
  2   405 
  0.50000E+00   0.34000E+01     0.54794484   0.45385633   0.66108292
  0.50000E+00   0.34000E+01     0.60210356   0.81179800   0.71946810
  2   406 
  0.50000E+00   0.34000E+01     0.60210356   0.81179800   0.71946810
  0.50000E+00   0.14000E+01     0.37474009   0.37445891   0.42695834
  2   407 
  0.50000E+00   0.14000E+01     0.37474009   0.37445891   0.42695834
  0.50000E+00   0.34000E+01     0.76562591   0.30852793   0.28241951
  2   408 
  0.50000E+00   0.34000E+01     0.76562591   0.30852793   0.28241951
  0.50000E+00   0.14000E+01     0.63774849   0.50075999   0.63765111
  2   409 
  0.50000E+00   0.14000E+01     0.63774849   0.50075999   0.63765111
  0.50000E+00   0.14000E+01     0.40698825   0.14974968   0.65146595
  2   410 
  0.50000E+00   0.14000E+01     0.40698825   0.14974968   0.65146595
  0.50000E+00   0.34000E+01     0.64902925   0.60827962   0.62316925
  2   411 
  0.50000E+00   0.34000E+01     0.64902925   0.60827962   0.62316925
  0.50000E+00   0.34000E+01     0.66842292   0.84833175   0.42420828
  2   412 
  0.50000E+00   0.34000E+01     0.66842292   0.84833175   0.42420828
  0.50000E+00   0.34000E+01     0.41214994   0.36772486   0.50094380
  2   413 
  0.50000E+00   0.34000E+01     0.41214994   0.36772486   0.50094380
  0.50000E+00   0.14000E+01     0.72326927   0.83334784   0.50094380
  2   414 
  0.50000E+00   0.14000E+01     0.72326927   0.83334784   0.50094380
  0.50000E+00   0.34000E+01     0.33474726   0.50075999   0.38982976
  2   415 
  0.50000E+00   0.34000E+01     0.33474726   0.50075999   0.38982976
  0.50000E+00   0.14000E+01     0.15346943   0.66814173   0.57767933
  2   416 
  0.50000E+00   0.14000E+01     0.15346943   0.66814173   0.57767933
  0.50000E+00   0.14000E+01     0.45413752   0.45385633   0.66108292
  2   417 
  0.50000E+00   0.14000E+01     0.45413752   0.45385633   0.66108292
  0.50000E+00   0.34000E+01     0.58688432   0.87686334   0.42420828
  2   418 
  0.50000E+00   0.34000E+01     0.58688432   0.87686334   0.42420828
  0.50000E+00   0.34000E+01     0.39839842   0.56002082   0.67832399
  2   419 
  0.50000E+00   0.34000E+01     0.39839842   0.56002082   0.67832399
  0.50000E+00   0.14000E+01     0.69327324   0.76534473   0.71946810
  2   420 
  0.50000E+00   0.14000E+01     0.69327324   0.76534473   0.71946810
  0.50000E+00   0.34000E+01     0.72335251   0.50075999   0.54516428
  2   421 
  0.50000E+00   0.34000E+01     0.72335251   0.50075999   0.54516428
  0.50000E+00   0.14000E+01     0.50104118   0.34768662   0.13139199
  2   422 
  0.50000E+00   0.14000E+01     0.50104118   0.34768662   0.13139199
  0.50000E+00   0.14000E+01     0.50104118   0.57984790   0.69187891
  2   423 
  0.50000E+00   0.14000E+01     0.50104118   0.57984790   0.69187891
  0.50000E+00   0.34000E+01     0.72326927   0.83334784   0.50094380
  2   424 
  0.50000E+00   0.34000E+01     0.72326927   0.83334784   0.50094380
  0.50000E+00   0.14000E+01     0.41950657   0.60300117   0.47493176
  2   425 
  0.50000E+00   0.14000E+01     0.41950657   0.60300117   0.47493176
  0.50000E+00   0.14000E+01     0.19942972   0.74128711   0.57767933
  2   426 
  0.50000E+00   0.14000E+01     0.19942972   0.74128711   0.57767933
  0.50000E+00   0.14000E+01     0.41950657   0.60300117   0.47493176
  2   427 
  0.50000E+00   0.14000E+01     0.41950657   0.60300117   0.47493176
  0.50000E+00   0.14000E+01     0.23645645   0.30852793   0.71946810
  2   428 
  0.50000E+00   0.14000E+01     0.23645645   0.30852793   0.71946810
  0.50000E+00   0.34000E+01     0.33446002   0.54539528   0.42950956
  2   429 
  0.50000E+00   0.34000E+01     0.33446002   0.54539528   0.42950956
  0.50000E+00   0.14000E+01     0.65411455   0.13120818   0.50094380
  2   430 
  0.50000E+00   0.14000E+01     0.65411455   0.13120818   0.50094380
  0.50000E+00   0.14000E+01     0.41307058   0.37967885   0.40094116
  2   431 
  0.50000E+00   0.14000E+01     0.41307058   0.37967885   0.40094116
  0.50000E+00   0.14000E+01     0.40698825   0.85177031   0.35042165
  2   432 
  0.50000E+00   0.14000E+01     0.40698825   0.85177031   0.35042165
  0.50000E+00   0.14000E+01     0.54266045   0.50075999   0.29170961
  2   433 
  0.50000E+00   0.14000E+01     0.54266045   0.50075999   0.29170961
  0.50000E+00   0.34000E+01     0.83362903   0.27853190   0.50094380
  2   434 
  0.50000E+00   0.34000E+01     0.83362903   0.27853190   0.50094380
  0.50000E+00   0.34000E+01     0.50104118   0.41557256   0.62843581
  2   435 
  0.50000E+00   0.34000E+01     0.50104118   0.41557256   0.62843581
  0.50000E+00   0.14000E+01     0.69770785   0.69742666   0.77907247
  2   436 
  0.50000E+00   0.14000E+01     0.69770785   0.69742666   0.77907247
  0.50000E+00   0.14000E+01     0.66973912   0.63529211   0.45802393
  2   437 
  0.50000E+00   0.14000E+01     0.66973912   0.63529211   0.45802393
  0.50000E+00   0.34000E+01     0.50104118   0.34768662   0.13139199
  2   438 
  0.50000E+00   0.34000E+01     0.50104118   0.34768662   0.13139199
  0.50000E+00   0.14000E+01     0.40103854   0.50075999   0.35127927
  2   439 
  0.50000E+00   0.14000E+01     0.40103854   0.50075999   0.35127927
  0.50000E+00   0.34000E+01     0.34796781   0.50075999   0.13139199
  2   440 
  0.50000E+00   0.34000E+01     0.34796781   0.50075999   0.13139199
  0.50000E+00   0.34000E+01     0.42960694   0.50075999   0.67340132
  2   441 
  0.50000E+00   0.34000E+01     0.42960694   0.50075999   0.67340132
  0.50000E+00   0.34000E+01     0.30437451   0.30409333   0.22281514
  2   442 
  0.50000E+00   0.34000E+01     0.30437451   0.30409333   0.22281514
  0.50000E+00   0.14000E+01     0.42097162   0.36207545   0.43461201
  2   443 
  0.50000E+00   0.14000E+01     0.42097162   0.36207545   0.43461201
  0.50000E+00   0.14000E+01     0.39460595   0.24380261   0.22281514
  2   444 
  0.50000E+00   0.14000E+01     0.39460595   0.24380261   0.22281514
  0.50000E+00   0.14000E+01     0.26306809   0.43699530   0.60299272
  2   445 
  0.50000E+00   0.14000E+01     0.26306809   0.43699530   0.60299272
  0.50000E+00   0.14000E+01     0.75799856   0.39432476   0.22281514
  2   446 
  0.50000E+00   0.14000E+01     0.75799856   0.39432476   0.22281514
  0.50000E+00   0.34000E+01     0.40770785   0.59409333   0.36895054
  2   447 
  0.50000E+00   0.34000E+01     0.40770785   0.59409333   0.36895054
  0.50000E+00   0.34000E+01     0.69349636   0.61187404   0.83353165
  2   448 
  0.50000E+00   0.34000E+01     0.69349636   0.61187404   0.83353165
  0.50000E+00   0.34000E+01     0.26306809   0.43699530   0.60299272
  2   449 
  0.50000E+00   0.34000E+01     0.26306809   0.43699530   0.60299272
  0.50000E+00   0.34000E+01     0.50104118   0.11498445   0.57767933
  2   450 
  0.50000E+00   0.34000E+01     0.50104118   0.11498445   0.57767933
  0.50000E+00   0.14000E+01     0.55474630   0.59377999   0.66169460
  2   451 
  0.50000E+00   0.14000E+01     0.55474630   0.59377999   0.66169460
  0.50000E+00   0.34000E+01     0.18633394   0.68245630   0.65146595
  2   452 
  0.50000E+00   0.34000E+01     0.18633394   0.68245630   0.65146595
  0.50000E+00   0.14000E+01     0.50104118   0.36772486   0.58983504
  2   453 
  0.50000E+00   0.14000E+01     0.50104118   0.36772486   0.58983504
  0.50000E+00   0.34000E+01     0.66842292   0.15318824   0.57767933
  2   454 
  0.50000E+00   0.34000E+01     0.66842292   0.15318824   0.57767933
  0.50000E+00   0.34000E+01     0.44548416   0.40453241   0.33464988
  2   455 
  0.50000E+00   0.34000E+01     0.44548416   0.40453241   0.33464988
  0.50000E+00   0.14000E+01     0.19942972   0.26023288   0.42420828
  2   456 
  0.50000E+00   0.14000E+01     0.19942972   0.26023288   0.42420828
  0.50000E+00   0.34000E+01     0.63149657   0.66434587   0.54256307
  2   457 
  0.50000E+00   0.34000E+01     0.63149657   0.66434587   0.54256307
  0.50000E+00   0.14000E+01     0.39997881   0.18972199   0.71946810
  2   458 
  0.50000E+00   0.14000E+01     0.39997881   0.18972199   0.71946810
  0.50000E+00   0.14000E+01     0.46202312   0.50075999   0.30478675
  2   459 
  0.50000E+00   0.14000E+01     0.46202312   0.50075999   0.30478675
  0.50000E+00   0.14000E+01     0.17399647   0.50075999   0.28241951
  2   460 
  0.50000E+00   0.14000E+01     0.17399647   0.50075999   0.28241951
  0.50000E+00   0.34000E+01     0.55155282   0.62270587   0.63293707
  2   461 
  0.50000E+00   0.34000E+01     0.55155282   0.62270587   0.63293707
  0.50000E+00   0.14000E+01     0.50104118   0.72298809   0.16835596
  2   462 
  0.50000E+00   0.14000E+01     0.50104118   0.72298809   0.16835596
  0.50000E+00   0.34000E+01     0.59552813   0.63081012   0.60835405
  2   463 
  0.50000E+00   0.34000E+01     0.59552813   0.63081012   0.60835405
  0.50000E+00   0.14000E+01     0.88681672   0.57749552   0.50094380
  2   464 
  0.50000E+00   0.14000E+01     0.88681672   0.57749552   0.50094380
  0.50000E+00   0.34000E+01     0.40958177   0.59221940   0.44736812
  2   465 
  0.50000E+00   0.34000E+01     0.40958177   0.59221940   0.44736812
  0.50000E+00   0.14000E+01     0.80265265   0.26023288   0.42420828
  2   466 
  0.50000E+00   0.14000E+01     0.80265265   0.26023288   0.42420828
  0.50000E+00   0.14000E+01     0.61215523   0.50075999   0.33464988
  2   467 
  0.50000E+00   0.14000E+01     0.61215523   0.50075999   0.33464988
  0.50000E+00   0.34000E+01     0.59668823   0.14380035   0.65401718
  2   468 
  0.50000E+00   0.34000E+01     0.59668823   0.14380035   0.65401718
  0.50000E+00   0.14000E+01     0.53770588   0.63759452   0.55962193
  2   469 
  0.50000E+00   0.14000E+01     0.53770588   0.63759452   0.55962193
  0.50000E+00   0.34000E+01     0.50104118   0.87031181   0.65401718
  2   470 
  0.50000E+00   0.34000E+01     0.50104118   0.87031181   0.65401718
  0.50000E+00   0.14000E+01     0.58615054   0.32402859   0.53996187
  2   471 
  0.50000E+00   0.14000E+01     0.58615054   0.32402859   0.53996187
  0.50000E+00   0.14000E+01     0.12493784   0.41491686   0.42420828
  2   472 
  0.50000E+00   0.14000E+01     0.12493784   0.41491686   0.42420828
  0.50000E+00   0.14000E+01     0.55516079   0.37010370   0.64236516
  2   473 
  0.50000E+00   0.14000E+01     0.55516079   0.37010370   0.64236516
  0.50000E+00   0.34000E+01     0.76235377   0.60899921   0.78378652
  2   474 
  0.50000E+00   0.34000E+01     0.76235377   0.60899921   0.78378652
  0.50000E+00   0.34000E+01     0.27718141   0.60856518   0.55036668
  2   475 
  0.50000E+00   0.34000E+01     0.27718141   0.60856518   0.55036668
  0.50000E+00   0.14000E+01     0.83362903   0.27853190   0.50094380
  2   476 
  0.50000E+00   0.14000E+01     0.83362903   0.27853190   0.50094380
  0.50000E+00   0.34000E+01     0.70133677   0.40430272   0.54516428
  2   477 
  0.50000E+00   0.34000E+01     0.70133677   0.40430272   0.54516428
  0.50000E+00   0.34000E+01     0.88681672   0.50075999   0.42420828
  2   478 
  0.50000E+00   0.34000E+01     0.88681672   0.50075999   0.42420828
  0.50000E+00   0.14000E+01     0.66733950   0.50075999   0.43206079
  2   479 
  0.50000E+00   0.14000E+01     0.66733950   0.50075999   0.43206079
  0.50000E+00   0.34000E+01     0.74156830   0.19914853   0.57767933
  2   480 
  0.50000E+00   0.34000E+01     0.74156830   0.19914853   0.57767933
  0.50000E+00   0.14000E+01     0.58012909   0.50075999   0.31000870
  2   481 
  0.50000E+00   0.14000E+01     0.58012909   0.50075999   0.31000870
  0.50000E+00   0.14000E+01     0.41519805   0.12465665   0.57767933
  2   482 
  0.50000E+00   0.14000E+01     0.41519805   0.12465665   0.57767933
  0.50000E+00   0.34000E+01     0.72335251   0.50075999   0.54516428
  2   483 
  0.50000E+00   0.34000E+01     0.72335251   0.50075999   0.54516428
  0.50000E+00   0.14000E+01     0.75799856   0.24380261   0.35042165
  2   484 
  0.50000E+00   0.14000E+01     0.75799856   0.24380261   0.35042165
  0.50000E+00   0.34000E+01     0.56585771   0.61302551   0.30693423
  2   485 
  0.50000E+00   0.34000E+01     0.56585771   0.61302551   0.30693423
  0.50000E+00   0.34000E+01     0.17399647   0.28223570   0.50094380
  2   486 
  0.50000E+00   0.34000E+01     0.17399647   0.28223570   0.50094380
  0.50000E+00   0.34000E+01     0.69736898   0.44815412   0.58513416
  2   487 
  0.50000E+00   0.34000E+01     0.69736898   0.44815412   0.58513416
  0.50000E+00   0.34000E+01     0.50104118   0.89409333   0.50094380
  2   488 
  0.50000E+00   0.34000E+01     0.50104118   0.89409333   0.50094380
  0.50000E+00   0.34000E+01     0.69197628   0.42167208   0.50094380
  2   489 
  0.50000E+00   0.34000E+01     0.69197628   0.42167208   0.50094380
  0.50000E+00   0.14000E+01     0.33365945   0.15318824   0.57767933
  2   490 
  0.50000E+00   0.14000E+01     0.33365945   0.15318824   0.57767933
  0.50000E+00   0.34000E+01     0.64417883   0.38661153   0.46452694
  2   491 
  0.50000E+00   0.34000E+01     0.64417883   0.38661153   0.46452694
  0.50000E+00   0.14000E+01     0.31626527   0.18071874   0.34787043
  2   492 
  0.50000E+00   0.14000E+01     0.31626527   0.18071874   0.34787043
  0.50000E+00   0.34000E+01     0.60104382   0.50075999   0.65060833
  2   493 
  0.50000E+00   0.34000E+01     0.60104382   0.50075999   0.65060833
  0.50000E+00   0.14000E+01     0.23645645   0.69299205   0.28241951
  2   494 
  0.50000E+00   0.14000E+01     0.23645645   0.69299205   0.28241951
  0.50000E+00   0.14000E+01     0.54408235   0.66139183   0.43206079
  2   495 
  0.50000E+00   0.14000E+01     0.54408235   0.66139183   0.43206079
  0.50000E+00   0.14000E+01     0.60747641   0.75771738   0.22281514
  2   496 
  0.50000E+00   0.14000E+01     0.60747641   0.75771738   0.22281514
  0.50000E+00   0.14000E+01     0.32892609   0.54004414   0.46582755
  2   497 
  0.50000E+00   0.14000E+01     0.32892609   0.54004414   0.46582755
  0.50000E+00   0.34000E+01     0.69327324   0.23617526   0.28241951
  2   498 
  0.50000E+00   0.34000E+01     0.69327324   0.23617526   0.28241951
  0.50000E+00   0.14000E+01     0.60266793   0.32473730   0.58513416
  2   499 
  0.50000E+00   0.14000E+01     0.60266793   0.32473730   0.58513416
  0.50000E+00   0.14000E+01     0.22291251   0.77888866   0.50094380
  2   500 
  0.50000E+00   0.14000E+01     0.22291251   0.77888866   0.50094380
  0.50000E+00   0.14000E+01     0.27435246   0.57441562   0.66020727
  2   501 
  0.50000E+00   0.14000E+01     0.27435246   0.57441562   0.66020727
  0.50000E+00   0.34000E+01     0.85800082   0.59640704   0.34787043
  2   502 
  0.50000E+00   0.34000E+01     0.85800082   0.59640704   0.34787043
  0.50000E+00   0.34000E+01     0.71140407   0.54877395   0.45802393
  2   503 
  0.50000E+00   0.34000E+01     0.71140407   0.54877395   0.45802393
  0.50000E+00   0.34000E+01     0.87059299   0.50075999   0.65401718
  2   504 
  0.50000E+00   0.34000E+01     0.87059299   0.50075999   0.65401718
  0.50000E+00   0.34000E+01     0.56992420   0.50075999   0.66724212
  2   505 
  0.50000E+00   0.34000E+01     0.56992420   0.50075999   0.66724212
  0.50000E+00   0.34000E+01     0.39997881   0.18972199   0.28241951
  2   506 
  0.50000E+00   0.34000E+01     0.39997881   0.18972199   0.28241951
  0.50000E+00   0.34000E+01     0.34256736   0.62713865   0.54126247
  2   507 
  0.50000E+00   0.34000E+01     0.34256736   0.62713865   0.54126247
  0.50000E+00   0.34000E+01     0.50104118   0.13120818   0.34787043
  2   508 
  0.50000E+00   0.34000E+01     0.50104118   0.13120818   0.34787043
  0.50000E+00   0.34000E+01     0.46278236   0.64354385   0.56217315
  2   509 
  0.50000E+00   0.34000E+01     0.46278236   0.64354385   0.56217315
  0.50000E+00   0.34000E+01     0.60928040   0.39252077   0.13139199
  2   510 
  0.50000E+00   0.34000E+01     0.60928040   0.39252077   0.13139199
  0.50000E+00   0.34000E+01     0.50104118   0.37409333   0.50094380
  2   511 
  0.50000E+00   0.34000E+01     0.50104118   0.37409333   0.50094380
  0.50000E+00   0.34000E+01     0.66842292   0.15318824   0.42420828
  2   512 
  0.50000E+00   0.34000E+01     0.66842292   0.15318824   0.42420828
  0.50000E+00   0.34000E+01     0.67287823   0.50075999   0.61576165
  2   513 
  0.50000E+00   0.34000E+01     0.67287823   0.50075999   0.61576165
  0.50000E+00   0.14000E+01     0.23645645   0.30852793   0.71946810
  2   514 
  0.50000E+00   0.14000E+01     0.23645645   0.30852793   0.71946810
  0.50000E+00   0.14000E+01     0.34583352   0.39705355   0.50094380
  2   515 
  0.50000E+00   0.14000E+01     0.34583352   0.39705355   0.50094380
  0.50000E+00   0.34000E+01     0.12493784   0.41491686   0.57767933
  2   516 
  0.50000E+00   0.34000E+01     0.12493784   0.41491686   0.57767933
  0.50000E+00   0.14000E+01     0.67287823   0.50075999   0.61576165
  2   517 
  0.50000E+00   0.14000E+01     0.67287823   0.50075999   0.61576165
  0.50000E+00   0.14000E+01     0.82108244   0.31598409   0.65401718
  2   518 
  0.50000E+00   0.14000E+01     0.82108244   0.31598409   0.65401718
  0.50000E+00   0.34000E+01     0.50104118   0.63806993   0.47363116
  2   519 
  0.50000E+00   0.34000E+01     0.50104118   0.63806993   0.47363116
  0.50000E+00   0.34000E+01     0.11526564   0.50075999   0.42420828
  2   520 
  0.50000E+00   0.34000E+01     0.11526564   0.50075999   0.42420828
  0.50000E+00   0.34000E+01     0.50104118   0.37409333   0.50094380
  2   521 
  0.50000E+00   0.34000E+01     0.50104118   0.37409333   0.50094380
  0.50000E+00   0.14000E+01     0.88681672   0.42402447   0.50094380
  2   522 
  0.50000E+00   0.14000E+01     0.88681672   0.42402447   0.50094380
  0.50000E+00   0.34000E+01     0.59437451   0.59409333   0.63293707
  2   523 
  0.50000E+00   0.34000E+01     0.59437451   0.59409333   0.63293707
  0.50000E+00   0.14000E+01     0.50104118   0.77888866   0.77907247
  2   524 
  0.50000E+00   0.14000E+01     0.50104118   0.77888866   0.77907247
  0.50000E+00   0.34000E+01     0.66599049   0.42132459   0.46452694
  2   525 
  0.50000E+00   0.34000E+01     0.66599049   0.42132459   0.46452694
  0.50000E+00   0.14000E+01     0.23972859   0.60899921   0.78378652
  2   526 
  0.50000E+00   0.14000E+01     0.23972859   0.60899921   0.78378652
  0.50000E+00   0.34000E+01     0.36769066   0.57774996   0.43716323
  2   527 
  0.50000E+00   0.34000E+01     0.36769066   0.57774996   0.43716323
  0.50000E+00   0.14000E+01     0.12493784   0.58660313   0.57767933
  2   528 
  0.50000E+00   0.14000E+01     0.12493784   0.58660313   0.57767933
  0.50000E+00   0.34000E+01     0.68028342   0.44252066   0.62687306
  2   529 
  0.50000E+00   0.34000E+01     0.68028342   0.44252066   0.62687306
  0.50000E+00   0.14000E+01     0.18633394   0.31906369   0.35042165
  2   530 
  0.50000E+00   0.14000E+01     0.18633394   0.31906369   0.35042165
  0.50000E+00   0.14000E+01     0.45256795   0.61778473   0.50094380
  2   531 
  0.50000E+00   0.14000E+01     0.45256795   0.61778473   0.50094380
  0.50000E+00   0.34000E+01     0.26051406   0.19914853   0.42420828
  2   532 
  0.50000E+00   0.34000E+01     0.26051406   0.19914853   0.42420828
  0.50000E+00   0.14000E+01     0.47075295   0.38772277   0.54941704
  2   533 
  0.50000E+00   0.14000E+01     0.47075295   0.38772277   0.54941704
  0.50000E+00   0.34000E+01     0.80265265   0.74128711   0.42420828
  2   534 
  0.50000E+00   0.34000E+01     0.80265265   0.74128711   0.42420828
  0.50000E+00   0.34000E+01     0.56992420   0.33446168   0.50094380
  2   535 
  0.50000E+00   0.34000E+01     0.56992420   0.33446168   0.50094380
  0.50000E+00   0.34000E+01     0.39460595   0.39432476   0.86433642
  2   536 
  0.50000E+00   0.34000E+01     0.39460595   0.39432476   0.86433642
  0.50000E+00   0.34000E+01     0.50104118   0.38762291   0.61408089
  2   537 
  0.50000E+00   0.34000E+01     0.50104118   0.38762291   0.61408089
  0.50000E+00   0.34000E+01     0.88681672   0.42402447   0.50094380
  2   538 
  0.50000E+00   0.34000E+01     0.88681672   0.42402447   0.50094380
  0.50000E+00   0.34000E+01     0.63407632   0.50075999   0.41205257
  2   539 
  0.50000E+00   0.34000E+01     0.63407632   0.50075999   0.41205257
  0.50000E+00   0.34000E+01     0.30880912   0.76534473   0.28241951
  2   540 
  0.50000E+00   0.34000E+01     0.30880912   0.76534473   0.28241951
  0.50000E+00   0.34000E+01     0.32683279   0.57291947   0.68950561
  2   541 
  0.50000E+00   0.34000E+01     0.32683279   0.57291947   0.68950561
  0.50000E+00   0.34000E+01     0.22291251   0.22263133   0.50094380
  2   542 
  0.50000E+00   0.34000E+01     0.22291251   0.22263133   0.50094380
  0.50000E+00   0.34000E+01     0.32242447   0.42677453   0.50094380
  2   543 
  0.50000E+00   0.34000E+01     0.32242447   0.42677453   0.50094380
  0.50000E+00   0.14000E+01     0.60928040   0.76207259   0.78378652
  2   544 
  0.50000E+00   0.14000E+01     0.60928040   0.76207259   0.78378652
  0.50000E+00   0.34000E+01     0.63407632   0.50075999   0.41205257
  2   545 
  0.50000E+00   0.34000E+01     0.63407632   0.50075999   0.41205257
  0.50000E+00   0.34000E+01     0.31626527   0.82080125   0.65401718
  2   546 
  0.50000E+00   0.34000E+01     0.31626527   0.82080125   0.65401718
  0.50000E+00   0.14000E+01     0.44511758   0.63577150   0.35480840
  2   547 
  0.50000E+00   0.14000E+01     0.44511758   0.63577150   0.35480840
  0.50000E+00   0.14000E+01     0.22291251   0.22263133   0.50094380
  2   548 
  0.50000E+00   0.14000E+01     0.22291251   0.22263133   0.50094380
  0.50000E+00   0.14000E+01     0.57763960   0.65981825   0.53606006
  2   549 
  0.50000E+00   0.14000E+01     0.57763960   0.65981825   0.53606006
  0.50000E+00   0.34000E+01     0.69327324   0.23617526   0.71946810
  2   550 
  0.50000E+00   0.34000E+01     0.69327324   0.23617526   0.71946810
  0.50000E+00   0.14000E+01     0.40104118   0.60075999   0.64236516
  2   551 
  0.50000E+00   0.14000E+01     0.40104118   0.60075999   0.64236516
  0.50000E+00   0.34000E+01     0.40698825   0.14974968   0.65146595
  2   552 
  0.50000E+00   0.34000E+01     0.40698825   0.14974968   0.65146595
  0.50000E+00   0.34000E+01     0.67842137   0.38223834   0.50094380
  2   553 
  0.50000E+00   0.34000E+01     0.67842137   0.38223834   0.50094380
  0.50000E+00   0.34000E+01     0.30858601   0.38964595   0.83353165
  2   554 
  0.50000E+00   0.34000E+01     0.30858601   0.38964595   0.83353165
  0.50000E+00   0.34000E+01     0.44331360   0.55848758   0.30384950
  2   555 
  0.50000E+00   0.34000E+01     0.44331360   0.55848758   0.30384950
  0.50000E+00   0.14000E+01     0.24408380   0.60719523   0.22281514
  2   556 
  0.50000E+00   0.14000E+01     0.24408380   0.60719523   0.22281514
  0.50000E+00   0.34000E+01     0.60266793   0.32473730   0.58513416
  2   557 
  0.50000E+00   0.34000E+01     0.60266793   0.32473730   0.58513416
  0.50000E+00   0.14000E+01     0.82808590   0.50075999   0.28241951
  2   558 
  0.50000E+00   0.14000E+01     0.82808590   0.50075999   0.28241951
  0.50000E+00   0.14000E+01     0.50104118   0.64858072   0.56217315
  2   559 
  0.50000E+00   0.14000E+01     0.50104118   0.64858072   0.56217315
  0.50000E+00   0.14000E+01     0.65156333   0.50075999   0.86433642
  2   560 
  0.50000E+00   0.14000E+01     0.65156333   0.50075999   0.86433642
  0.50000E+00   0.34000E+01     0.36433387   0.50075999   0.36423649
  2   561 
  0.50000E+00   0.34000E+01     0.36433387   0.50075999   0.36423649
  0.50000E+00   0.14000E+01     0.40698825   0.85177031   0.35042165
  2   562 
  0.50000E+00   0.14000E+01     0.40698825   0.85177031   0.35042165
  0.50000E+00   0.14000E+01     0.39839842   0.56002082   0.67832399
  2   563 
  0.50000E+00   0.14000E+01     0.39839842   0.56002082   0.67832399
  0.50000E+00   0.34000E+01     0.11526564   0.50075999   0.57767933
  2   564 
  0.50000E+00   0.34000E+01     0.11526564   0.50075999   0.57767933
  0.50000E+00   0.14000E+01     0.25880513   0.44547120   0.55036668
  2   565 
  0.50000E+00   0.14000E+01     0.25880513   0.44547120   0.55036668
  0.50000E+00   0.34000E+01     0.66842292   0.84833175   0.57767933
  2   566 
  0.50000E+00   0.34000E+01     0.66842292   0.84833175   0.57767933
  0.50000E+00   0.14000E+01     0.50104118   0.35037292   0.47102995
  2   567 
  0.50000E+00   0.14000E+01     0.50104118   0.35037292   0.47102995
  0.50000E+00   0.14000E+01     0.78388389   0.50075999   0.78378652
  2   568 
  0.50000E+00   0.14000E+01     0.78388389   0.50075999   0.78378652
  0.50000E+00   0.14000E+01     0.69306594   0.61162554   0.59278783
  2   569 
  0.50000E+00   0.14000E+01     0.69306594   0.61162554   0.59278783
  0.50000E+00   0.14000E+01     0.69327324   0.76534473   0.28241951
  2   570 
  0.50000E+00   0.14000E+01     0.69327324   0.76534473   0.28241951
  0.50000E+00   0.14000E+01     0.38780572   0.54766366   0.37837863
  2   571 
  0.50000E+00   0.14000E+01     0.38780572   0.54766366   0.37837863
  0.50000E+00   0.34000E+01     0.23645645   0.69299205   0.71946810
  2   572 
  0.50000E+00   0.34000E+01     0.23645645   0.69299205   0.71946810
  0.50000E+00   0.34000E+01     0.43329002   0.61810846   0.44481690
  2   573 
  0.50000E+00   0.34000E+01     0.43329002   0.61810846   0.44481690
  0.50000E+00   0.14000E+01     0.39280196   0.39252077   0.13139199
  2   574 
  0.50000E+00   0.14000E+01     0.39280196   0.39252077   0.13139199
  0.50000E+00   0.14000E+01     0.53305049   0.64100192   0.47233056
  2   575 
  0.50000E+00   0.14000E+01     0.53305049   0.64100192   0.47233056
  0.50000E+00   0.14000E+01     0.40698825   0.85177031   0.35042165
  2   576 
  0.50000E+00   0.14000E+01     0.40698825   0.85177031   0.35042165
  0.50000E+00   0.34000E+01     0.63283695   0.54358303   0.40834876
  2   577 
  0.50000E+00   0.34000E+01     0.63283695   0.54358303   0.40834876
  0.50000E+00   0.14000E+01     0.50104118   0.11498445   0.57767933
  2   578 
  0.50000E+00   0.14000E+01     0.50104118   0.11498445   0.57767933
  0.50000E+00   0.34000E+01     0.62734227   0.55307562   0.36423649
  2   579 
  0.50000E+00   0.34000E+01     0.62734227   0.55307562   0.36423649
  0.50000E+00   0.34000E+01     0.81207919   0.39969762   0.28241951
  2   580 
  0.50000E+00   0.34000E+01     0.81207919   0.39969762   0.28241951
  0.50000E+00   0.14000E+01     0.50104118   0.59005279   0.28537191
  2   581 
  0.50000E+00   0.14000E+01     0.50104118   0.59005279   0.28537191
  0.50000E+00   0.14000E+01     0.18633394   0.68245630   0.65146595
  2   582 
  0.50000E+00   0.14000E+01     0.18633394   0.68245630   0.65146595
  0.50000E+00   0.14000E+01     0.63407632   0.50075999   0.41205257
  2   583 
  0.50000E+00   0.14000E+01     0.63407632   0.50075999   0.41205257
  0.50000E+00   0.34000E+01     0.33365945   0.84833175   0.57767933
  2   584 
  0.50000E+00   0.34000E+01     0.33365945   0.84833175   0.57767933
  0.50000E+00   0.14000E+01     0.34102055   0.40837204   0.42440712
  2   585 
  0.50000E+00   0.14000E+01     0.34102055   0.40837204   0.42440712
  0.50000E+00   0.34000E+01     0.22291251   0.50075999   0.22281514
  2   586 
  0.50000E+00   0.34000E+01     0.22291251   0.50075999   0.22281514
  0.50000E+00   0.34000E+01     0.41770785   0.41742666   0.61879493
  2   587 
  0.50000E+00   0.34000E+01     0.41770785   0.41742666   0.61879493
  0.50000E+00   0.34000E+01     0.87059299   0.50075999   0.34787043
  2   588 
  0.50000E+00   0.34000E+01     0.87059299   0.50075999   0.34787043
  0.50000E+00   0.14000E+01     0.59552813   0.63081012   0.60835405
  2   589 
  0.50000E+00   0.14000E+01     0.59552813   0.63081012   0.60835405
  0.50000E+00   0.34000E+01     0.81574842   0.68245630   0.35042165
  2   590 
  0.50000E+00   0.34000E+01     0.81574842   0.68245630   0.35042165
  0.50000E+00   0.34000E+01     0.67287823   0.50075999   0.61576165
  2   591 
  0.50000E+00   0.34000E+01     0.67287823   0.50075999   0.61576165
  0.50000E+00   0.34000E+01     0.66842292   0.84833175   0.42420828
  2   592 
  0.50000E+00   0.34000E+01     0.66842292   0.84833175   0.42420828
  0.50000E+00   0.34000E+01     0.61215523   0.50075999   0.33464988
  2   593 
  0.50000E+00   0.34000E+01     0.61215523   0.50075999   0.33464988
  0.50000E+00   0.14000E+01     0.50104118   0.57749552   0.88671935
  2   594 
  0.50000E+00   0.14000E+01     0.50104118   0.57749552   0.88671935
  0.50000E+00   0.34000E+01     0.61215523   0.66705392   0.50094380
  2   595 
  0.50000E+00   0.34000E+01     0.61215523   0.66705392   0.50094380
  0.50000E+00   0.34000E+01     0.41519805   0.87686334   0.42420828
  2   596 
  0.50000E+00   0.34000E+01     0.41519805   0.87686334   0.42420828
  0.50000E+00   0.14000E+01     0.42610326   0.39761679   0.58613124
  2   597 
  0.50000E+00   0.14000E+01     0.42610326   0.39761679   0.58613124
  0.50000E+00   0.34000E+01     0.88681672   0.50075999   0.57767933
