  1   183 
  0.50000E+00   0.14000E+01    0.8280858953723E+00  0.5007599940000E+00  0.7194680950544E+00
  1   184 
  0.50000E+00   0.34000E+01    0.8280858953723E+00  0.5007599940000E+00  0.7194680950544E+00
  1   185 
  0.50000E+00   0.14000E+01    0.8120791877335E+00  0.6018223685997E+00  0.2824195117456E+00
  1   186 
  0.50000E+00   0.34000E+01    0.8120791877335E+00  0.6018223685997E+00  0.2824195117456E+00
  1   187 
  0.50000E+00   0.14000E+01    0.8120791877335E+00  0.6018223685997E+00  0.7194680950544E+00
  1   188 
  0.50000E+00   0.34000E+01    0.8120791877335E+00  0.6018223685997E+00  0.7194680950544E+00
  1   189 
  0.50000E+00   0.14000E+01    0.7656259128859E+00  0.6929920538307E+00  0.2824195117456E+00
  1   190 
  0.50000E+00   0.34000E+01    0.7656259128859E+00  0.6929920538307E+00  0.2824195117456E+00
  1   191 
  0.50000E+00   0.14000E+01    0.7656259128859E+00  0.6929920538307E+00  0.7194680950544E+00
  1   192 
  0.50000E+00   0.34000E+01    0.7656259128859E+00  0.6929920538307E+00  0.7194680950544E+00
  1   193 
  0.50000E+00   0.14000E+01    0.6932732410307E+00  0.7653447256859E+00  0.2824195117456E+00
  1   194 
  0.50000E+00   0.34000E+01    0.6932732410307E+00  0.7653447256859E+00  0.2824195117456E+00
  1   195 
  0.50000E+00   0.14000E+01    0.6932732410307E+00  0.7653447256859E+00  0.7194680950544E+00
  1   196 
  0.50000E+00   0.34000E+01    0.6932732410307E+00  0.7653447256859E+00  0.7194680950544E+00
  1   197 
  0.50000E+00   0.14000E+01    0.6021035557997E+00  0.8117980005335E+00  0.2824195117456E+00
  1   198 
  0.50000E+00   0.34000E+01    0.6021035557997E+00  0.8117980005335E+00  0.2824195117456E+00
  1   199 
  0.50000E+00   0.14000E+01    0.6021035557997E+00  0.8117980005335E+00  0.7194680950544E+00
  1   200 
  0.50000E+00   0.34000E+01    0.6021035557997E+00  0.8117980005335E+00  0.7194680950544E+00
  1   201 
  0.50000E+00   0.14000E+01    0.5010411812000E+00  0.8278047081723E+00  0.2824195117456E+00
  1   202 
  0.50000E+00   0.34000E+01    0.5010411812000E+00  0.8278047081723E+00  0.2824195117456E+00
  1   203 
  0.50000E+00   0.14000E+01    0.5010411812000E+00  0.8278047081723E+00  0.7194680950544E+00
  1   204 
  0.50000E+00   0.34000E+01    0.5010411812000E+00  0.8278047081723E+00  0.7194680950544E+00
  1   205 
  0.50000E+00   0.14000E+01    0.3999788066003E+00  0.8117980005335E+00  0.2824195117456E+00
  1   206 
  0.50000E+00   0.34000E+01    0.3999788066003E+00  0.8117980005335E+00  0.2824195117456E+00
  1   207 
  0.50000E+00   0.14000E+01    0.3999788066003E+00  0.8117980005335E+00  0.7194680950544E+00
  1   208 
  0.50000E+00   0.34000E+01    0.3999788066003E+00  0.8117980005335E+00  0.7194680950544E+00
  1   209 
  0.50000E+00   0.14000E+01    0.3088091213693E+00  0.7653447256859E+00  0.2824195117456E+00
  1   210 
  0.50000E+00   0.34000E+01    0.3088091213693E+00  0.7653447256859E+00  0.2824195117456E+00
  1   211 
  0.50000E+00   0.14000E+01    0.3088091213693E+00  0.7653447256859E+00  0.7194680950544E+00
  1   212 
  0.50000E+00   0.34000E+01    0.3088091213693E+00  0.7653447256859E+00  0.7194680950544E+00
  1   213 
  0.50000E+00   0.14000E+01    0.2364564495141E+00  0.6929920538307E+00  0.2824195117456E+00
  1   214 
  0.50000E+00   0.34000E+01    0.2364564495141E+00  0.6929920538307E+00  0.2824195117456E+00
  1   215 
  0.50000E+00   0.14000E+01    0.2364564495141E+00  0.6929920538307E+00  0.7194680950544E+00
  1   216 
  0.50000E+00   0.34000E+01    0.2364564495141E+00  0.6929920538307E+00  0.7194680950544E+00
  1   217 
  0.50000E+00   0.14000E+01    0.1900031746665E+00  0.6018223685997E+00  0.2824195117456E+00
  1   218 
  0.50000E+00   0.34000E+01    0.1900031746665E+00  0.6018223685997E+00  0.2824195117456E+00
  1   219 
  0.50000E+00   0.14000E+01    0.1900031746665E+00  0.6018223685997E+00  0.7194680950544E+00
  1   220 
  0.50000E+00   0.34000E+01    0.1900031746665E+00  0.6018223685997E+00  0.7194680950544E+00
  1   221 
  0.50000E+00   0.14000E+01    0.1739964670277E+00  0.5007599940000E+00  0.2824195117456E+00
  1   222 
  0.50000E+00   0.34000E+01    0.1739964670277E+00  0.5007599940000E+00  0.2824195117456E+00
  1   223 
  0.50000E+00   0.14000E+01    0.1739964670277E+00  0.5007599940000E+00  0.7194680950544E+00
  1   224 
  0.50000E+00   0.34000E+01    0.1739964670277E+00  0.5007599940000E+00  0.7194680950544E+00
  1   225 
  0.50000E+00   0.14000E+01    0.1900031746665E+00  0.3996976194003E+00  0.2824195117456E+00
  1   226 
  0.50000E+00   0.34000E+01    0.1900031746665E+00  0.3996976194003E+00  0.2824195117456E+00
  1   227 
  0.50000E+00   0.14000E+01    0.1900031746665E+00  0.3996976194003E+00  0.7194680950544E+00
  1   228 
  0.50000E+00   0.34000E+01    0.1900031746665E+00  0.3996976194003E+00  0.7194680950544E+00
  1   229 
  0.50000E+00   0.14000E+01    0.2364564495141E+00  0.3085279341693E+00  0.2824195117456E+00
  1   230 
  0.50000E+00   0.34000E+01    0.2364564495141E+00  0.3085279341693E+00  0.2824195117456E+00
  1   231 
  0.50000E+00   0.14000E+01    0.2364564495141E+00  0.3085279341693E+00  0.7194680950544E+00
  1   232 
  0.50000E+00   0.34000E+01    0.2364564495141E+00  0.3085279341693E+00  0.7194680950544E+00
  1   233 
  0.50000E+00   0.14000E+01    0.3088091213693E+00  0.2361752623141E+00  0.2824195117456E+00
  1   234 
  0.50000E+00   0.34000E+01    0.3088091213693E+00  0.2361752623141E+00  0.2824195117456E+00
  1   235 
  0.50000E+00   0.14000E+01    0.3088091213693E+00  0.2361752623141E+00  0.7194680950544E+00
  1   236 
  0.50000E+00   0.34000E+01    0.3088091213693E+00  0.2361752623141E+00  0.7194680950544E+00
  1   237 
  0.50000E+00   0.14000E+01    0.3999788066003E+00  0.1897219874665E+00  0.2824195117456E+00
  1   238 
  0.50000E+00   0.34000E+01    0.3999788066003E+00  0.1897219874665E+00  0.2824195117456E+00
  1   239 
  0.50000E+00   0.14000E+01    0.3999788066003E+00  0.1897219874665E+00  0.7194680950544E+00
  1   240 
  0.50000E+00   0.34000E+01    0.3999788066003E+00  0.1897219874665E+00  0.7194680950544E+00
  1   241 
  0.50000E+00   0.14000E+01    0.5010411812000E+00  0.1737152798277E+00  0.2824195117456E+00
  1   242 
  0.50000E+00   0.34000E+01    0.5010411812000E+00  0.1737152798277E+00  0.2824195117456E+00
  1   243 
  0.50000E+00   0.14000E+01    0.5010411812000E+00  0.1737152798277E+00  0.7194680950544E+00
  1   244 
  0.50000E+00   0.34000E+01    0.5010411812000E+00  0.1737152798277E+00  0.7194680950544E+00
  1   245 
  0.50000E+00   0.14000E+01    0.6021035557997E+00  0.1897219874665E+00  0.2824195117456E+00
  1   246 
  0.50000E+00   0.34000E+01    0.6021035557997E+00  0.1897219874665E+00  0.2824195117456E+00
  1   247 
  0.50000E+00   0.14000E+01    0.6021035557997E+00  0.1897219874665E+00  0.7194680950544E+00
  1   248 
  0.50000E+00   0.34000E+01    0.6021035557997E+00  0.1897219874665E+00  0.7194680950544E+00
  1   249 
  0.50000E+00   0.14000E+01    0.6932732410307E+00  0.2361752623141E+00  0.2824195117456E+00
  1   250 
  0.50000E+00   0.34000E+01    0.6932732410307E+00  0.2361752623141E+00  0.2824195117456E+00
  1   251 
  0.50000E+00   0.14000E+01    0.6932732410307E+00  0.2361752623141E+00  0.7194680950544E+00
  1   252 
  0.50000E+00   0.34000E+01    0.6932732410307E+00  0.2361752623141E+00  0.7194680950544E+00
  1   253 
  0.50000E+00   0.14000E+01    0.7656259128859E+00  0.3085279341693E+00  0.2824195117456E+00
  1   254 
  0.50000E+00   0.34000E+01    0.7656259128859E+00  0.3085279341693E+00  0.2824195117456E+00
  1   255 
  0.50000E+00   0.14000E+01    0.7656259128859E+00  0.3085279341693E+00  0.7194680950544E+00
  1   256 
  0.50000E+00   0.34000E+01    0.7656259128859E+00  0.3085279341693E+00  0.7194680950544E+00
  1   257 
  0.50000E+00   0.14000E+01    0.8120791877335E+00  0.3996976194003E+00  0.2824195117456E+00
  1   258 
  0.50000E+00   0.34000E+01    0.8120791877335E+00  0.3996976194003E+00  0.2824195117456E+00
  1   259 
  0.50000E+00   0.14000E+01    0.8120791877335E+00  0.3996976194003E+00  0.7194680950544E+00
  1   260 
  0.50000E+00   0.34000E+01    0.8120791877335E+00  0.3996976194003E+00  0.7194680950544E+00
  1   261 
  0.50000E+00   0.14000E+01    0.8280858953723E+00  0.5007599940000E+00  0.2824195117456E+00
  1   262 
  0.50000E+00   0.34000E+01    0.8280858953723E+00  0.5007599940000E+00  0.2824195117456E+00
  1   263 
  0.50000E+00   0.14000E+01    0.8280858953723E+00  0.5007599940000E+00  0.7194680950544E+00
  1   264 
  0.50000E+00   0.34000E+01    0.8280858953723E+00  0.5007599940000E+00  0.7194680950544E+00
  1   265 
  0.50000E+00   0.14000E+01    0.8705929942045E+00  0.5007599940000E+00  0.3478704304540E+00
  1   266 
  0.50000E+00   0.34000E+01    0.8705929942045E+00  0.5007599940000E+00  0.3478704304540E+00
  1   267 
  0.50000E+00   0.14000E+01    0.8705929942045E+00  0.5007599940000E+00  0.6540171763460E+00
  1   268 
  0.50000E+00   0.34000E+01    0.8705929942045E+00  0.5007599940000E+00  0.6540171763460E+00
  1   269 
  0.50000E+00   0.14000E+01    0.8580008215330E+00  0.5964070413577E+00  0.3478704304540E+00
  1   270 
  0.50000E+00   0.34000E+01    0.8580008215330E+00  0.5964070413577E+00  0.3478704304540E+00
  1   271 
  0.50000E+00   0.14000E+01    0.8580008215330E+00  0.5964070413577E+00  0.6540171763460E+00
  1   272 
  0.50000E+00   0.34000E+01    0.8580008215330E+00  0.5964070413577E+00  0.6540171763460E+00
  1   273 
  0.50000E+00   0.14000E+01    0.8157484183086E+00  0.6824563020606E+00  0.3504216533364E+00
  1   274 
  0.50000E+00   0.34000E+01    0.8157484183086E+00  0.6824563020606E+00  0.3504216533364E+00
  1   275 
  0.50000E+00   0.14000E+01    0.8157484183086E+00  0.6824563020606E+00  0.6514659534636E+00
  1   276 
  0.50000E+00   0.34000E+01    0.8157484183086E+00  0.6824563020606E+00  0.6514659534636E+00
  1   277 
  0.50000E+00   0.14000E+01    0.7623537741753E+00  0.7620725869753E+00  0.3478704304540E+00
  1   278 
  0.50000E+00   0.34000E+01    0.7623537741753E+00  0.7620725869753E+00  0.3478704304540E+00
  1   279 
  0.50000E+00   0.14000E+01    0.7623537741753E+00  0.7620725869753E+00  0.6540171763460E+00
  1   280 
  0.50000E+00   0.34000E+01    0.7623537741753E+00  0.7620725869753E+00  0.6540171763460E+00
  1   281 
  0.50000E+00   0.14000E+01    0.6827374892606E+00  0.8154672311086E+00  0.3504216533364E+00
  1   282 
  0.50000E+00   0.34000E+01    0.6827374892606E+00  0.8154672311086E+00  0.3504216533364E+00
  1   283 
  0.50000E+00   0.14000E+01    0.6827374892606E+00  0.8154672311086E+00  0.6514659534636E+00
  1   284 
  0.50000E+00   0.34000E+01    0.6827374892606E+00  0.8154672311086E+00  0.6514659534636E+00
  1   285 
  0.50000E+00   0.14000E+01    0.5950941111018E+00  0.8517703069941E+00  0.3504216533364E+00
  1   286 
  0.50000E+00   0.34000E+01    0.5950941111018E+00  0.8517703069941E+00  0.3504216533364E+00
  1   287 
  0.50000E+00   0.14000E+01    0.5950941111018E+00  0.8517703069941E+00  0.6514659534636E+00
  1   288 
  0.50000E+00   0.34000E+01    0.5950941111018E+00  0.8517703069941E+00  0.6514659534636E+00
  1   289 
  0.50000E+00   0.14000E+01    0.5010411812000E+00  0.8703118070045E+00  0.3478704304540E+00
  1   290 
  0.50000E+00   0.34000E+01    0.5010411812000E+00  0.8703118070045E+00  0.3478704304540E+00
  1   291 
  0.50000E+00   0.14000E+01    0.5010411812000E+00  0.8703118070045E+00  0.6540171763460E+00
  1   292 
  0.50000E+00   0.34000E+01    0.5010411812000E+00  0.8703118070045E+00  0.6540171763460E+00
  1   293 
  0.50000E+00   0.14000E+01    0.4069882512982E+00  0.8517703069941E+00  0.3504216533364E+00
  1   294 
  0.50000E+00   0.34000E+01    0.4069882512982E+00  0.8517703069941E+00  0.3504216533364E+00
  1   295 
  0.50000E+00   0.14000E+01    0.4069882512982E+00  0.8517703069941E+00  0.6514659534636E+00
  1   296 
  0.50000E+00   0.34000E+01    0.4069882512982E+00  0.8517703069941E+00  0.6514659534636E+00
  1   297 
  0.50000E+00   0.14000E+01    0.3162652746977E+00  0.8208012520765E+00  0.3478704304540E+00
  1   298 
  0.50000E+00   0.34000E+01    0.3162652746977E+00  0.8208012520765E+00  0.3478704304540E+00
  1   299 
  0.50000E+00   0.14000E+01    0.3162652746977E+00  0.8208012520765E+00  0.6540171763460E+00
  1   300 
  0.50000E+00   0.34000E+01    0.3162652746977E+00  0.8208012520765E+00  0.6540171763460E+00
  1   301 
  0.50000E+00   0.14000E+01    0.2440837981076E+00  0.7577173770924E+00  0.3504216533364E+00
  1   302 
  0.50000E+00   0.34000E+01    0.2440837981076E+00  0.7577173770924E+00  0.3504216533364E+00
  1   303 
  0.50000E+00   0.14000E+01    0.2440837981076E+00  0.7577173770924E+00  0.6514659534636E+00
  1   304 
  0.50000E+00   0.34000E+01    0.2440837981076E+00  0.7577173770924E+00  0.6514659534636E+00
  1   305 
  0.50000E+00   0.14000E+01    0.1863339440914E+00  0.6824563020606E+00  0.3504216533364E+00
  1   306 
  0.50000E+00   0.34000E+01    0.1863339440914E+00  0.6824563020606E+00  0.3504216533364E+00
  1   307 
  0.50000E+00   0.14000E+01    0.1863339440914E+00  0.6824563020606E+00  0.6514659534636E+00
  1   308 
  0.50000E+00   0.34000E+01    0.1863339440914E+00  0.6824563020606E+00  0.6514659534636E+00
  1   309 
  0.50000E+00   0.14000E+01    0.1440815408670E+00  0.5964070413577E+00  0.3478704304540E+00
  1   310 
  0.50000E+00   0.34000E+01    0.1440815408670E+00  0.5964070413577E+00  0.3478704304540E+00
  1   311 
  0.50000E+00   0.14000E+01    0.1440815408670E+00  0.5964070413577E+00  0.6540171763460E+00
  1   312 
  0.50000E+00   0.34000E+01    0.1440815408670E+00  0.5964070413577E+00  0.6540171763460E+00
  1   313 
  0.50000E+00   0.14000E+01    0.1314893681955E+00  0.5007599940000E+00  0.3478704304540E+00
  1   314 
  0.50000E+00   0.34000E+01    0.1314893681955E+00  0.5007599940000E+00  0.3478704304540E+00
  1   315 
  0.50000E+00   0.14000E+01    0.1314893681955E+00  0.5007599940000E+00  0.6540171763460E+00
  1   316 
  0.50000E+00   0.34000E+01    0.1314893681955E+00  0.5007599940000E+00  0.6540171763460E+00
  1   317 
  0.50000E+00   0.14000E+01    0.1500308682059E+00  0.4067070640982E+00  0.3504216533364E+00
  1   318 
  0.50000E+00   0.34000E+01    0.1500308682059E+00  0.4067070640982E+00  0.3504216533364E+00
  1   319 
  0.50000E+00   0.14000E+01    0.1500308682059E+00  0.4067070640982E+00  0.6514659534636E+00
  1   320 
  0.50000E+00   0.34000E+01    0.1500308682059E+00  0.4067070640982E+00  0.6514659534636E+00
  1   321 
  0.50000E+00   0.14000E+01    0.1863339440914E+00  0.3190636859394E+00  0.3504216533364E+00
  1   322 
  0.50000E+00   0.34000E+01    0.1863339440914E+00  0.3190636859394E+00  0.3504216533364E+00
  1   323 
  0.50000E+00   0.14000E+01    0.1863339440914E+00  0.3190636859394E+00  0.6514659534636E+00
  1   324 
  0.50000E+00   0.34000E+01    0.1863339440914E+00  0.3190636859394E+00  0.6514659534636E+00
  1   325 
  0.50000E+00   0.14000E+01    0.2440837981076E+00  0.2438026109076E+00  0.3504216533364E+00
  1   326 
  0.50000E+00   0.34000E+01    0.2440837981076E+00  0.2438026109076E+00  0.3504216533364E+00
  1   327 
  0.50000E+00   0.14000E+01    0.2440837981076E+00  0.2438026109076E+00  0.6514659534636E+00
  1   328 
  0.50000E+00   0.34000E+01    0.2440837981076E+00  0.2438026109076E+00  0.6514659534636E+00
  1   329 
  0.50000E+00   0.14000E+01    0.3162652746977E+00  0.1807187359235E+00  0.3478704304540E+00
  1   330 
  0.50000E+00   0.34000E+01    0.3162652746977E+00  0.1807187359235E+00  0.3478704304540E+00
  1   331 
  0.50000E+00   0.14000E+01    0.3162652746977E+00  0.1807187359235E+00  0.6540171763460E+00
  1   332 
  0.50000E+00   0.34000E+01    0.3162652746977E+00  0.1807187359235E+00  0.6540171763460E+00
  1   333 
  0.50000E+00   0.14000E+01    0.4069882512982E+00  0.1497496810059E+00  0.3504216533364E+00
  1   334 
  0.50000E+00   0.34000E+01    0.4069882512982E+00  0.1497496810059E+00  0.3504216533364E+00
  1   335 
  0.50000E+00   0.14000E+01    0.4069882512982E+00  0.1497496810059E+00  0.6514659534636E+00
  1   336 
  0.50000E+00   0.34000E+01    0.4069882512982E+00  0.1497496810059E+00  0.6514659534636E+00
  1   337 
  0.50000E+00   0.14000E+01    0.5010411812000E+00  0.1312081809955E+00  0.3478704304540E+00
  1   338 
  0.50000E+00   0.34000E+01    0.5010411812000E+00  0.1312081809955E+00  0.3478704304540E+00
  1   339 
  0.50000E+00   0.14000E+01    0.5010411812000E+00  0.1312081809955E+00  0.6540171763460E+00
  1   340 
  0.50000E+00   0.34000E+01    0.5010411812000E+00  0.1312081809955E+00  0.6540171763460E+00
  1   341 
  0.50000E+00   0.14000E+01    0.5966882285577E+00  0.1438003536670E+00  0.3478704304540E+00
  1   342 
  0.50000E+00   0.34000E+01    0.5966882285577E+00  0.1438003536670E+00  0.3478704304540E+00
  1   343 
  0.50000E+00   0.14000E+01    0.5966882285577E+00  0.1438003536670E+00  0.6540171763460E+00
  1   344 
  0.50000E+00   0.34000E+01    0.5966882285577E+00  0.1438003536670E+00  0.6540171763460E+00
  1   345 
  0.50000E+00   0.14000E+01    0.6827374892606E+00  0.1860527568914E+00  0.3504216533364E+00
  1   346 
  0.50000E+00   0.34000E+01    0.6827374892606E+00  0.1860527568914E+00  0.3504216533364E+00
  1   347 
  0.50000E+00   0.14000E+01    0.6827374892606E+00  0.1860527568914E+00  0.6514659534636E+00
  1   348 
  0.50000E+00   0.34000E+01    0.6827374892606E+00  0.1860527568914E+00  0.6514659534636E+00
  1   349 
  0.50000E+00   0.14000E+01    0.7579985642924E+00  0.2438026109076E+00  0.3504216533364E+00
  1   350 
  0.50000E+00   0.34000E+01    0.7579985642924E+00  0.2438026109076E+00  0.3504216533364E+00
  1   351 
  0.50000E+00   0.14000E+01    0.7579985642924E+00  0.2438026109076E+00  0.6514659534636E+00
  1   352 
  0.50000E+00   0.34000E+01    0.7579985642924E+00  0.2438026109076E+00  0.6514659534636E+00
  1   353 
  0.50000E+00   0.14000E+01    0.8210824392765E+00  0.3159840874977E+00  0.3478704304540E+00
  1   354 
  0.50000E+00   0.34000E+01    0.8210824392765E+00  0.3159840874977E+00  0.3478704304540E+00
  1   355 
  0.50000E+00   0.14000E+01    0.8210824392765E+00  0.3159840874977E+00  0.6540171763460E+00
  1   356 
  0.50000E+00   0.34000E+01    0.8210824392765E+00  0.3159840874977E+00  0.6540171763460E+00
  1   357 
  0.50000E+00   0.14000E+01    0.8520514941941E+00  0.4067070640982E+00  0.3504216533364E+00
  1   358 
  0.50000E+00   0.34000E+01    0.8520514941941E+00  0.4067070640982E+00  0.3504216533364E+00
  1   359 
  0.50000E+00   0.14000E+01    0.8520514941941E+00  0.4067070640982E+00  0.6514659534636E+00
  1   360 
  0.50000E+00   0.34000E+01    0.8520514941941E+00  0.4067070640982E+00  0.6514659534636E+00
  1   361 
  0.50000E+00   0.14000E+01    0.8705929942045E+00  0.5007599940000E+00  0.3478704304540E+00
  1   362 
  0.50000E+00   0.34000E+01    0.8705929942045E+00  0.5007599940000E+00  0.3478704304540E+00
  1   363 
  0.50000E+00   0.14000E+01    0.8705929942045E+00  0.5007599940000E+00  0.6540171763460E+00
  1   364 
  0.50000E+00   0.34000E+01    0.8705929942045E+00  0.5007599940000E+00  0.6540171763460E+00
