  2     1 
  0.50000E+00   0.14000E+01     0.56482175   0.65473992   0.50094380
  0.50000E+00   0.14000E+01     0.50104118   0.28457789   0.35649554
  2     2 
  0.50000E+00   0.14000E+01     0.50104118   0.28457789   0.35649554
  0.50000E+00   0.34000E+01     0.37323971   0.39884172   0.53345886
  2     3 
  0.50000E+00   0.34000E+01     0.37323971   0.39884172   0.53345886
  0.50000E+00   0.14000E+01     0.64919324   0.50075999   0.72266903
  2     4 
  0.50000E+00   0.14000E+01     0.64919324   0.50075999   0.72266903
  0.50000E+00   0.14000E+01     0.27718141   0.60856518   0.55036668
  2     5 
  0.50000E+00   0.14000E+01     0.27718141   0.60856518   0.55036668
  0.50000E+00   0.34000E+01     0.35659292   0.28457789   0.50094380
  2     6 
  0.50000E+00   0.34000E+01     0.35659292   0.28457789   0.50094380
  0.50000E+00   0.34000E+01     0.41307058   0.37967885   0.40094116
  2     7 
  0.50000E+00   0.34000E+01     0.41307058   0.37967885   0.40094116
  0.50000E+00   0.34000E+01     0.60309010   0.50075999   0.25457593
  2     8 
  0.50000E+00   0.34000E+01     0.60309010   0.50075999   0.25457593
  0.50000E+00   0.34000E+01     0.50104118   0.63039305   0.30693423
  2     9 
  0.50000E+00   0.34000E+01     0.50104118   0.63039305   0.30693423
  0.50000E+00   0.34000E+01     0.60309010   0.50075999   0.25457593
  2    10 
  0.50000E+00   0.34000E+01     0.60309010   0.50075999   0.25457593
  0.50000E+00   0.14000E+01     0.55928052   0.32151775   0.37501455
  2    11 
  0.50000E+00   0.14000E+01     0.55928052   0.32151775   0.37501455
  0.50000E+00   0.34000E+01     0.39039902   0.27100917   0.55166729
  2    12 
  0.50000E+00   0.34000E+01     0.39039902   0.27100917   0.55166729
  0.50000E+00   0.34000E+01     0.46278236   0.64354385   0.56217315
  2    13 
  0.50000E+00   0.34000E+01     0.46278236   0.64354385   0.56217315
  0.50000E+00   0.34000E+01     0.26306809   0.43699530   0.60299272
  2    14 
  0.50000E+00   0.34000E+01     0.26306809   0.43699530   0.60299272
  0.50000E+00   0.14000E+01     0.64382504   0.46250118   0.43971445
  2    15 
  0.50000E+00   0.14000E+01     0.64382504   0.46250118   0.43971445
  0.50000E+00   0.34000E+01     0.37397253   0.32586500   0.64539206
  2    16 
  0.50000E+00   0.34000E+01     0.37397253   0.32586500   0.64539206
  0.50000E+00   0.34000E+01     0.34256736   0.62713865   0.54126247
  2    17 
  0.50000E+00   0.34000E+01     0.34256736   0.62713865   0.54126247
  0.50000E+00   0.34000E+01     0.50104118   0.64891206   0.72266903
  2    18 
  0.50000E+00   0.34000E+01     0.50104118   0.64891206   0.72266903
  0.50000E+00   0.14000E+01     0.54794484   0.45385633   0.66108292
  2    19 
  0.50000E+00   0.14000E+01     0.54794484   0.45385633   0.66108292
  0.50000E+00   0.14000E+01     0.55176466   0.50075999   0.24593963
  2    20 
  0.50000E+00   0.14000E+01     0.55176466   0.50075999   0.24593963
  0.50000E+00   0.14000E+01     0.53305049   0.64100192   0.47233056
  2    21 
  0.50000E+00   0.14000E+01     0.53305049   0.64100192   0.47233056
  0.50000E+00   0.34000E+01     0.66003368   0.30138970   0.55166729
  2    22 
  0.50000E+00   0.34000E+01     0.66003368   0.30138970   0.55166729
  0.50000E+00   0.14000E+01     0.40958177   0.59221940   0.44736812
  2    23 
  0.50000E+00   0.14000E+01     0.40958177   0.59221940   0.44736812
  0.50000E+00   0.14000E+01     0.50104118   0.31691223   0.68479157
  2    24 
  0.50000E+00   0.14000E+01     0.50104118   0.31691223   0.68479157
  0.50000E+00   0.34000E+01     0.50104118   0.64858072   0.56217315
  2    25 
  0.50000E+00   0.34000E+01     0.50104118   0.64858072   0.56217315
  0.50000E+00   0.34000E+01     0.55176466   0.50075999   0.75594798
  2    26 
  0.50000E+00   0.34000E+01     0.55176466   0.50075999   0.75594798
  0.50000E+00   0.34000E+01     0.54557714   0.63782759   0.59724264
  2    27 
  0.50000E+00   0.34000E+01     0.54557714   0.63782759   0.59724264
  0.50000E+00   0.14000E+01     0.73901427   0.43699530   0.39889489
  2    28 
  0.50000E+00   0.14000E+01     0.73901427   0.43699530   0.39889489
  0.50000E+00   0.34000E+01     0.54408235   0.66139183   0.43206079
  2    29 
  0.50000E+00   0.34000E+01     0.54408235   0.66139183   0.43206079
  0.50000E+00   0.14000E+01     0.27931595   0.35260793   0.50094380
  2    30 
  0.50000E+00   0.14000E+01     0.27931595   0.35260793   0.50094380
  0.50000E+00   0.34000E+01     0.25714343   0.50075999   0.66391107
  2    31 
  0.50000E+00   0.34000E+01     0.25714343   0.50075999   0.66391107
  0.50000E+00   0.14000E+01     0.61452032   0.26511813   0.55296789
  2    32 
  0.50000E+00   0.14000E+01     0.61452032   0.26511813   0.55296789
  0.50000E+00   0.14000E+01     0.50104118   0.53977806   0.69710086
  2    33 
  0.50000E+00   0.14000E+01     0.50104118   0.53977806   0.69710086
  0.50000E+00   0.14000E+01     0.42881705   0.37566413   0.28476170
  2    34 
  0.50000E+00   0.14000E+01     0.42881705   0.37566413   0.28476170
  0.50000E+00   0.34000E+01     0.62734227   0.55307562   0.36423649
  2    35 
  0.50000E+00   0.34000E+01     0.62734227   0.55307562   0.36423649
  0.50000E+00   0.14000E+01     0.50104118   0.35631173   0.28476170
  2    36 
  0.50000E+00   0.14000E+01     0.50104118   0.35631173   0.28476170
  0.50000E+00   0.34000E+01     0.73052797   0.55313886   0.54776548
  2    37 
  0.50000E+00   0.34000E+01     0.73052797   0.55313886   0.54776548
  0.50000E+00   0.34000E+01     0.42888170   0.32655160   0.31238200
  2    38 
  0.50000E+00   0.34000E+01     0.42888170   0.32655160   0.31238200
  0.50000E+00   0.34000E+01     0.57196565   0.64803616   0.46842875
  2    39 
  0.50000E+00   0.34000E+01     0.57196565   0.64803616   0.46842875
  0.50000E+00   0.14000E+01     0.32683279   0.57291947   0.68950561
  2    40 
  0.50000E+00   0.14000E+01     0.32683279   0.57291947   0.68950561
  0.50000E+00   0.34000E+01     0.56956151   0.38207930   0.29584797
  2    41 
  0.50000E+00   0.34000E+01     0.56956151   0.38207930   0.29584797
  0.50000E+00   0.14000E+01     0.43887060   0.26873623   0.40144611
  2    42 
  0.50000E+00   0.14000E+01     0.43887060   0.26873623   0.40144611
  0.50000E+00   0.34000E+01     0.31142269   0.50075999   0.46322634
  2    43 
  0.50000E+00   0.34000E+01     0.31142269   0.50075999   0.46322634
  0.50000E+00   0.14000E+01     0.50104118   0.40126230   0.26073512
  2    44 
  0.50000E+00   0.14000E+01     0.50104118   0.40126230   0.26073512
  0.50000E+00   0.34000E+01     0.42960694   0.50075999   0.67340132
  2    45 
  0.50000E+00   0.34000E+01     0.42960694   0.50075999   0.67340132
  0.50000E+00   0.14000E+01     0.37071436   0.68013947   0.64909587
  2    46 
  0.50000E+00   0.14000E+01     0.37071436   0.68013947   0.64909587
  0.50000E+00   0.34000E+01     0.53305049   0.64100192   0.47233056
  2    47 
  0.50000E+00   0.34000E+01     0.53305049   0.64100192   0.47233056
  0.50000E+00   0.34000E+01     0.57511721   0.37245654   0.72266903
  2    48 
  0.50000E+00   0.34000E+01     0.57511721   0.37245654   0.72266903
  0.50000E+00   0.14000E+01     0.50104118   0.63039305   0.30693423
  2    49 
  0.50000E+00   0.14000E+01     0.50104118   0.63039305   0.30693423
  0.50000E+00   0.14000E+01     0.68488894   0.50075999   0.68479157
  2    50 
  0.50000E+00   0.14000E+01     0.68488894   0.50075999   0.68479157
  0.50000E+00   0.14000E+01     0.62298706   0.62270587   0.42950956
  2    51 
  0.50000E+00   0.14000E+01     0.62298706   0.62270587   0.42950956
  0.50000E+00   0.34000E+01     0.57139667   0.57111549   0.74115248
  2    52 
  0.50000E+00   0.34000E+01     0.57139667   0.57111549   0.74115248
  0.50000E+00   0.34000E+01     0.54557714   0.63782759   0.59724264
  2    53 
  0.50000E+00   0.34000E+01     0.54557714   0.63782759   0.59724264
  0.50000E+00   0.14000E+01     0.42888170   0.32655160   0.68950561
  2    54 
  0.50000E+00   0.14000E+01     0.42888170   0.32655160   0.68950561
  0.50000E+00   0.34000E+01     0.66973912   0.63529211   0.45802393
  2    55 
  0.50000E+00   0.34000E+01     0.66973912   0.63529211   0.45802393
  0.50000E+00   0.34000E+01     0.62934463   0.57483603   0.72266903
  2    56 
  0.50000E+00   0.34000E+01     0.62934463   0.57483603   0.72266903
  0.50000E+00   0.34000E+01     0.47339678   0.37964197   0.52565524
  2    57 
  0.50000E+00   0.34000E+01     0.47339678   0.37964197   0.52565524
  0.50000E+00   0.34000E+01     0.55923992   0.24577468   0.55296789
  2    58 
  0.50000E+00   0.34000E+01     0.55923992   0.24577468   0.55296789
  0.50000E+00   0.14000E+01     0.57763960   0.65981825   0.53606006
  2    59 
  0.50000E+00   0.14000E+01     0.57763960   0.65981825   0.53606006
  0.50000E+00   0.34000E+01     0.38093684   0.70878681   0.60044150
  2    60 
  0.50000E+00   0.34000E+01     0.38093684   0.70878681   0.60044150
  0.50000E+00   0.14000E+01     0.45479230   0.64309942   0.60094645
  2    61 
  0.50000E+00   0.14000E+01     0.45479230   0.64309942   0.60094645
  0.50000E+00   0.34000E+01     0.44429741   0.25214931   0.45022032
  2    62 
  0.50000E+00   0.34000E+01     0.44429741   0.25214931   0.45022032
  0.50000E+00   0.14000E+01     0.50104118   0.64858072   0.56217315
  2    63 
  0.50000E+00   0.14000E+01     0.50104118   0.64858072   0.56217315
  0.50000E+00   0.34000E+01     0.43252432   0.28988677   0.64909587
  2    64 
  0.50000E+00   0.34000E+01     0.43252432   0.28988677   0.64909587
  0.50000E+00   0.14000E+01     0.35870175   0.54700888   0.40094116
  2    65 
  0.50000E+00   0.14000E+01     0.35870175   0.54700888   0.40094116
  0.50000E+00   0.34000E+01     0.74965187   0.44401623   0.55166729
  2    66 
  0.50000E+00   0.34000E+01     0.74965187   0.44401623   0.55166729
  0.50000E+00   0.34000E+01     0.46029936   0.43019310   0.62289268
  2    67 
  0.50000E+00   0.34000E+01     0.46029936   0.43019310   0.62289268
  0.50000E+00   0.14000E+01     0.43068569   0.57111549   0.26073512
  2    68 
  0.50000E+00   0.14000E+01     0.43068569   0.57111549   0.26073512
  0.50000E+00   0.34000E+01     0.60689153   0.56187272   0.31802049
  2    69 
  0.50000E+00   0.34000E+01     0.60689153   0.56187272   0.31802049
  0.50000E+00   0.14000E+01     0.37273773   0.42668396   0.72266903
  2    70 
  0.50000E+00   0.14000E+01     0.37273773   0.42668396   0.72266903
  0.50000E+00   0.34000E+01     0.50104118   0.32830248   0.42950956
  2    71 
  0.50000E+00   0.34000E+01     0.50104118   0.32830248   0.42950956
  0.50000E+00   0.34000E+01     0.71722328   0.35631173   0.50094380
  2    72 
  0.50000E+00   0.34000E+01     0.71722328   0.35631173   0.50094380
  0.50000E+00   0.34000E+01     0.54794484   0.45385633   0.66108292
  2    73 
  0.50000E+00   0.34000E+01     0.54794484   0.45385633   0.66108292
  0.50000E+00   0.14000E+01     0.70664258   0.43395605   0.64539206
  2    74 
  0.50000E+00   0.14000E+01     0.70664258   0.43395605   0.64539206
  0.50000E+00   0.34000E+01     0.63407632   0.50075999   0.41205257
  2    75 
  0.50000E+00   0.34000E+01     0.63407632   0.50075999   0.41205257
  0.50000E+00   0.14000E+01     0.50104118   0.24575582   0.55166729
  2    76 
  0.50000E+00   0.14000E+01     0.50104118   0.24575582   0.55166729
  0.50000E+00   0.34000E+01     0.68773192   0.39297405   0.59023660
  2    77 
  0.50000E+00   0.34000E+01     0.68773192   0.39297405   0.59023660
  0.50000E+00   0.14000E+01     0.35288912   0.72248522   0.50094380
  2    78 
  0.50000E+00   0.14000E+01     0.35288912   0.72248522   0.50094380
  0.50000E+00   0.14000E+01     0.47632974   0.37652719   0.50094380
  2    79 
  0.50000E+00   0.14000E+01     0.47632974   0.37652719   0.50094380
  0.50000E+00   0.34000E+01     0.25714343   0.50075999   0.66391107
  2    80 
  0.50000E+00   0.34000E+01     0.25714343   0.50075999   0.66391107
  0.50000E+00   0.34000E+01     0.50104118   0.32337981   0.38242215
  2    81 
  0.50000E+00   0.34000E+01     0.50104118   0.32337981   0.38242215
  0.50000E+00   0.34000E+01     0.43887060   0.73278376   0.40144611
  2    82 
  0.50000E+00   0.34000E+01     0.43887060   0.73278376   0.40144611
  0.50000E+00   0.14000E+01     0.63169748   0.55487960   0.64236516
  2    83 
  0.50000E+00   0.14000E+01     0.63169748   0.55487960   0.64236516
  0.50000E+00   0.34000E+01     0.76104118   0.50075999   0.50094380
  2    84 
  0.50000E+00   0.34000E+01     0.76104118   0.50075999   0.50094380
  0.50000E+00   0.14000E+01     0.53741539   0.34139417   0.46842875
  2    85 
  0.50000E+00   0.14000E+01     0.53741539   0.34139417   0.46842875
  0.50000E+00   0.34000E+01     0.56321176   0.73278376   0.40144611
  2    86 
  0.50000E+00   0.34000E+01     0.56321176   0.73278376   0.40144611
  0.50000E+00   0.14000E+01     0.60266793   0.32473730   0.58513416
  2    87 
  0.50000E+00   0.14000E+01     0.60266793   0.32473730   0.58513416
  0.50000E+00   0.14000E+01     0.27931595   0.35260793   0.50094380
  2    88 
  0.50000E+00   0.14000E+01     0.27931595   0.35260793   0.50094380
  0.50000E+00   0.34000E+01     0.55474630   0.59377999   0.66169460
  2    89 
  0.50000E+00   0.34000E+01     0.55474630   0.59377999   0.66169460
  0.50000E+00   0.14000E+01     0.33118800   0.57111549   0.31709604
  2    90 
  0.50000E+00   0.14000E+01     0.33118800   0.57111549   0.31709604
  0.50000E+00   0.14000E+01     0.61181898   0.34828744   0.37501455
  2    91 
  0.50000E+00   0.14000E+01     0.61181898   0.34828744   0.37501455
  0.50000E+00   0.14000E+01     0.50104118   0.75576417   0.55166729
  2    92 
  0.50000E+00   0.14000E+01     0.50104118   0.75576417   0.55166729
  0.50000E+00   0.14000E+01     0.47632974   0.37652719   0.50094380
  2    93 
  0.50000E+00   0.14000E+01     0.47632974   0.37652719   0.50094380
  0.50000E+00   0.34000E+01     0.33118800   0.43040450   0.68479157
  2    94 
  0.50000E+00   0.34000E+01     0.33118800   0.43040450   0.68479157
  0.50000E+00   0.14000E+01     0.58419034   0.64477856   0.43206079
  2    95 
  0.50000E+00   0.14000E+01     0.58419034   0.64477856   0.43206079
  0.50000E+00   0.34000E+01     0.64548944   0.50075999   0.28476170
  2    96 
  0.50000E+00   0.34000E+01     0.64548944   0.50075999   0.28476170
  0.50000E+00   0.14000E+01     0.64382504   0.46250118   0.43971445
  2    97 
  0.50000E+00   0.14000E+01     0.64382504   0.46250118   0.43971445
  0.50000E+00   0.14000E+01     0.34204868   0.70013028   0.45022032
  2    98 
  0.50000E+00   0.14000E+01     0.34204868   0.70013028   0.45022032
  0.50000E+00   0.34000E+01     0.32683279   0.57291947   0.68950561
  2    99 
  0.50000E+00   0.34000E+01     0.32683279   0.57291947   0.68950561
  0.50000E+00   0.34000E+01     0.60309010   0.50075999   0.25457593
  2   100 
  0.50000E+00   0.34000E+01     0.60309010   0.50075999   0.25457593
  0.50000E+00   0.34000E+01     0.40727637   0.38318264   0.53085765
  2   101 
  0.50000E+00   0.34000E+01     0.40727637   0.38318264   0.53085765
  0.50000E+00   0.14000E+01     0.55176466   0.50075999   0.75594798
  2   102 
  0.50000E+00   0.14000E+01     0.55176466   0.50075999   0.75594798
  0.50000E+00   0.34000E+01     0.41122877   0.55261322   0.34573614
  2   103 
  0.50000E+00   0.34000E+01     0.41122877   0.55261322   0.34573614
  0.50000E+00   0.34000E+01     0.50104118   0.35260793   0.72266903
  2   104 
  0.50000E+00   0.34000E+01     0.50104118   0.35260793   0.72266903
  0.50000E+00   0.34000E+01     0.50104118   0.32337981   0.38242215
  2   105 
  0.50000E+00   0.34000E+01     0.50104118   0.32337981   0.38242215
  0.50000E+00   0.14000E+01     0.33118800   0.67061318   0.40144611
  2   106 
  0.50000E+00   0.14000E+01     0.33118800   0.67061318   0.40144611
  0.50000E+00   0.14000E+01     0.46118824   0.35202681   0.43716323
  2   107 
  0.50000E+00   0.14000E+01     0.46118824   0.35202681   0.43716323
  0.50000E+00   0.14000E+01     0.24522011   0.56930704   0.61064639
  2   108 
  0.50000E+00   0.14000E+01     0.24522011   0.56930704   0.61064639
  0.50000E+00   0.34000E+01     0.35376501   0.57168446   0.46842875
  2   109 
  0.50000E+00   0.34000E+01     0.35376501   0.57168446   0.46842875
  0.50000E+00   0.34000E+01     0.66003368   0.70013028   0.55166729
  2   110 
  0.50000E+00   0.34000E+01     0.66003368   0.70013028   0.55166729
  0.50000E+00   0.14000E+01     0.27435246   0.57441562   0.66020727
  2   111 
  0.50000E+00   0.14000E+01     0.27435246   0.57441562   0.66020727
  0.50000E+00   0.14000E+01     0.70906800   0.62086433   0.40144611
  2   112 
  0.50000E+00   0.14000E+01     0.70906800   0.62086433   0.40144611
  0.50000E+00   0.14000E+01     0.44548416   0.59698758   0.66723773
  2   113 
  0.50000E+00   0.14000E+01     0.44548416   0.59698758   0.66723773
  0.50000E+00   0.34000E+01     0.37104118   0.37075999   0.31709604
  2   114 
  0.50000E+00   0.34000E+01     0.37104118   0.37075999   0.31709604
  0.50000E+00   0.14000E+01     0.58419034   0.64477856   0.43206079
  2   115 
  0.50000E+00   0.14000E+01     0.58419034   0.64477856   0.43206079
  0.50000E+00   0.34000E+01     0.55923992   0.24577468   0.55296789
  2   116 
  0.50000E+00   0.34000E+01     0.55923992   0.24577468   0.55296789
  0.50000E+00   0.14000E+01     0.42610326   0.39761679   0.58613124
  2   117 
  0.50000E+00   0.14000E+01     0.42610326   0.39761679   0.58613124
  0.50000E+00   0.14000E+01     0.70664258   0.43395605   0.35649554
  2   118 
  0.50000E+00   0.14000E+01     0.70664258   0.43395605   0.35649554
  0.50000E+00   0.34000E+01     0.35279148   0.38253480   0.46322634
  2   119 
  0.50000E+00   0.34000E+01     0.35279148   0.38253480   0.46322634
  0.50000E+00   0.14000E+01     0.29016796   0.43224313   0.64909587
  2   120 
  0.50000E+00   0.14000E+01     0.29016796   0.43224313   0.64909587
  0.50000E+00   0.34000E+01     0.53745804   0.50075999   0.68402372
  2   121 
  0.50000E+00   0.34000E+01     0.53745804   0.50075999   0.68402372
  0.50000E+00   0.14000E+01     0.56321176   0.26873623   0.60044150
  2   122 
  0.50000E+00   0.14000E+01     0.56321176   0.26873623   0.60044150
  0.50000E+00   0.14000E+01     0.47048685   0.63462729   0.52825645
  2   123 
  0.50000E+00   0.14000E+01     0.47048685   0.63462729   0.52825645
  0.50000E+00   0.14000E+01     0.71722328   0.50075999   0.64539206
  2   124 
  0.50000E+00   0.14000E+01     0.71722328   0.50075999   0.64539206
  0.50000E+00   0.34000E+01     0.41122877   0.55261322   0.34573614
  2   125 
  0.50000E+00   0.34000E+01     0.41122877   0.55261322   0.34573614
  0.50000E+00   0.14000E+01     0.44429741   0.74937068   0.45022032
  2   126 
  0.50000E+00   0.14000E+01     0.44429741   0.74937068   0.45022032
  0.50000E+00   0.14000E+01     0.40727637   0.38318264   0.53085765
  2   127 
  0.50000E+00   0.14000E+01     0.40727637   0.38318264   0.53085765
  0.50000E+00   0.34000E+01     0.75604535   0.50075999   0.55166729
  2   128 
  0.50000E+00   0.34000E+01     0.75604535   0.50075999   0.55166729
  0.50000E+00   0.14000E+01     0.50104118   0.36772486   0.58983504
  2   129 
  0.50000E+00   0.14000E+01     0.50104118   0.36772486   0.58983504
  0.50000E+00   0.34000E+01     0.24522011   0.56930704   0.61064639
  2   130 
  0.50000E+00   0.34000E+01     0.24522011   0.56930704   0.61064639
  0.50000E+00   0.14000E+01     0.42326135   0.61716574   0.50094380
  2   131 
  0.50000E+00   0.14000E+01     0.42326135   0.61716574   0.50094380
  0.50000E+00   0.34000E+01     0.50104118   0.50075999   0.24094380
  2   132 
  0.50000E+00   0.34000E+01     0.50104118   0.50075999   0.24094380
  0.50000E+00   0.34000E+01     0.67842137   0.38223834   0.50094380
  2   133 
  0.50000E+00   0.34000E+01     0.67842137   0.38223834   0.50094380
  0.50000E+00   0.14000E+01     0.70906800   0.62086433   0.40144611
  2   134 
  0.50000E+00   0.14000E+01     0.70906800   0.62086433   0.40144611
  0.50000E+00   0.14000E+01     0.62104118   0.38075999   0.33123818
  2   135 
  0.50000E+00   0.14000E+01     0.62104118   0.38075999   0.33123818
  0.50000E+00   0.34000E+01     0.62422512   0.71412083   0.39889489
  2   136 
  0.50000E+00   0.34000E+01     0.62422512   0.71412083   0.39889489
  0.50000E+00   0.34000E+01     0.50104118   0.41146719   0.28537191
  2   137 
  0.50000E+00   0.34000E+01     0.50104118   0.41146719   0.28537191
  0.50000E+00   0.34000E+01     0.26901741   0.43858941   0.40144611
  2   138 
  0.50000E+00   0.34000E+01     0.26901741   0.43858941   0.40144611
  0.50000E+00   0.34000E+01     0.34256736   0.62713865   0.54126247
  2   139 
  0.50000E+00   0.34000E+01     0.34256736   0.62713865   0.54126247
  0.50000E+00   0.14000E+01     0.33797195   0.29627764   0.44891972
  2   140 
  0.50000E+00   0.14000E+01     0.33797195   0.29627764   0.44891972
  0.50000E+00   0.14000E+01     0.29301436   0.62086433   0.60044150
  2   141 
  0.50000E+00   0.14000E+01     0.29301436   0.62086433   0.60044150
  0.50000E+00   0.34000E+01     0.39039902   0.27100917   0.55166729
  2   142 
  0.50000E+00   0.34000E+01     0.39039902   0.27100917   0.55166729
  0.50000E+00   0.14000E+01     0.50104118   0.43953064   0.64876453
  2   143 
  0.50000E+00   0.14000E+01     0.50104118   0.43953064   0.64876453
  0.50000E+00   0.14000E+01     0.56955805   0.71163322   0.35279174
  2   144 
  0.50000E+00   0.14000E+01     0.56955805   0.71163322   0.35279174
  0.50000E+00   0.14000E+01     0.41122877   0.44890677   0.65615146
  2   145 
  0.50000E+00   0.14000E+01     0.41122877   0.44890677   0.65615146
  0.50000E+00   0.34000E+01     0.45031770   0.50075999   0.24593963
  2   146 
  0.50000E+00   0.34000E+01     0.45031770   0.50075999   0.24593963
  0.50000E+00   0.34000E+01     0.38790410   0.61389708   0.50094380
  2   147 
  0.50000E+00   0.34000E+01     0.38790410   0.61389708   0.50094380
  0.50000E+00   0.14000E+01     0.30776533   0.50075999   0.69421966
  2   148 
  0.50000E+00   0.14000E+01     0.30776533   0.50075999   0.69421966
  0.50000E+00   0.34000E+01     0.50104118   0.43953064   0.64876453
  2   149 
  0.50000E+00   0.34000E+01     0.50104118   0.43953064   0.64876453
  0.50000E+00   0.14000E+01     0.67089437   0.67061318   0.40144611
  2   150 
  0.50000E+00   0.14000E+01     0.67089437   0.67061318   0.40144611
  0.50000E+00   0.34000E+01     0.72335251   0.50075999   0.54516428
  2   151 
  0.50000E+00   0.34000E+01     0.72335251   0.50075999   0.54516428
  0.50000E+00   0.14000E+01     0.60309010   0.50075999   0.25457593
  2   152 
  0.50000E+00   0.14000E+01     0.60309010   0.50075999   0.25457593
  0.50000E+00   0.14000E+01     0.40958177   0.59221940   0.44736812
  2   153 
  0.50000E+00   0.14000E+01     0.40958177   0.59221940   0.44736812
  0.50000E+00   0.14000E+01     0.56784512   0.29515860   0.64539206
  2   154 
  0.50000E+00   0.14000E+01     0.56784512   0.29515860   0.64539206
  0.50000E+00   0.14000E+01     0.69065967   0.46304253   0.50094380
  2   155 
  0.50000E+00   0.14000E+01     0.69065967   0.46304253   0.50094380
  0.50000E+00   0.14000E+01     0.62934463   0.42668396   0.72266903
  2   156 
  0.50000E+00   0.14000E+01     0.62934463   0.42668396   0.72266903
  0.50000E+00   0.14000E+01     0.55155282   0.62270587   0.63293707
  2   157 
  0.50000E+00   0.14000E+01     0.55155282   0.62270587   0.63293707
  0.50000E+00   0.14000E+01     0.45031770   0.75576417   0.50094380
  2   158 
  0.50000E+00   0.14000E+01     0.45031770   0.75576417   0.50094380
  0.50000E+00   0.34000E+01     0.26565271   0.54758167   0.50094380
  2   159 
  0.50000E+00   0.34000E+01     0.26565271   0.54758167   0.50094380
  0.50000E+00   0.34000E+01     0.64548944   0.50075999   0.28476170
  2   160 
  0.50000E+00   0.34000E+01     0.64548944   0.50075999   0.28476170
  0.50000E+00   0.14000E+01     0.40770785   0.40742666   0.36895054
  2   161 
  0.50000E+00   0.14000E+01     0.40770785   0.40742666   0.36895054
  0.50000E+00   0.14000E+01     0.24605586   0.44256126   0.44891972
  2   162 
  0.50000E+00   0.14000E+01     0.24605586   0.44256126   0.44891972
  0.50000E+00   0.14000E+01     0.44146463   0.62447197   0.52825645
  2   163 
  0.50000E+00   0.14000E+01     0.44146463   0.62447197   0.52825645
  0.50000E+00   0.14000E+01     0.50104118   0.35631173   0.28476170
  2   164 
  0.50000E+00   0.14000E+01     0.50104118   0.35631173   0.28476170
  0.50000E+00   0.34000E+01     0.39839842   0.56002082   0.67832399
  2   165 
  0.50000E+00   0.34000E+01     0.39839842   0.56002082   0.67832399
  0.50000E+00   0.34000E+01     0.70552353   0.33769076   0.44891972
  2   166 
  0.50000E+00   0.34000E+01     0.70552353   0.33769076   0.44891972
  0.50000E+00   0.14000E+01     0.27435246   0.57441562   0.66020727
  2   167 
  0.50000E+00   0.14000E+01     0.27435246   0.57441562   0.66020727
  0.50000E+00   0.34000E+01     0.32614619   0.37369134   0.35649554
  2   168 
  0.50000E+00   0.34000E+01     0.32614619   0.37369134   0.35649554
  0.50000E+00   0.34000E+01     0.33446002   0.54539528   0.42950956
  2   169 
  0.50000E+00   0.34000E+01     0.33446002   0.54539528   0.42950956
  0.50000E+00   0.14000E+01     0.33797195   0.29627764   0.55296789
  2   170 
  0.50000E+00   0.14000E+01     0.33797195   0.29627764   0.55296789
  0.50000E+00   0.14000E+01     0.38346383   0.59452480   0.47102995
  2   171 
  0.50000E+00   0.14000E+01     0.38346383   0.59452480   0.47102995
  0.50000E+00   0.14000E+01     0.50104118   0.50075999   0.24094380
  2   172 
  0.50000E+00   0.14000E+01     0.50104118   0.50075999   0.24094380
  0.50000E+00   0.14000E+01     0.39096945   0.36273441   0.46582755
  2   173 
  0.50000E+00   0.14000E+01     0.39096945   0.36273441   0.46582755
  0.50000E+00   0.14000E+01     0.43068569   0.57111549   0.74115248
  2   174 
  0.50000E+00   0.14000E+01     0.43068569   0.57111549   0.74115248
  0.50000E+00   0.34000E+01     0.44713859   0.61268988   0.47623236
  2   175 
  0.50000E+00   0.34000E+01     0.44713859   0.61268988   0.47623236
  0.50000E+00   0.34000E+01     0.29301436   0.62086433   0.40144611
  2   176 
  0.50000E+00   0.34000E+01     0.29301436   0.62086433   0.40144611
  0.50000E+00   0.34000E+01     0.57480262   0.34759278   0.46712815
  2   177 
  0.50000E+00   0.34000E+01     0.57480262   0.34759278   0.46712815
  0.50000E+00   0.34000E+01     0.67593617   0.37369134   0.64539206
  2   178 
  0.50000E+00   0.34000E+01     0.67593617   0.37369134   0.64539206
  0.50000E+00   0.34000E+01     0.46029936   0.43019310   0.62289268
  2   179 
  0.50000E+00   0.34000E+01     0.46029936   0.43019310   0.62289268
  0.50000E+00   0.34000E+01     0.24104118   0.50075999   0.50094380
  2   180 
  0.50000E+00   0.34000E+01     0.24104118   0.50075999   0.50094380
  0.50000E+00   0.14000E+01     0.72104118   0.50075999   0.50094380
  2   181 
  0.50000E+00   0.14000E+01     0.72104118   0.50075999   0.50094380
  0.50000E+00   0.34000E+01     0.43887060   0.73278376   0.40144611
  2   182 
  0.50000E+00   0.34000E+01     0.43887060   0.73278376   0.40144611
  0.50000E+00   0.34000E+01     0.55474630   0.40773999   0.66169460
  2   183 
  0.50000E+00   0.34000E+01     0.55474630   0.40773999   0.66169460
  0.50000E+00   0.34000E+01     0.33118800   0.67061318   0.60044150
  2   184 
  0.50000E+00   0.34000E+01     0.33118800   0.67061318   0.60044150
  0.50000E+00   0.14000E+01     0.31252769   0.40997668   0.54256307
  2   185 
  0.50000E+00   0.14000E+01     0.31252769   0.40997668   0.54256307
  0.50000E+00   0.34000E+01     0.63104118   0.63075999   0.31709604
  2   186 
  0.50000E+00   0.34000E+01     0.63104118   0.63075999   0.31709604
  0.50000E+00   0.34000E+01     0.70059389   0.63409685   0.50094380
  2   187 
  0.50000E+00   0.34000E+01     0.70059389   0.63409685   0.50094380
  0.50000E+00   0.34000E+01     0.33118800   0.67061318   0.60044150
  2   188 
  0.50000E+00   0.34000E+01     0.33118800   0.67061318   0.60044150
  0.50000E+00   0.34000E+01     0.25714343   0.50075999   0.66391107
  2   189 
  0.50000E+00   0.34000E+01     0.25714343   0.50075999   0.66391107
  0.50000E+00   0.14000E+01     0.38756204   0.73640186   0.55296789
  2   190 
  0.50000E+00   0.14000E+01     0.38756204   0.73640186   0.55296789
  0.50000E+00   0.14000E+01     0.42713082   0.62877650   0.56217315
  2   191 
  0.50000E+00   0.14000E+01     0.42713082   0.62877650   0.56217315
  0.50000E+00   0.34000E+01     0.26083250   0.60025769   0.50094380
  2   192 
  0.50000E+00   0.34000E+01     0.26083250   0.60025769   0.50094380
  0.50000E+00   0.34000E+01     0.70133677   0.59721727   0.45672333
  2   193 
  0.50000E+00   0.34000E+01     0.70133677   0.59721727   0.45672333
  0.50000E+00   0.14000E+01     0.57326531   0.62585586   0.28476170
  2   194 
  0.50000E+00   0.14000E+01     0.57326531   0.62585586   0.28476170
  0.50000E+00   0.34000E+01     0.50104118   0.63806993   0.47363116
  2   195 
  0.50000E+00   0.34000E+01     0.50104118   0.63806993   0.47363116
  0.50000E+00   0.34000E+01     0.68488894   0.50075999   0.68479157
  2   196 
  0.50000E+00   0.34000E+01     0.68488894   0.50075999   0.68479157
  0.50000E+00   0.34000E+01     0.62104118   0.38075999   0.33123818
  2   197 
  0.50000E+00   0.34000E+01     0.62104118   0.38075999   0.33123818
  0.50000E+00   0.34000E+01     0.37397253   0.32586500   0.64539206
  2   198 
  0.50000E+00   0.34000E+01     0.37397253   0.32586500   0.64539206
  0.50000E+00   0.14000E+01     0.60266793   0.32473730   0.58513416
  2   199 
  0.50000E+00   0.14000E+01     0.60266793   0.32473730   0.58513416
  0.50000E+00   0.14000E+01     0.37397253   0.32586500   0.35649554
  2   200 
  0.50000E+00   0.14000E+01     0.37397253   0.32586500   0.35649554
  0.50000E+00   0.14000E+01     0.41632875   0.61735666   0.40464496
  2   201 
  0.50000E+00   0.14000E+01     0.41632875   0.61735666   0.40464496
  0.50000E+00   0.34000E+01     0.45031770   0.75576417   0.50094380
  2   202 
  0.50000E+00   0.34000E+01     0.45031770   0.75576417   0.50094380
  0.50000E+00   0.34000E+01     0.61181898   0.34828744   0.37501455
  2   203 
  0.50000E+00   0.34000E+01     0.61181898   0.34828744   0.37501455
  0.50000E+00   0.34000E+01     0.50104118   0.45003651   0.24593963
  2   204 
  0.50000E+00   0.34000E+01     0.50104118   0.45003651   0.24593963
  0.50000E+00   0.34000E+01     0.64476311   0.44122842   0.65650730
  2   205 
  0.50000E+00   0.34000E+01     0.64476311   0.44122842   0.65650730
  0.50000E+00   0.14000E+01     0.64919324   0.27903476   0.50094380
  2   206 
  0.50000E+00   0.14000E+01     0.64919324   0.27903476   0.50094380
  0.50000E+00   0.34000E+01     0.34256736   0.62713865   0.54126247
  2   207 
  0.50000E+00   0.34000E+01     0.34256736   0.62713865   0.54126247
  0.50000E+00   0.14000E+01     0.42881705   0.37566413   0.28476170
  2   208 
  0.50000E+00   0.14000E+01     0.42881705   0.37566413   0.28476170
  0.50000E+00   0.14000E+01     0.70429468   0.50075999   0.58513416
  2   209 
  0.50000E+00   0.14000E+01     0.70429468   0.50075999   0.58513416
  0.50000E+00   0.34000E+01     0.64548944   0.50075999   0.28476170
  2   210 
  0.50000E+00   0.34000E+01     0.64548944   0.50075999   0.28476170
  0.50000E+00   0.14000E+01     0.39096945   0.36273441   0.46582755
  2   211 
  0.50000E+00   0.14000E+01     0.39096945   0.36273441   0.46582755
  0.50000E+00   0.14000E+01     0.64919324   0.27903476   0.50094380
  2   212 
  0.50000E+00   0.14000E+01     0.64919324   0.27903476   0.50094380
  0.50000E+00   0.34000E+01     0.56598471   0.34397244   0.33123818
  2   213 
  0.50000E+00   0.34000E+01     0.56598471   0.34397244   0.33123818
  0.50000E+00   0.14000E+01     0.50104118   0.24075999   0.50094380
  2   214 
  0.50000E+00   0.14000E+01     0.50104118   0.24075999   0.50094380
  0.50000E+00   0.14000E+01     0.71900991   0.60572820   0.54906608
  2   215 
  0.50000E+00   0.14000E+01     0.71900991   0.60572820   0.54906608
  0.50000E+00   0.14000E+01     0.33118800   0.43040450   0.68479157
  2   216 
  0.50000E+00   0.14000E+01     0.33118800   0.43040450   0.68479157
  0.50000E+00   0.14000E+01     0.37847601   0.37819482   0.50094380
  2   217 
  0.50000E+00   0.14000E+01     0.37847601   0.37819482   0.50094380
  0.50000E+00   0.34000E+01     0.67524958   0.42860051   0.68950561
  2   218 
  0.50000E+00   0.34000E+01     0.67524958   0.42860051   0.68950561
  0.50000E+00   0.14000E+01     0.32242447   0.42677453   0.50094380
  2   219 
  0.50000E+00   0.14000E+01     0.32242447   0.42677453   0.50094380
  0.50000E+00   0.34000E+01     0.37071436   0.68013947   0.64909587
  2   220 
  0.50000E+00   0.34000E+01     0.37071436   0.68013947   0.64909587
  0.50000E+00   0.14000E+01     0.59552813   0.63081012   0.60835405
  2   221 
  0.50000E+00   0.14000E+01     0.59552813   0.63081012   0.60835405
  0.50000E+00   0.34000E+01     0.62422512   0.71412083   0.39889489
  2   222 
  0.50000E+00   0.34000E+01     0.62422512   0.71412083   0.39889489
  0.50000E+00   0.14000E+01     0.59552813   0.63081012   0.60835405
  2   223 
  0.50000E+00   0.14000E+01     0.59552813   0.63081012   0.60835405
  0.50000E+00   0.14000E+01     0.37397253   0.32586500   0.35649554
  2   224 
  0.50000E+00   0.14000E+01     0.37397253   0.32586500   0.35649554
  0.50000E+00   0.14000E+01     0.44511758   0.63577150   0.35480840
  2   225 
  0.50000E+00   0.14000E+01     0.44511758   0.63577150   0.35480840
  0.50000E+00   0.34000E+01     0.71191441   0.56927686   0.64909587
  2   226 
  0.50000E+00   0.34000E+01     0.71191441   0.56927686   0.64909587
  0.50000E+00   0.14000E+01     0.62660682   0.59198877   0.39723736
  2   227 
  0.50000E+00   0.14000E+01     0.62660682   0.59198877   0.39723736
  0.50000E+00   0.14000E+01     0.23968123   0.56041370   0.55426849
  2   228 
  0.50000E+00   0.14000E+01     0.23968123   0.56041370   0.55426849
  0.50000E+00   0.34000E+01     0.27435246   0.57441562   0.66020727
  2   229 
  0.50000E+00   0.34000E+01     0.27435246   0.57441562   0.66020727
  0.50000E+00   0.14000E+01     0.33118800   0.43040450   0.68479157
  2   230 
  0.50000E+00   0.14000E+01     0.33118800   0.43040450   0.68479157
  0.50000E+00   0.14000E+01     0.40727637   0.38318264   0.53085765
  2   231 
  0.50000E+00   0.14000E+01     0.40727637   0.38318264   0.53085765
  0.50000E+00   0.34000E+01     0.26539931   0.61423914   0.55296789
  2   232 
  0.50000E+00   0.34000E+01     0.26539931   0.61423914   0.55296789
  0.50000E+00   0.34000E+01     0.39651614   0.39623496   0.56217315
  2   233 
  0.50000E+00   0.34000E+01     0.39651614   0.39623496   0.56217315
  0.50000E+00   0.14000E+01     0.50104118   0.71694209   0.64539206
