 AEM_Eatom=  1.592695354490823E-002
 AEM_Egroup=  9.552033091771368E-004
 AEM_Etot=  1.062640691515276E-002
 AEM_F=  0.501666417204191     
