 AEM_Eatom=  2.387676227130184E-002
 AEM_Egroup=  3.789607925102105E-003
 AEM_Etot=  1.981170080150793E-002
 AEM_F=  0.574376580920794     
