 AEM_Eatom=  0.120263096154248     
 AEM_Egroup=  1.237956182156208E-002
 AEM_Etot=  2.057841278633156E-003
 AEM_F=  0.583165043114732     
