 AEM_Eatom=  3.322347140075399E-003
 AEM_Egroup=  4.813528383419079E-004
 AEM_Etot=  1.087512686030086E-003
 AEM_F=  0.500889859717719     
