 AEM_Eatom=  8.257365055643364E-003
 AEM_Egroup=  1.305673071590718E-003
 AEM_Etot=  2.469681389221147E-003
 AEM_F=  0.507558067696503     
