 AEM_Eatom=  4.804612580015030E-003
 AEM_Egroup=  4.846402204176737E-004
 AEM_Etot=  4.340609457928203E-004
 AEM_F=  0.501853565990021     
