 AEM_Eatom=  2.397895903813101E-002
 AEM_Egroup=  4.052346185546555E-003
 AEM_Etot=  1.833253783645534E-003
 AEM_F=  0.501995206073980     
