 AEM_Eatom=  1.007519231829473E-002
 AEM_Egroup=  2.376296726847679E-003
 AEM_Etot=  8.250703936905864E-004
 AEM_F=  0.501661590035953     
