 AEM_Eatom=  3.173377451199378E-003
 AEM_Egroup=  3.941455757512474E-004
 AEM_Etot=  7.758822980060306E-004
 AEM_F=  0.500741328367598     
