 AEM_Eatom=  9.512903198478505E-002
 AEM_Egroup=  1.470935993424310E-002
 AEM_Etot=  9.333505745922876E-003
 AEM_F=  0.583064274168592     
