 AEM_Eatom=  2.818759025154432E-002
 AEM_Egroup=  2.826032904233949E-003
 AEM_Etot=  4.517283358414487E-004
 AEM_F=  0.502077718436239     
