 AEM_Eatom=  5.661123471698210E-003
 AEM_Egroup=  1.125650628789075E-003
 AEM_Etot=  1.564500097495773E-002
 AEM_F=  0.501155854449602     
