 AEM_Eatom=  5.410239393604394E-002
 AEM_Egroup=  4.564804661690092E-003
 AEM_Etot=  1.028147485508293E-002
 AEM_F=  0.533889833565554     
