 AEM_Eatom=  4.091311546532700E-002
 AEM_Egroup=  7.849645025356832E-003
 AEM_Etot=  7.088321324681565E-004
 AEM_F=  0.502127589297294     
