 AEM_Eatom=  2.492390218195829E-002
 AEM_Egroup=  1.717473822424881E-003
 AEM_Etot=  5.153815194694968E-004
 AEM_F=  0.507741895072532     
