 AEM_Eatom=  9.221328985146894E-002
 AEM_Egroup=  1.878829092054339E-002
 AEM_Etot=  4.505354296452229E-003
 AEM_F=  0.525310114045340     
