 AEM_Eatom=  1.359070353823673E-002
 AEM_Egroup=  1.149719471895339E-003
 AEM_Etot=  8.338220357161334E-004
 AEM_F=  0.500872833303530     
