 AEM_Eatom=  2.376414717242317E-002
 AEM_Egroup=  4.109026900715348E-003
 AEM_Etot=  1.652570296028554E-002
 AEM_F=  0.535319985794111     
