 AEM_Eatom=  4.526880028083337E-002
 AEM_Egroup=  2.874338611272833E-003
 AEM_Etot=  1.076083769295983E-003
 AEM_F=  0.503664640225098     
