 AEM_Eatom=  5.063545730844781E-002
 AEM_Egroup=  7.506804030447894E-003
 AEM_Etot=  1.073927136920604E-003
 AEM_F=  0.504682256364520     
