 AEM_Eatom=  0.116846022480609     
 AEM_Egroup=  1.650186477228352E-002
 AEM_Etot=  1.775636479419470E-003
 AEM_F=  0.502123440616396     
