 AEM_Eatom=  1.420417277726055E-002
 AEM_Egroup=  1.425928815347379E-003
 AEM_Etot=  2.320822982653474E-003
 AEM_F=  0.539137136426911     
