 AEM_Eatom=  0.116846022477596     
 AEM_Egroup=  1.650186477185787E-002
 AEM_Etot=  1.775636479396917E-003
 AEM_F=  0.502123440616396     
