           4           1
 PRECISION  = SINGLE     
 JOB       = SCF
 IN.PSP1   = /home/sabs/shenjie/Pseudopotential/Li.nc.pbe.UPF
 IN.PSP2   = /home/sabs/shenjie/Pseudopotential/C.nc.pbe.UPF
 IN.PSP3   = /home/sabs/shenjie/Pseudopotential/O.nc.pbe.UPF
 IN.PSP4   = /home/sabs/shenjie/Pseudopotential/N.nc.pbe.UPF
 IN.PSP5   = /home/sabs/shenjie/Pseudopotential/S.nc.pbe.UPF
 IN.PSP6   = /home/sabs/shenjie/Pseudopotential/F.nc.pbe.UPF
 IN.PSP7   = /home/sabs/shenjie/Pseudopotential/H.nc.pbe.UPF
 IN.PSP8   = /home/sabs/shenjie/Pseudopotential/P.nc.pbe.UPF
 IN.ATOM   = atom.config         
 CONVERGENCE  = EASY
 ACCURACY  = NORM
 VFF_DETAIL =   1   500  0.50000000E-02     30.00000     4.00000     0.00000     1.00000  
 EGG_DETAIL =            3           3           3
 SPIN      =   1
 CONSTRAINT_MAG =           0
 RANDOM_SEED=           0
 QIJ_DETAIL =   0  1
 SCF_MIX = CHARGE
 PWSCF_OUTPUT     =  F
 Ecut      =    60.0000000000000     
 Ecut2     =    120.000000000000     
 Ecut2L    =    120.000000000000     
 EcutP    =    60.0000000000000     
 N123      =   120   120   120
 NS123     =    40    40    40
 N123L     =   120   120   120
 STRESS_CORR =   0.100000E+01  0.000000E+00  0.200000E+01  0.000000E+00
 XCFUNCTIONAL = LDA
 HSE_DETAIL    =      1.00000000    1     0.00000000    6 1 1
 RELAX_HSE    =    20   0.50000E-01     2
 VDW       = NONE
 LONDON_S6      =   0.000000000000000E+000
 LONDON_C6(1)      =   -1.00000000000000     
 LONDON_C6(2)      =   -1.00000000000000     
 LONDON_C6(3)      =   -1.00000000000000     
 LONDON_C6(4)      =   -1.00000000000000     
 LONDON_C6(5)      =   -1.00000000000000     
 LONDON_C6(6)      =   -1.00000000000000     
 LONDON_C6(7)      =   -1.00000000000000     
 LONDON_C6(8)      =   -1.00000000000000     
 LONDON_RCUT      =   0.000000000000000E+000
 DFTD3_S6        =   0.000000000000000E+000
 DFTD3_RS6        =   0.000000000000000E+000
 DFTD3_S18        =   0.000000000000000E+000
 DFTD3_RS18        =   0.000000000000000E+000
 DFTD3_ALPHA6        =   0.000000000000000E+000
 DFTD3_VERSION        =            0
 DFTD3_3BODY        =  F
 COULOMB   =    0
 IN.WG     =  F
 OUT.WG    =  F
 IN.RHO    =  F
 OUT.RHOATOM =  F
 OUT.RHO   =  F
 IN.VR     =  F
 OUT.VR    =  F
 OUT.ELF   =  F
 IN.VEXT   =  F
 OUT.VATOM   =  F
 OUT.FORCE =  T
 OUT.STRESS =  F
 IN.KPT    =  F
 IN.SYMM   =  F
 SYMM_PREC =    0.10000E-04
 MP_N123 =      1      1      1      0      0      0      0
 NUM_KPT =            1
 CHARGE_DECOMP = F
 ENERGY_DECOMP = F 
 IN.SOLVENT =  F
 NUM_ELECTRON =   1940.00000000000     
 FIX_FERMI =   F  0.000000E+00  0.000000E+00  0.000000E+00
 IN.NONSCF    =  F
 NUM_BAND  =  1028
 OUT.REAL.RHOWF_SP= 0
 WG_ERROR  =   1.000000000000000E-004
 E_ERROR   =   5.279008887880000E-003
 RHO_ERROR =   5.000000000000000E-005
 RHO_RELATIVE_ERROR      =   0.000000000000000E+000
 FORCE_RELATIVE_ERROR     =   0.000000000000000E+000
 MIN_SCF_ITER     =            1
 SYS_TYPE   =            1
 PULAY_MIX_OPT =     30  1  0       1.00000       0.00000
 PULAY_METRIC_Q0 =       -1.00000
 IN.OCC    =  F          -1
 IN.CC    =  F
 IN.OCC_ADIA    =  F
 SCF_ITER0_1 =    6   4    3    0.0000     0.02500    1
 SCF_ITER0_2 =   94   4    3    1.0000     0.02500    1
 SCF_ITER1_1 =   40   4    3    1.0000     0.02500    1
 NONLOCAL  =  2
 IN.A_FIELD =  F       0.00000       0.00000       0.00000
 RCUT      =    4.00000000000000     
 IN.PSP_RCUT1 =   4.00000000000000     
 IN.PSP_RCUT2 =   4.00000000000000     
 IN.PSP_RCUT3 =   4.00000000000000     
 IN.PSP_RCUT4 =   4.00000000000000     
 IN.PSP_RCUT5 =   4.00000000000000     
 IN.PSP_RCUT6 =   4.00000000000000     
 IN.PSP_RCUT7 =   4.00000000000000     
 IN.PSP_RCUT8 =   4.00000000000000     
 MD_VV_SCALE =    100
 LDAU_PSP1   =           -1  2.721138638331097E-009  2.721138638331097E-009  eV
 LDAU_PSP2   =           -1  2.721138638331097E-009  2.721138638331097E-009  eV
 LDAU_PSP3   =           -1  2.721138638331097E-009  2.721138638331097E-009  eV
 LDAU_PSP4   =           -1  2.721138638331097E-009  2.721138638331097E-009  eV
 LDAU_PSP5   =           -1  2.721138638331097E-009  2.721138638331097E-009  eV
 LDAU_PSP6   =           -1  2.721138638331097E-009  2.721138638331097E-009  eV
 LDAU_PSP7   =           -1  2.721138638331097E-009  2.721138638331097E-009  eV
 LDAU_PSP8   =           -1  2.721138638331097E-009  2.721138638331097E-009  eV
 NUM_BLOCKED_PSI=  F
 WF_STORE2DISK  =            0
 NUM_DOS_GRID =         4000
 NMAP_MAX =        50000
 KERK_AMIN =   0.300000000000000     
 KERK_AMIX =   0.400000000000000     
 KERK_AMIX_MAG =   0.800000000000000     
 KERK_BMIX =   0.500000000000000     
 LDAU_MIX =   0.700000000000000     
 PULAY_WEIGHT_SPIN =    1.00000000000000     
 PULAY_WEIGHT_NS =    1.00000000000000     
 OUT.MLMD    =  F
 NUM_MPI_PER_GPU =     1
 FLAG_CYLINDER =            0
 SET_OUT_FERMI_POS =  F           0
 E_FINITE =  F   0.00000E+00   0.00000E+00   0.00000E+00
 MLINE_EIGEN =      1
 
 ------------------------------------------------
 total number of K-point:           1
   0.00000     0.00000    0.00000     1.00000            
 ------------------------------------------------
 
 
 *********************************************
 *********** end of etot.input report ********
 minimum n1,n2,n3 from Ecut2
     118.970      119.148      119.089
 minimum n1L,n2L,n3L from Ecut2L
     118.970      119.148      119.089
 *********************************************
 
 
Weighted average num_of_PW for all kpoint=                       312673.000
 ************************************
 E_Hxc(eV)         49821.9172982037     
 E_ion(eV)        -220024.163765554     
 E_Coul(eV)        78067.0376926275     
 E_Hxc+E_ion(eV)  -170202.246467351     
 NONSCF     1          AVE_STATE_ERROR= 0.5918E+01
 NONSCF     2          AVE_STATE_ERROR= 0.1625E+01
 NONSCF     3          AVE_STATE_ERROR= 0.4999E+00
 NONSCF     4          AVE_STATE_ERROR= 0.9219E-01
 NONSCF     5          AVE_STATE_ERROR= 0.1549E-01
 NONSCF     6          AVE_STATE_ERROR= 0.3103E-02
 iter=   7   ave_lin=  4.0  iCGmth=   3
 Ef(eV)               = -.2172701E+01
 err of ug            = 0.1216E-02
 dv_ave, drho_tot     = 0.0000E+00 0.1236E+00
 E_tot(eV)            = -.13305843557758E+06    -.1331E+06
 -------------------------------------------
 iter=   8   ave_lin=  4.0  iCGmth=   3
 Ef(eV)               = -.8550964E-01
 err of ug            = 0.1075E-01
 dv_ave, drho_tot     = 0.1720E-01 0.7146E-01
 E_tot(eV)            = -.13295141240732E+06    0.1070E+03
 -------------------------------------------
 iter=   9   ave_lin=  4.0  iCGmth=   3
 Ef(eV)               = -.1102440E+01
 err of ug            = 0.6699E-02
 dv_ave, drho_tot     = 0.1374E-01 0.3042E-01
 E_tot(eV)            = -.13291834717809E+06    0.3307E+02
 -------------------------------------------
 iter=  10   ave_lin=  4.0  iCGmth=   3
 Ef(eV)               = -.1039768E+01
 err of ug            = 0.2046E-02
 dv_ave, drho_tot     = 0.6909E-02 0.1065E-01
 E_tot(eV)            = -.13291306117681E+06    0.5286E+01
 -------------------------------------------
 iter=  11   ave_lin=  4.0  iCGmth=   3
 Ef(eV)               = 0.8169336E+00
 err of ug            = 0.5430E-03
 dv_ave, drho_tot     = 0.3103E-02 0.5924E-02
 E_tot(eV)            = -.13291237981210E+06    0.6814E+00
 -------------------------------------------
 iter=  12   ave_lin=  4.0  iCGmth=   3
 Ef(eV)               = 0.5738501E+00
 err of ug            = 0.3026E-03
 dv_ave, drho_tot     = 0.3557E-02 0.3719E-02
 E_tot(eV)            = -.13291184558489E+06    0.5342E+00
 -------------------------------------------
 iter=  13   ave_lin=  4.0  iCGmth=   3
 Ef(eV)               = 0.4865634E+00
 err of ug            = 0.3606E-03
 dv_ave, drho_tot     = 0.4346E-02 0.2897E-02
 E_tot(eV)            = -.13291129649533E+06    0.5491E+00
 -------------------------------------------
 iter=  14   ave_lin=  4.0  iCGmth=   3
 Ef(eV)               = 0.7480415E+00
 err of ug            = 0.3410E-03
 dv_ave, drho_tot     = 0.5881E-02 0.2290E-02
 E_tot(eV)            = -.13291081073430E+06    0.4858E+00
 -------------------------------------------
 iter=  15   ave_lin=  4.0  iCGmth=   3
 Ef(eV)               = 0.1065197E+01
 err of ug            = 0.3642E-03
 dv_ave, drho_tot     = 0.6493E-02 0.1834E-02
 E_tot(eV)            = -.13291047914130E+06    0.3316E+00
 -------------------------------------------
 iter=  16   ave_lin=  4.0  iCGmth=   3
 Ef(eV)               = 0.1146897E+01
 err of ug            = 0.2641E-03
 dv_ave, drho_tot     = 0.4280E-02 0.1398E-02
 E_tot(eV)            = -.13291040554933E+06    0.7359E-01
 -------------------------------------------
 iter=  17   ave_lin=  4.0  iCGmth=   3
 Ef(eV)               = 0.1419146E+01
 err of ug            = 0.2035E-03
 dv_ave, drho_tot     = 0.3670E-02 0.1087E-02
 E_tot(eV)            = -.13291037945185E+06    0.2610E-01
 -------------------------------------------
 iter=  18   ave_lin=  4.0  iCGmth=   3
 Ef(eV)               = 0.1604094E+01
 err of ug            = 0.1325E-03
 dv_ave, drho_tot     = 0.2903E-02 0.8094E-03
 E_tot(eV)            = -.13291036524165E+06    0.1421E-01
 -------------------------------------------
 iter=  19   ave_lin=  4.0  iCGmth=   3
 Ef(eV)               = 0.1774049E+01
 err of ug            = 0.1122E-03
 dv_ave, drho_tot     = 0.2563E-02 0.6168E-03
 E_tot(eV)            = -.13291034824508E+06    0.1700E-01
 -------------------------------------------
 iter=  20   ave_lin=  4.0  iCGmth=   3
 Ef(eV)               = 0.1905078E+01
 err of ug            = 0.1006E-03
 dv_ave, drho_tot     = 0.2333E-02 0.4627E-03
 E_tot(eV)            = -.13291033465123E+06    0.1359E-01
 -------------------------------------------
 iter=  21   ave_lin=  4.0  iCGmth=   3
 Ef(eV)               = 0.1975846E+01
 err of ug            = 0.6671E-04
 dv_ave, drho_tot     = 0.9902E-03 0.3798E-03
 E_tot(eV)            = -.13291032720198E+06    0.7449E-02
 -------------------------------------------
 iter=  22   ave_lin=  4.0  iCGmth=   3
 Ef(eV)               = 0.2025328E+01
 err of ug            = 0.6218E-04
 dv_ave, drho_tot     = 0.9915E-03 0.3066E-03
 E_tot(eV)            = -.13291032111074E+06    0.6091E-02
 -------------------------------------------
 iter=  23   ave_lin=  4.0  iCGmth=   3
 Ef(eV)               = 0.2062393E+01
 err of ug            = 0.4983E-04
 dv_ave, drho_tot     = 0.7379E-03 0.2568E-03
 E_tot(eV)            = -.13291031772074E+06    0.3390E-02
 -------------------------------------------
 E_Fermi(eV)=   2.06239337848133     
 ---------------------------------------------------
 Ef(eV)               = 0.2062393E+01
 dvE, dvE(n)-dvE(n-1) = 0.5445E-06 -.4385E-06
 dv_ave, drho_tot     = 0.7379E-03 0.2568E-03
 err of ug            = 0.4983E-04
 ---------------------------------------------------
 ending_scf_reason = tol Etot_err  5.279008887880000E-003
 Ewald        = -.42272342741991E+05
 Alpha        = 0.15207970391171E+04
 E_extV       = 0.00000000000000E+00    0.0000E+00
 E_NSC        = -.21322849401708E+05    0.6493E+00
 E[-rho*V_Hxc]= -.12184582992647E+06    -.6459E+00
 E_Hxc        = 0.51009907310317E+05    0.6575E+00
 -TS          = -.18192711128536E-11    -.1285E-11
 E_tot(eV)    = -.13291031772074E+06    0.3390E-02
 E_tot(Ryd)   = -.97687282539044E+04    0.1246E-03
 ---------------------------------------------------
 ---------------------------------------------------
 occup for:      kpt=1,spin=1,m=(totN/2-2,totN/2+2)
   1.000    1.000    1.000    0.000    0.000
 eigen(eV) for:  kpt=1,spin=1,m=(totN/2-2,totN/2+2)
  -2.020   -1.958   -1.825    2.750    2.808
 ---------------------------------------------------
 ---------------------------------------------------
 E_Hart,E_xc,E_ion =0.79771320486645E+05  -.28761413176327E+05  -.22242588216402E+06
 E_Hxc+E_ion       =-.17141597485370E+06
 E_kin+E_nonloc    =0.79257202835839E+05
 E_rhoVext,E_IVext     =0.00000000000000E+00  0.00000000000000E+00
 E_psiV,E_dDrho =-.10058012909739E+06  0.00000000000000E+00
 ave(vtot):v0 =-.77084138808743E+01
 ave(V_ion_s(or p,d))=ave(V_Hatree)=0; ave(Vtot)=ave(V_xc)=v0
 ---------------------------------------------------
 *********************************
 Eigen energies are values after setting ave(Vtot)=0
 For Vtot=V_ion+V_Hartree+V_xc, and
 ave(V_ion+V_Hatree)=0, ave(V_xc).ne.0:  E=E+v0
 *********************************
iislda,kpt=   1,    1      0.000000     0.000000     0.000000             kpoint in xyz unit 
 err of each states, A.U
  0.138294E-04     0.153836E-02     0.338043E-04     0.636435E-04     0.458553E-04
  0.238392E-04     0.204021E-04     0.221482E-04     0.356629E-04     0.154302E-04
  0.369548E-04     0.302638E-04     0.127859E-04     0.172437E-04     0.146994E-04
  0.134539E-04     0.240094E-04     0.122146E-04     0.255474E-04     0.137990E-04
  0.258206E-04     0.160379E-04     0.139569E-04     0.149672E-04     0.138082E-04
  0.285137E-04     0.163963E-04     0.146921E-04     0.217868E-04     0.169476E-04
  0.183726E-04     0.140262E-04     0.132690E-04     0.150340E-04     0.137327E-04
  0.143036E-04     0.270058E-04     0.323147E-04     0.183378E-04     0.134031E-04
  0.153589E-04     0.155002E-04     0.190811E-04     0.188208E-04     0.444603E-04
  0.295498E-04     0.291231E-04     0.146855E-04     0.144922E-04     0.213327E-04
  0.152623E-04     0.953762E-04     0.209063E-04     0.275382E-04     0.219024E-04
  0.191299E-04     0.251307E-04     0.590551E-04     0.232991E-04     0.160387E-04
  0.153892E-04     0.130339E-04     0.358152E-04     0.181080E-04     0.200952E-04
  0.615981E-04     0.169762E-04     0.168876E-04     0.140927E-04     0.280904E-04
  0.134646E-04     0.169520E-04     0.207971E-04     0.106946E-04     0.129041E-04
  0.675693E-04     0.145864E-04     0.119255E-04     0.260055E-04     0.879579E-04
  0.109345E-04     0.933636E-05     0.105837E-04     0.130660E-04     0.256607E-04
  0.580573E-04     0.187360E-04     0.697364E-04     0.109765E-04     0.123819E-04
  0.124051E-04     0.206092E-04     0.156583E-04     0.904300E-05     0.691458E-04
  0.161841E-04     0.126647E-04     0.220315E-04     0.999979E-05     0.104203E-04
  0.138540E-04     0.155939E-04     0.223606E-04     0.119385E-04     0.117437E-04
  0.204651E-04     0.207461E-04     0.200680E-04     0.127375E-04     0.179799E-04
  0.136114E-04     0.644594E-04     0.142654E-04     0.243025E-04     0.124669E-04
  0.216944E-04     0.150929E-04     0.182390E-04     0.412203E-04     0.108667E-04
  0.554431E-04     0.126793E-04     0.348053E-04     0.125926E-04     0.149386E-04
  0.333032E-04     0.113980E-04     0.103711E-04     0.189684E-04     0.402860E-04
  0.119440E-04     0.154189E-04     0.123087E-04     0.127802E-04     0.169505E-04
  0.112931E-04     0.115315E-04     0.141419E-04     0.113121E-03     0.228835E-04
  0.257489E-04     0.154467E-04     0.192922E-04     0.227467E-04     0.193987E-04
  0.583133E-04     0.115063E-04     0.100883E-04     0.154516E-04     0.120945E-04
  0.127255E-04     0.176083E-04     0.176978E-04     0.320585E-04     0.186007E-04
  0.264634E-04     0.108353E-04     0.168036E-04     0.199515E-04     0.120592E-04
  0.164709E-04     0.150863E-04     0.185818E-04     0.260261E-04     0.115103E-04
  0.472237E-04     0.138470E-04     0.169874E-04     0.539836E-04     0.636752E-04
  0.164166E-04     0.126910E-04     0.130683E-04     0.153563E-04     0.240528E-04
  0.266018E-04     0.182290E-04     0.217840E-04     0.705932E-04     0.111374E-04
  0.106885E-04     0.109039E-04     0.185051E-04     0.159223E-04     0.186520E-04
  0.100449E-04     0.493453E-04     0.100323E-04     0.110132E-04     0.944913E-05
  0.226037E-04     0.142385E-04     0.112374E-04     0.103644E-04     0.138635E-04
  0.173900E-04     0.118739E-04     0.138453E-04     0.142670E-04     0.183274E-04
  0.115879E-04     0.102764E-04     0.127962E-04     0.165822E-04     0.113030E-04
  0.130837E-04     0.308931E-04     0.108730E-04     0.176075E-04     0.120445E-04
  0.244791E-04     0.205220E-04     0.145424E-04     0.134764E-04     0.164209E-04
  0.175413E-04     0.127611E-04     0.137074E-04     0.131283E-04     0.128112E-04
  0.124476E-04     0.149670E-04     0.122002E-04     0.116106E-04     0.178107E-04
  0.185747E-04     0.132640E-04     0.989219E-05     0.105557E-04     0.150053E-04
  0.146597E-04     0.121862E-04     0.187238E-04     0.174278E-04     0.112823E-04
  0.137567E-04     0.133546E-04     0.118800E-04     0.121864E-04     0.169259E-04
  0.164466E-04     0.146436E-04     0.258464E-04     0.133446E-04     0.102332E-04
  0.159983E-04     0.121299E-04     0.157946E-04     0.167788E-04     0.155685E-04
  0.151954E-04     0.137889E-04     0.132834E-04     0.143177E-04     0.146728E-04
  0.167875E-04     0.143781E-04     0.204086E-04     0.209233E-04     0.122016E-04
  0.100806E-04     0.139923E-04     0.192160E-04     0.127726E-04     0.121619E-04
  0.211616E-04     0.158928E-04     0.170655E-04     0.123716E-04     0.123883E-04
  0.136040E-04     0.114243E-04     0.162677E-04     0.148129E-04     0.149509E-04
  0.205740E-04     0.323863E-04     0.198159E-04     0.161577E-04     0.232958E-04
  0.216075E-04     0.177971E-04     0.150125E-04     0.168097E-04     0.167486E-04
  0.138412E-04     0.135391E-04     0.138475E-04     0.137409E-04     0.176798E-04
  0.103430E-04     0.295791E-04     0.229987E-04     0.222511E-04     0.236050E-04
  0.132831E-04     0.265740E-04     0.172871E-04     0.178324E-04     0.166696E-04
  0.138564E-04     0.136438E-04     0.188320E-04     0.150218E-04     0.203481E-04
  0.180390E-04     0.165800E-04     0.197491E-04     0.187020E-04     0.256482E-04
  0.206800E-04     0.156888E-04     0.186467E-04     0.236575E-04     0.279611E-04
  0.170789E-04     0.235158E-04     0.184254E-04     0.172747E-04     0.166743E-04
  0.208299E-04     0.165165E-04     0.207927E-04     0.226360E-04     0.193148E-04
  0.227668E-04     0.210386E-04     0.255143E-04     0.186795E-04     0.210472E-04
  0.258349E-04     0.232323E-04     0.206696E-04     0.234026E-04     0.348355E-04
  0.249355E-04     0.180846E-04     0.134958E-04     0.252422E-04     0.262272E-04
  0.173466E-04     0.202546E-04     0.155356E-04     0.207993E-04     0.186918E-04
  0.210068E-04     0.211750E-04     0.251637E-04     0.188692E-04     0.228985E-04
  0.216669E-04     0.181532E-04     0.175261E-04     0.209900E-04     0.214068E-04
  0.174249E-04     0.190636E-04     0.218364E-04     0.230875E-04     0.223444E-04
  0.197343E-04     0.175440E-04     0.196549E-04     0.146970E-04     0.225944E-04
  0.191374E-04     0.259927E-04     0.249136E-04     0.188832E-04     0.169470E-04
  0.163956E-04     0.189219E-04     0.206095E-04     0.176945E-04     0.212951E-04
  0.250421E-04     0.179400E-04     0.243461E-04     0.147836E-04     0.171806E-04
  0.195917E-04     0.175001E-04     0.249018E-04     0.211855E-04     0.307283E-04
  0.147800E-04     0.233971E-04     0.223463E-04     0.253986E-04     0.209238E-04
  0.248575E-04     0.285220E-04     0.322736E-04     0.165073E-04     0.245482E-04
  0.237716E-04     0.192957E-04     0.174370E-04     0.197505E-04     0.334434E-04
  0.210999E-04     0.194456E-04     0.220037E-04     0.242760E-04     0.207032E-04
  0.209951E-04     0.213514E-04     0.205886E-04     0.233137E-04     0.231259E-04
  0.234889E-04     0.239088E-04     0.261321E-04     0.218615E-04     0.261218E-04
  0.217260E-04     0.208212E-04     0.281023E-04     0.340678E-04     0.385957E-04
  0.207979E-04     0.273928E-04     0.270306E-04     0.275151E-04     0.411913E-04
  0.178113E-04     0.270834E-04     0.254238E-04     0.202128E-04     0.315054E-04
  0.303456E-04     0.290118E-04     0.257682E-04     0.365792E-04     0.237446E-04
  0.261424E-04     0.242679E-04     0.312815E-04     0.236102E-04     0.232655E-04
  0.199456E-04     0.297545E-04     0.271378E-04     0.267264E-04     0.274899E-04
  0.213141E-04     0.224243E-04     0.267131E-04     0.269740E-04     0.267397E-04
  0.269813E-04     0.270961E-04     0.183373E-04     0.262185E-04     0.395691E-04
  0.312350E-04     0.324263E-04     0.186654E-04     0.192233E-04     0.238936E-04
  0.198549E-04     0.267615E-04     0.194617E-04     0.249427E-04     0.259459E-04
  0.345754E-04     0.219802E-04     0.174998E-04     0.426142E-04     0.223927E-04
  0.249474E-04     0.197818E-04     0.192148E-04     0.220754E-04     0.204573E-04
  0.267142E-04     0.262117E-04     0.210497E-04     0.257140E-04     0.252020E-04
  0.272344E-04     0.213947E-04     0.398256E-04     0.399016E-04     0.150951E-04
  0.208768E-04     0.152551E-04     0.157606E-04     0.168624E-04     0.175922E-04
  0.232592E-04     0.126984E-04     0.197368E-04     0.191932E-04     0.224386E-04
  0.188975E-04     0.189450E-04     0.186084E-04     0.198633E-04     0.207716E-04
  0.171024E-04     0.171967E-04     0.207751E-04     0.168565E-04     0.174520E-04
  0.160267E-04     0.263115E-04     0.176471E-04     0.191926E-04     0.175354E-04
  0.197871E-04     0.192726E-04     0.187288E-04     0.214893E-04     0.246282E-04
  0.266435E-04     0.192649E-04     0.275907E-04     0.201034E-04     0.255860E-04
  0.153483E-04     0.164145E-04     0.244055E-04     0.171540E-04     0.281020E-04
  0.262962E-04     0.329204E-04     0.231337E-04     0.170501E-04     0.210777E-04
  0.168383E-04     0.195017E-04     0.217756E-04     0.236460E-04     0.187546E-04
  0.197698E-04     0.154134E-04     0.154760E-04     0.233426E-04     0.252625E-04
  0.270266E-04     0.208858E-04     0.146046E-04     0.213614E-04     0.243368E-04
  0.276489E-04     0.160415E-04     0.161642E-04     0.182265E-04     0.168252E-04
  0.224716E-04     0.190230E-04     0.207095E-04     0.129249E-04     0.206248E-04
  0.167236E-04     0.222137E-04     0.151291E-04     0.173166E-04     0.162143E-04
  0.193450E-04     0.171436E-04     0.198758E-04     0.198196E-04     0.211462E-04
  0.222303E-04     0.165204E-04     0.184479E-04     0.216700E-04     0.179258E-04
  0.206469E-04     0.187113E-04     0.184451E-04     0.240661E-04     0.240900E-04
  0.182476E-04     0.171630E-04     0.176029E-04     0.219916E-04     0.156261E-04
  0.186691E-04     0.192821E-04     0.137834E-04     0.201266E-04     0.167231E-04
  0.181298E-04     0.208140E-04     0.176577E-04     0.163908E-04     0.190690E-04
  0.205004E-04     0.176374E-04     0.277114E-04     0.233322E-04     0.214736E-04
  0.172783E-04     0.274019E-04     0.229793E-04     0.201549E-04     0.191783E-04
  0.173951E-04     0.182960E-04     0.181029E-04     0.210682E-04     0.187287E-04
  0.192380E-04     0.207070E-04     0.194051E-04     0.194655E-04     0.179766E-04
  0.165819E-04     0.188817E-04     0.191784E-04     0.171433E-04     0.228198E-04
  0.213175E-04     0.204777E-04     0.214493E-04     0.178829E-04     0.152745E-04
  0.197040E-04     0.193422E-04     0.176631E-04     0.209991E-04     0.255296E-04
  0.206240E-04     0.202067E-04     0.193552E-04     0.290125E-04     0.190904E-04
  0.166937E-04     0.199071E-04     0.167923E-04     0.187020E-04     0.204263E-04
  0.211290E-04     0.195931E-04     0.198836E-04     0.202550E-04     0.213625E-04
  0.201809E-04     0.204658E-04     0.204463E-04     0.191533E-04     0.158353E-04
  0.178822E-04     0.213956E-04     0.203522E-04     0.186421E-04     0.194950E-04
  0.180951E-04     0.180245E-04     0.172848E-04     0.237690E-04     0.218744E-04
  0.206428E-04     0.232083E-04     0.219568E-04     0.230453E-04     0.207493E-04
  0.195565E-04     0.250278E-04     0.215762E-04     0.220482E-04     0.231725E-04
  0.215160E-04     0.208119E-04     0.222684E-04     0.228012E-04     0.227230E-04
  0.235174E-04     0.210324E-04     0.260970E-04     0.202278E-04     0.266871E-04
  0.245349E-04     0.279045E-04     0.217516E-04     0.280801E-04     0.261188E-04
  0.228682E-04     0.221267E-04     0.220007E-04     0.229445E-04     0.231986E-04
  0.228819E-04     0.238740E-04     0.217431E-04     0.227925E-04     0.269720E-04
  0.250728E-04     0.266271E-04     0.216029E-04     0.218009E-04     0.214693E-04
  0.231728E-04     0.225209E-04     0.238255E-04     0.215126E-04     0.212976E-04
  0.221812E-04     0.209542E-04     0.269705E-04     0.235000E-04     0.254586E-04
  0.214775E-04     0.241247E-04     0.220716E-04     0.239914E-04     0.202717E-04
  0.233149E-04     0.213836E-04     0.217801E-04     0.227793E-04     0.256899E-04
  0.217673E-04     0.289818E-04     0.260609E-04     0.239258E-04     0.244409E-04
  0.257661E-04     0.237040E-04     0.240427E-04     0.216802E-04     0.240989E-04
  0.241826E-04     0.250455E-04     0.248578E-04     0.235790E-04     0.221234E-04
  0.231225E-04     0.243338E-04     0.253174E-04     0.270501E-04     0.265203E-04
  0.242402E-04     0.258458E-04     0.263048E-04     0.217510E-04     0.283622E-04
  0.184088E-04     0.269082E-04     0.258438E-04     0.273291E-04     0.252010E-04
  0.297644E-04     0.310489E-04     0.322534E-04     0.272406E-04     0.299752E-04
  0.260187E-04     0.279945E-04     0.351544E-04     0.254783E-04     0.276448E-04
  0.292812E-04     0.272322E-04     0.222835E-04     0.264677E-04     0.266431E-04
  0.250090E-04     0.260827E-04     0.248607E-04     0.279756E-04     0.223383E-04
  0.352049E-04     0.262831E-04     0.259051E-04     0.274129E-04     0.301226E-04
  0.259215E-04     0.242416E-04     0.270359E-04     0.271688E-04     0.297581E-04
  0.318085E-04     0.269588E-04     0.301985E-04     0.267585E-04     0.256681E-04
  0.296268E-04     0.288644E-04     0.294399E-04     0.281761E-04     0.256862E-04
  0.324812E-04     0.274508E-04     0.285009E-04     0.274461E-04     0.217403E-04
  0.258041E-04     0.276628E-04     0.280114E-04     0.286707E-04     0.244898E-04
  0.264954E-04     0.249940E-04     0.278994E-04     0.300791E-04     0.258589E-04
  0.252031E-04     0.293575E-04     0.269372E-04     0.285128E-04     0.277581E-04
  0.284683E-04     0.290481E-04     0.260886E-04     0.280393E-04     0.233505E-04
  0.320956E-04     0.235895E-04     0.233629E-04     0.273219E-04     0.317627E-04
  0.290691E-04     0.252414E-04     0.323590E-04     0.282595E-04     0.265200E-04
  0.217351E-04     0.251308E-04     0.306738E-04     0.251688E-04     0.265006E-04
  0.328633E-04     0.353220E-04     0.334154E-04     0.291701E-04     0.220130E-04
  0.277770E-04     0.204298E-04     0.278335E-04     0.322647E-04     0.392774E-04
  0.253115E-04     0.397187E-04     0.329542E-04     0.382716E-04     0.277897E-04
  0.306222E-04     0.253079E-04     0.221483E-04     0.222290E-04     0.329614E-04
  0.262531E-04     0.218336E-04     0.316807E-04     0.300909E-04     0.225450E-04
  0.324166E-04     0.245405E-04     0.318177E-04     0.322458E-04     0.349343E-04
  0.233916E-04     0.256604E-04     0.277010E-04     0.269045E-04     0.385515E-04
  0.269226E-04     0.309572E-04     0.308927E-04     0.421007E-04     0.289203E-04
  0.242625E-04     0.254720E-04     0.368604E-04     0.226577E-04     0.226303E-04
  0.368983E-04     0.378860E-04     0.398451E-04     0.470766E-04     0.354489E-04
  0.308141E-04     0.410997E-04     0.311489E-04     0.469427E-04     0.299182E-04
  0.322149E-04     0.388754E-04     0.304593E-04     0.516564E-04     0.295021E-04
  0.355537E-04     0.390912E-04     0.249640E-04     0.349640E-04     0.321007E-04
  0.325875E-04     0.385732E-04     0.286025E-04     0.510004E-04     0.451106E-04
  0.321055E-04     0.300425E-04     0.269680E-04     0.321493E-04     0.305956E-04
  0.402136E-04     0.400472E-04     0.363453E-04     0.425008E-04     0.398698E-04
  0.264611E-04     0.358532E-04     0.342648E-04     0.338866E-04     0.340019E-04
  0.475068E-04     0.279722E-04     0.399989E-04     0.402419E-04     0.258705E-04
  0.229501E-04     0.284698E-04     0.316068E-04     0.418296E-04     0.610191E-04
  0.547960E-04     0.386121E-04     0.338979E-04     0.336191E-04     0.333148E-04
  0.243231E-04     0.211606E-04     0.239502E-04     0.327720E-04     0.289207E-04
  0.253312E-04     0.198671E-04     0.501692E-04     0.355769E-04     0.285319E-04
  0.425645E-04     0.696932E-04     0.299519E-04     0.228829E-04     0.259663E-04
  0.352144E-04     0.456438E-04     0.227966E-04     0.228217E-04     0.298358E-04
  0.245613E-04     0.346658E-04     0.343423E-04     0.219637E-04     0.302937E-04
  0.224192E-04     0.246216E-04     0.314499E-04     0.269242E-04     0.209616E-04
  0.339863E-04     0.309811E-04     0.413274E-04     0.257463E-04     0.285993E-04
  0.302461E-04     0.354549E-04     0.400483E-04     0.447041E-04     0.188118E-04
  0.336783E-04     0.362907E-04     0.297566E-04     0.256838E-04     0.242071E-04
  0.752379E-04     0.142158E-03     0.933202E-04     0.103734E-03     0.206401E-03
  0.156347E-03     0.216851E-03     0.151916E-03     0.245432E-03     0.220726E-03
  0.230163E-03     0.357166E-03     0.555653E-03     0.532993E-03     0.537197E-03
  0.601733E-03     0.818375E-03     0.723903E-03     0.520022E-03     0.100481E-02
  0.126687E-02     0.776164E-03     0.207275E-02     0.109250E-02     0.191360E-02
  0.143142E-02     0.108986E-02     0.266076E-02     0.107870E-02     0.189997E-02
  0.184639E-02     0.156619E-02     0.384054E-02     0.204404E-02     0.398543E-02
  0.185904E-02     0.301863E-02     0.379867E-02     0.363166E-02     0.243131E-02
  0.656820E-02     0.481553E-02     0.347439E-02     0.332906E-02     0.436766E-02
  0.581426E-02     0.628058E-02     0.414616E-02     0.812732E-02     0.996671E-02
  0.102852E-01     0.834046E-02     0.716393E-02     0.118855E-01     0.922816E-02
  0.821944E-02     0.102059E-01     0.162297E-01
 eigen energies, in eV 
    -44.370757       -44.354297       -44.349212       -44.276165       -43.892362
    -28.314963       -28.207884       -28.087762       -28.065572       -28.025277
    -27.975389       -27.931521       -27.930792       -27.919297       -27.905320
    -27.840857       -27.805211       -27.800642       -27.792742       -27.776870
    -27.714885       -27.690141       -27.676584       -27.667308       -27.620461
    -27.592537       -27.576539       -27.562985       -27.544498       -27.544378
    -27.529672       -27.523144       -27.476355       -27.474994       -27.474658
    -27.432501       -27.373749       -27.369783       -27.356860       -27.341930
    -27.338047       -27.321208       -27.305410       -27.277304       -27.215027
    -27.152983       -27.151641       -27.149991       -27.127298       -27.098067
    -27.087869       -27.072525       -27.055699       -27.033062       -27.013954
    -26.998694       -26.987896       -26.981400       -26.966324       -26.950357
    -26.826237       -26.807721       -26.753856       -26.747858       -26.733058
    -26.710935       -26.709579       -26.663325       -26.613320       -26.581755
    -26.494298       -26.492792       -26.477887       -26.438962       -26.330167
    -26.281271       -26.267199       -26.231318       -26.221357       -26.214977
    -26.190235       -26.180891       -26.164624       -26.152197       -26.135264
    -26.102755       -26.069358       -26.060120       -26.054809       -25.996655
    -25.982772       -25.958564       -25.936841       -25.930107       -25.911005
    -25.866841       -25.862165       -25.853096       -25.841719       -25.827338
    -25.796010       -25.790993       -25.766572       -25.757257       -25.742224
    -25.734450       -25.693901       -25.693818       -25.687619       -25.673963
    -25.668950       -25.657125       -25.642135       -25.568143       -25.546050
    -25.529520       -25.506941       -25.506430       -25.494717       -25.493988
    -25.492674       -25.490825       -25.453295       -25.450059       -25.427645
    -25.418489       -25.413016       -25.323252       -25.317573       -25.310040
    -25.304384       -25.295879       -25.269176       -25.219364       -25.209113
    -23.885062       -23.742593       -23.716017       -23.604091       -23.511236
    -23.469011       -23.453961       -23.423871       -23.404462       -23.400624
    -23.309352       -23.294668       -23.291708       -23.269694       -23.181709
    -23.181438       -23.180542       -23.178688       -23.160314       -23.151752
    -23.129340       -23.085256       -23.058877       -23.039472       -23.001371
    -22.991337       -22.968103       -22.936050       -22.880985       -22.834828
    -22.830564       -22.816272       -22.791994       -22.565248       -22.273044
    -21.838596       -21.678057       -21.464631       -21.334944       -21.284688
    -21.260997       -21.229986       -21.219330       -21.183317       -21.148203
    -21.092696       -21.073310       -21.067371       -21.040996       -20.966737
    -20.903485       -20.858202       -20.792177       -20.757649       -20.591865
    -18.467985       -18.384312       -18.277463       -18.174101       -18.058927
    -16.424962       -16.288924       -16.166730       -16.130605       -16.130055
    -16.113170       -16.055321       -15.959916       -15.940501       -15.869796
    -15.801960       -15.780401       -15.779535       -15.729975       -15.504735
    -15.116706       -15.116190       -15.025825       -14.959298       -14.891385
    -14.844942       -14.787845       -14.745444       -14.744516       -14.709335
    -14.676809       -14.668521       -14.662493       -14.661037       -14.626869
    -14.594849       -14.583722       -14.512768       -14.506930       -14.428248
    -14.401485       -14.386865       -14.335093       -14.262343       -14.218844
    -13.712618       -13.664217       -13.660931       -13.656846       -13.651036
    -13.595439       -13.567831       -13.562962       -13.523707       -13.482745
    -13.464784       -13.461820       -13.460155       -13.454771       -13.436767
    -13.413806       -13.399713       -13.388283       -13.371938       -13.366424
    -13.361142       -13.343864       -13.264609       -13.241914       -13.225934
    -13.220198       -13.184217       -13.180303       -13.066067       -12.835599
    -12.139796       -12.091308       -12.076530       -12.049296       -12.037438
    -12.034375       -11.996039       -11.961973       -11.923571       -11.903508
    -11.849921       -11.819682       -11.804967       -11.771174       -11.706804
    -11.676646       -11.598368       -11.537725       -11.536690       -11.485908
    -11.479737       -11.477207       -11.418419       -11.407602       -11.385107
    -11.358292       -11.290437       -11.252895       -11.249671       -11.226075
    -11.176878       -11.143594       -11.113837       -11.089779       -11.063986
    -11.033290       -10.965336       -10.953370       -10.942779       -10.856815
    -10.808204       -10.701697       -10.668055       -10.628556       -10.616625
    -10.597854       -10.517568       -10.506277       -10.483975       -10.475609
    -10.462247       -10.450496       -10.428028       -10.386459       -10.371497
    -10.366306       -10.350011       -10.343958       -10.310343       -10.307075
    -10.302874       -10.290483       -10.277214       -10.266024       -10.255962
    -10.247964       -10.237892       -10.232892       -10.222966       -10.204685
    -10.193050       -10.184312       -10.163358       -10.153256       -10.127959
    -10.106795       -10.104320       -10.091935       -10.071776       -10.060291
    -10.033900       -10.030722        -9.980506        -9.974091        -9.954786
     -9.938275        -9.933622        -9.925405        -9.909970        -9.906868
     -9.903465        -9.895344        -9.879048        -9.868558        -9.856499
     -9.851189        -9.833624        -9.804027        -9.793756        -9.789155
     -9.755323        -9.738846        -9.735472        -9.716164        -9.705520
     -9.703098        -9.680561        -9.667981        -9.652447        -9.647021
     -9.633447        -9.614641        -9.611633        -9.606541        -9.590092
     -9.584433        -9.575749        -9.561349        -9.544968        -9.541092
     -9.522412        -9.519852        -9.508933        -9.505856        -9.475614
     -9.465736        -9.431022        -9.410987        -9.394928        -9.390950
     -9.383919        -9.352636        -9.326528        -9.319388        -9.312838
     -9.303171        -9.294938        -9.286206        -9.276357        -9.255761
     -9.226347        -9.221451        -9.208365        -9.200390        -9.188313
     -9.185828        -9.149358        -9.144820        -9.133428        -9.115340
     -9.102503        -9.091559        -9.079113        -9.071152        -9.060693
     -9.051994        -9.035166        -9.028017        -9.005620        -8.997169
     -8.983538        -8.980360        -8.970527        -8.955579        -8.946229
     -8.921600        -8.905459        -8.899240        -8.868006        -8.866366
     -8.853462        -8.834518        -8.829373        -8.807250        -8.797355
     -8.785073        -8.782034        -8.766461        -8.760938        -8.751713
     -8.730501        -8.724104        -8.719524        -8.693643        -8.680510
     -8.670894        -8.649699        -8.636888        -8.631493        -8.609624
     -8.604074        -8.584938        -8.576093        -8.572733        -8.500974
     -8.475265        -8.457576        -8.450555        -8.422663        -8.417236
     -8.407470        -8.393108        -8.371707        -8.358794        -8.323822
     -8.319875        -8.310235        -8.300556        -8.287499        -8.282241
     -8.247489        -8.246653        -8.231061        -8.228015        -8.214407
     -8.160903        -8.130549        -8.101974        -8.089320        -8.032854
     -8.003939        -7.993431        -7.946399        -7.940707        -7.906014
     -7.900497        -7.898670        -7.851600        -7.847309        -7.833287
     -7.822313        -7.796185        -7.779487        -7.762776        -7.739477
     -7.715692        -7.708060        -7.706852        -7.646026        -7.627627
     -7.594130        -7.580734        -7.556484        -7.538017        -7.506192
     -7.496981        -7.481519        -7.473050        -7.458692        -7.414371
     -7.393545        -7.385927        -7.341116        -7.325630        -7.319677
     -7.294547        -7.256782        -7.245495        -7.234363        -7.158656
     -7.132487        -7.128126        -7.115236        -7.107220        -7.099819
     -7.069764        -7.060984        -7.047626        -7.042112        -7.023270
     -7.011184        -6.983703        -6.968523        -6.966430        -6.949367
     -6.928990        -6.904688        -6.879056        -6.864480        -6.820121
     -6.804308        -6.800326        -6.770998        -6.759992        -6.750329
     -6.742014        -6.736478        -6.711226        -6.702952        -6.693990
     -6.660072        -6.647068        -6.633558        -6.623962        -6.600455
     -6.585749        -6.569509        -6.558638        -6.549937        -6.541044
     -6.536101        -6.502021        -6.495655        -6.479518        -6.457259
     -6.439994        -6.428829        -6.417427        -6.412875        -6.410806
     -6.393877        -6.376751        -6.370365        -6.362190        -6.348794
     -6.334551        -6.326703        -6.310197        -6.305070        -6.300520
     -6.284210        -6.277220        -6.274050        -6.265367        -6.260019
     -6.253333        -6.243267        -6.238069        -6.231280        -6.213549
     -6.206164        -6.202201        -6.191634        -6.174897        -6.167972
     -6.149549        -6.142785        -6.125700        -6.114191        -6.111089
     -6.103294        -6.095390        -6.089193        -6.076762        -6.070180
     -6.060193        -6.057880        -6.049438        -6.039777        -6.033829
     -6.023355        -6.010051        -6.007079        -6.004123        -6.000287
     -5.990361        -5.982241        -5.975303        -5.966577        -5.965649
     -5.937758        -5.931691        -5.925702        -5.920711        -5.906729
     -5.902710        -5.902143        -5.890575        -5.872452        -5.857447
     -5.855413        -5.836762        -5.832560        -5.825494        -5.814692
     -5.807968        -5.802697        -5.801694        -5.798203        -5.783881
     -5.782347        -5.773798        -5.770019        -5.763637        -5.756307
     -5.742983        -5.740441        -5.725179        -5.713987        -5.707882
     -5.704953        -5.685667        -5.683208        -5.679011        -5.671115
     -5.661623        -5.657838        -5.638786        -5.630109        -5.626106
     -5.617738        -5.604875        -5.603088        -5.599792        -5.587432
     -5.583736        -5.580613        -5.570781        -5.560967        -5.556972
     -5.552917        -5.546039        -5.538914        -5.535051        -5.523028
     -5.519287        -5.515831        -5.510771        -5.505333        -5.500150
     -5.493296        -5.490985        -5.484327        -5.480512        -5.469937
     -5.462580        -5.453230        -5.448023        -5.435441        -5.429781
     -5.426984        -5.421123        -5.417162        -5.413266        -5.410364
     -5.407849        -5.395179        -5.389876        -5.379553        -5.374599
     -5.368191        -5.360630        -5.355383        -5.349959        -5.348415
     -5.342293        -5.340348        -5.325739        -5.323380        -5.318157
     -5.312847        -5.299741        -5.296420        -5.289727        -5.283416
     -5.274567        -5.263721        -5.254088        -5.248701        -5.241551
     -5.238982        -5.231809        -5.226125        -5.222970        -5.217449
     -5.206140        -5.194757        -5.190840        -5.189598        -5.186589
     -5.174223        -5.170888        -5.166111        -5.160627        -5.146835
     -5.138591        -5.131789        -5.130131        -5.123575        -5.118728
     -5.100148        -5.095734        -5.093489        -5.091854        -5.090129
     -5.085767        -5.076321        -5.066489        -5.065733        -5.059820
     -5.048501        -5.041747        -5.040892        -5.036028        -5.027052
     -5.022996        -5.020403        -5.015746        -5.002238        -4.996979
     -4.992943        -4.987684        -4.986109        -4.979159        -4.969935
     -4.965981        -4.958591        -4.956566        -4.950572        -4.941423
     -4.936567        -4.922605        -4.919999        -4.911220        -4.905134
     -4.898669        -4.895949        -4.892271        -4.886784        -4.877796
     -4.873317        -4.867132        -4.862204        -4.858139        -4.849413
     -4.846250        -4.844674        -4.832266        -4.829622        -4.825167
     -4.819565        -4.814133        -4.805691        -4.799286        -4.783493
     -4.772674        -4.769027        -4.764379        -4.759346        -4.748359
     -4.738537        -4.734397        -4.728107        -4.720988        -4.711722
     -4.700238        -4.696221        -4.690621        -4.690400        -4.682279
     -4.677906        -4.672878        -4.661211        -4.655785        -4.636082
     -4.627888        -4.609559        -4.593637        -4.583282        -4.573178
     -4.563924        -4.556277        -4.547260        -4.538651        -4.531896
     -4.521377        -4.503097        -4.488856        -4.485140        -4.480179
     -4.465539        -4.459965        -4.453625        -4.448148        -4.433704
     -4.403695        -4.379523        -4.353574        -4.318428        -4.316267
     -4.302296        -4.297632        -4.288892        -4.257990        -4.250561
     -4.202046        -4.197890        -4.165002        -4.151779        -4.146124
     -4.103979        -4.066754        -4.058012        -4.045070        -3.989776
     -3.983781        -3.968819        -3.951066        -3.944829        -3.943713
     -3.911671        -3.901965        -3.891471        -3.857495        -3.844987
     -3.831922        -3.824549        -3.810512        -3.787130        -3.770592
     -3.762744        -3.736582        -3.732737        -3.728940        -3.712480
     -3.699552        -3.675291        -3.661721        -3.654414        -3.637414
     -3.619448        -3.611952        -3.592088        -3.571701        -3.565307
     -3.559679        -3.553802        -3.529121        -3.521916        -3.517680
     -3.509688        -3.503828        -3.478102        -3.462732        -3.452821
     -3.451226        -3.440139        -3.432726        -3.419489        -3.418427
     -3.406750        -3.391596        -3.385673        -3.376954        -3.369297
     -3.365595        -3.358970        -3.347842        -3.327057        -3.304905
     -3.292391        -3.289997        -3.278659        -3.253272        -3.233574
     -3.232322        -3.220798        -3.217304        -3.213047        -3.194736
     -3.174443        -3.161963        -3.123579        -3.093100        -3.052037
     -3.044205        -3.024214        -3.001528        -2.960950        -2.911881
     -2.893819        -2.848470        -2.816097        -2.789462        -2.777646
     -2.757844        -2.726938        -2.694171        -2.672051        -2.645979
     -2.633129        -2.627813        -2.599176        -2.598146        -2.566945
     -2.530241        -2.515909        -2.506738        -2.492435        -2.472121
     -2.431046        -2.316501        -2.301767        -2.291096        -2.272944
     -2.257357        -2.254220        -2.224703        -2.188705        -2.184341
     -2.139517        -2.061294        -2.020164        -1.957953        -1.824622
      2.749839         2.808379         2.861990         2.951444         3.033196
      3.059809         3.124913         3.165678         3.231653         3.253127
      3.258548         3.323896         3.382797         3.406452         3.433046
      3.486631         3.561104         3.576372         3.593016         3.657953
      3.690123         3.702462         3.738222         3.749959         3.772520
      3.800735         3.823266         3.845618         3.858137         3.883899
      3.923008         3.935326         3.952659         3.977734         3.986325
      4.017909         4.030715         4.041221         4.058705         4.071205
      4.098511         4.125703         4.148422         4.155905         4.174025
      4.192429         4.222210         4.245819         4.274129         4.296371
      4.306724         4.328713         4.356943         4.375273         4.413347
      4.454833         4.469650         4.523988
 *********************************
 total computation time (sec)=   1996.68053507805     
