 AEM_Eatom=  1.091105736385173E-002
 AEM_Egroup=  1.739539376857028E-003
 AEM_Etot=  9.143646137843440E-004
 AEM_F=  0.501837403074138     
