           4           1
 PRECISION  = SINGLE     
 JOB       = SCF
 IN.PSP1   = /home/sabs/shenjie/Pseudopotential/Li.nc.pbe.UPF
 IN.PSP2   = /home/sabs/shenjie/Pseudopotential/C.nc.pbe.UPF
 IN.PSP3   = /home/sabs/shenjie/Pseudopotential/O.nc.pbe.UPF
 IN.PSP4   = /home/sabs/shenjie/Pseudopotential/N.nc.pbe.UPF
 IN.PSP5   = /home/sabs/shenjie/Pseudopotential/S.nc.pbe.UPF
 IN.PSP6   = /home/sabs/shenjie/Pseudopotential/F.nc.pbe.UPF
 IN.PSP7   = /home/sabs/shenjie/Pseudopotential/H.nc.pbe.UPF
 IN.PSP8   = /home/sabs/shenjie/Pseudopotential/P.nc.pbe.UPF
 IN.ATOM   = atom.config         
 CONVERGENCE  = EASY
 ACCURACY  = NORM
 VFF_DETAIL =   1   500  0.50000000E-02     30.00000     4.00000     0.00000     1.00000  
 EGG_DETAIL =            3           3           3
 SPIN      =   1
 CONSTRAINT_MAG =           0
 RANDOM_SEED=           0
 QIJ_DETAIL =   0  1
 SCF_MIX = CHARGE
 PWSCF_OUTPUT     =  F
 Ecut      =    60.0000000000000     
 Ecut2     =    120.000000000000     
 Ecut2L    =    120.000000000000     
 EcutP    =    60.0000000000000     
 N123      =   120   120   120
 NS123     =    40    40    40
 N123L     =   120   120   120
 STRESS_CORR =   0.100000E+01  0.000000E+00  0.200000E+01  0.000000E+00
 XCFUNCTIONAL = LDA
 HSE_DETAIL    =      1.00000000    1     0.00000000    6 1 1
 RELAX_HSE    =    20   0.50000E-01     2
 VDW       = NONE
 LONDON_S6      =   0.000000000000000E+000
 LONDON_C6(1)      =   -1.00000000000000     
 LONDON_C6(2)      =   -1.00000000000000     
 LONDON_C6(3)      =   -1.00000000000000     
 LONDON_C6(4)      =   -1.00000000000000     
 LONDON_C6(5)      =   -1.00000000000000     
 LONDON_C6(6)      =   -1.00000000000000     
 LONDON_C6(7)      =   -1.00000000000000     
 LONDON_C6(8)      =   -1.00000000000000     
 LONDON_RCUT      =   0.000000000000000E+000
 DFTD3_S6        =   0.000000000000000E+000
 DFTD3_RS6        =   0.000000000000000E+000
 DFTD3_S18        =   0.000000000000000E+000
 DFTD3_RS18        =   0.000000000000000E+000
 DFTD3_ALPHA6        =   0.000000000000000E+000
 DFTD3_VERSION        =            0
 DFTD3_3BODY        =  F
 COULOMB   =    0
 IN.WG     =  F
 OUT.WG    =  F
 IN.RHO    =  F
 OUT.RHOATOM =  F
 OUT.RHO   =  F
 IN.VR     =  F
 OUT.VR    =  F
 OUT.ELF   =  F
 IN.VEXT   =  F
 OUT.VATOM   =  F
 OUT.FORCE =  T
 OUT.STRESS =  F
 IN.KPT    =  F
 IN.SYMM   =  F
 SYMM_PREC =    0.10000E-04
 MP_N123 =      1      1      1      0      0      0      0
 NUM_KPT =            1
 CHARGE_DECOMP = F
 ENERGY_DECOMP = F 
 IN.SOLVENT =  F
 NUM_ELECTRON =   1940.00000000000     
 FIX_FERMI =   F  0.000000E+00  0.000000E+00  0.000000E+00
 IN.NONSCF    =  F
 NUM_BAND  =  1028
 OUT.REAL.RHOWF_SP= 0
 WG_ERROR  =   1.000000000000000E-004
 E_ERROR   =   5.279008887880000E-003
 RHO_ERROR =   5.000000000000000E-005
 RHO_RELATIVE_ERROR      =   0.000000000000000E+000
 FORCE_RELATIVE_ERROR     =   0.000000000000000E+000
 MIN_SCF_ITER     =            1
 SYS_TYPE   =            1
 PULAY_MIX_OPT =     30  1  0       1.00000       0.00000
 PULAY_METRIC_Q0 =       -1.00000
 IN.OCC    =  F          -1
 IN.CC    =  F
 IN.OCC_ADIA    =  F
 SCF_ITER0_1 =    6   4    3    0.0000     0.02500    1
 SCF_ITER0_2 =   94   4    3    1.0000     0.02500    1
 SCF_ITER1_1 =   40   4    3    1.0000     0.02500    1
 NONLOCAL  =  2
 IN.A_FIELD =  F       0.00000       0.00000       0.00000
 RCUT      =    4.00000000000000     
 IN.PSP_RCUT1 =   4.00000000000000     
 IN.PSP_RCUT2 =   4.00000000000000     
 IN.PSP_RCUT3 =   4.00000000000000     
 IN.PSP_RCUT4 =   4.00000000000000     
 IN.PSP_RCUT5 =   4.00000000000000     
 IN.PSP_RCUT6 =   4.00000000000000     
 IN.PSP_RCUT7 =   4.00000000000000     
 IN.PSP_RCUT8 =   4.00000000000000     
 MD_VV_SCALE =    100
 LDAU_PSP1   =           -1  2.721138638331097E-009  2.721138638331097E-009  eV
 LDAU_PSP2   =           -1  2.721138638331097E-009  2.721138638331097E-009  eV
 LDAU_PSP3   =           -1  2.721138638331097E-009  2.721138638331097E-009  eV
 LDAU_PSP4   =           -1  2.721138638331097E-009  2.721138638331097E-009  eV
 LDAU_PSP5   =           -1  2.721138638331097E-009  2.721138638331097E-009  eV
 LDAU_PSP6   =           -1  2.721138638331097E-009  2.721138638331097E-009  eV
 LDAU_PSP7   =           -1  2.721138638331097E-009  2.721138638331097E-009  eV
 LDAU_PSP8   =           -1  2.721138638331097E-009  2.721138638331097E-009  eV
 NUM_BLOCKED_PSI=  F
 WF_STORE2DISK  =            0
 NUM_DOS_GRID =         4000
 NMAP_MAX =        50000
 KERK_AMIN =   0.300000000000000     
 KERK_AMIX =   0.400000000000000     
 KERK_AMIX_MAG =   0.800000000000000     
 KERK_BMIX =   0.500000000000000     
 LDAU_MIX =   0.700000000000000     
 PULAY_WEIGHT_SPIN =    1.00000000000000     
 PULAY_WEIGHT_NS =    1.00000000000000     
 OUT.MLMD    =  F
 NUM_MPI_PER_GPU =     1
 FLAG_CYLINDER =            0
 SET_OUT_FERMI_POS =  F           0
 E_FINITE =  F   0.00000E+00   0.00000E+00   0.00000E+00
 MLINE_EIGEN =      1
 
 ------------------------------------------------
 total number of K-point:           1
   0.00000     0.00000    0.00000     1.00000            
 ------------------------------------------------
 
 
 *********************************************
 *********** end of etot.input report ********
 minimum n1,n2,n3 from Ecut2
     118.970      119.148      119.089
 minimum n1L,n2L,n3L from Ecut2L
     118.970      119.148      119.089
 *********************************************
 
 
Weighted average num_of_PW for all kpoint=                       312673.000
 ************************************
 E_Hxc(eV)         49890.9551840677     
 E_ion(eV)        -220203.110140471     
 E_Coul(eV)        78141.0014569591     
 E_Hxc+E_ion(eV)  -170312.154956403     
 NONSCF     1          AVE_STATE_ERROR= 0.5918E+01
 NONSCF     2          AVE_STATE_ERROR= 0.1626E+01
 NONSCF     3          AVE_STATE_ERROR= 0.5005E+00
 NONSCF     4          AVE_STATE_ERROR= 0.9225E-01
 NONSCF     5          AVE_STATE_ERROR= 0.1549E-01
 NONSCF     6          AVE_STATE_ERROR= 0.3099E-02
 iter=   7   ave_lin=  4.0  iCGmth=   3
 Ef(eV)               = -.2189919E+01
 err of ug            = 0.1215E-02
 dv_ave, drho_tot     = 0.0000E+00 0.1239E+00
 E_tot(eV)            = -.13305999301337E+06    -.1331E+06
 -------------------------------------------
 iter=   8   ave_lin=  4.0  iCGmth=   3
 Ef(eV)               = -.1029926E+00
 err of ug            = 0.1076E-01
 dv_ave, drho_tot     = 0.1726E-01 0.7162E-01
 E_tot(eV)            = -.13295207473420E+06    0.1079E+03
 -------------------------------------------
 iter=   9   ave_lin=  4.0  iCGmth=   3
 Ef(eV)               = -.1101802E+01
 err of ug            = 0.6734E-02
 dv_ave, drho_tot     = 0.1384E-01 0.3043E-01
 E_tot(eV)            = -.13291857597367E+06    0.3350E+02
 -------------------------------------------
 iter=  10   ave_lin=  4.0  iCGmth=   3
 Ef(eV)               = -.1037631E+01
 err of ug            = 0.2053E-02
 dv_ave, drho_tot     = 0.6915E-02 0.1070E-01
 E_tot(eV)            = -.13291326530564E+06    0.5311E+01
 -------------------------------------------
 iter=  11   ave_lin=  4.0  iCGmth=   3
 Ef(eV)               = 0.8153347E+00
 err of ug            = 0.5452E-03
 dv_ave, drho_tot     = 0.3121E-02 0.5944E-02
 E_tot(eV)            = -.13291257947395E+06    0.6858E+00
 -------------------------------------------
 iter=  12   ave_lin=  4.0  iCGmth=   3
 Ef(eV)               = 0.5752741E+00
 err of ug            = 0.3025E-03
 dv_ave, drho_tot     = 0.3557E-02 0.3725E-02
 E_tot(eV)            = -.13291204733087E+06    0.5321E+00
 -------------------------------------------
 iter=  13   ave_lin=  4.0  iCGmth=   3
 Ef(eV)               = 0.4668160E+00
 err of ug            = 0.3598E-03
 dv_ave, drho_tot     = 0.4347E-02 0.2898E-02
 E_tot(eV)            = -.13291149972808E+06    0.5476E+00
 -------------------------------------------
 iter=  14   ave_lin=  4.0  iCGmth=   3
 Ef(eV)               = 0.6776355E+00
 err of ug            = 0.3383E-03
 dv_ave, drho_tot     = 0.5870E-02 0.2291E-02
 E_tot(eV)            = -.13291101532158E+06    0.4844E+00
 -------------------------------------------
 iter=  15   ave_lin=  4.0  iCGmth=   3
 Ef(eV)               = 0.1018584E+01
 err of ug            = 0.3644E-03
 dv_ave, drho_tot     = 0.6536E-02 0.1836E-02
 E_tot(eV)            = -.13291068054446E+06    0.3348E+00
 -------------------------------------------
 iter=  16   ave_lin=  4.0  iCGmth=   3
 Ef(eV)               = 0.1087661E+01
 err of ug            = 0.2654E-03
 dv_ave, drho_tot     = 0.4322E-02 0.1398E-02
 E_tot(eV)            = -.13291060630050E+06    0.7424E-01
 -------------------------------------------
 iter=  17   ave_lin=  4.0  iCGmth=   3
 Ef(eV)               = 0.1350614E+01
 err of ug            = 0.2042E-03
 dv_ave, drho_tot     = 0.3690E-02 0.1087E-02
 E_tot(eV)            = -.13291058045634E+06    0.2584E-01
 -------------------------------------------
 iter=  18   ave_lin=  4.0  iCGmth=   3
 Ef(eV)               = 0.1574486E+01
 err of ug            = 0.1324E-03
 dv_ave, drho_tot     = 0.2906E-02 0.8088E-03
 E_tot(eV)            = -.13291056653588E+06    0.1392E-01
 -------------------------------------------
 iter=  19   ave_lin=  4.0  iCGmth=   3
 Ef(eV)               = 0.1753345E+01
 err of ug            = 0.1125E-03
 dv_ave, drho_tot     = 0.2568E-02 0.6169E-03
 E_tot(eV)            = -.13291054935981E+06    0.1718E-01
 -------------------------------------------
 iter=  20   ave_lin=  4.0  iCGmth=   3
 Ef(eV)               = 0.1901251E+01
 err of ug            = 0.9934E-04
 dv_ave, drho_tot     = 0.2318E-02 0.4615E-03
 E_tot(eV)            = -.13291053608428E+06    0.1328E-01
 -------------------------------------------
 iter=  21   ave_lin=  4.0  iCGmth=   3
 Ef(eV)               = 0.2008441E+01
 err of ug            = 0.6182E-04
 dv_ave, drho_tot     = 0.9415E-03 0.3851E-03
 E_tot(eV)            = -.13291052900295E+06    0.7081E-02
 -------------------------------------------
 iter=  22   ave_lin=  4.0  iCGmth=   3
 Ef(eV)               = 0.2086476E+01
 err of ug            = 0.6420E-04
 dv_ave, drho_tot     = 0.1101E-02 0.3100E-03
 E_tot(eV)            = -.13291052202908E+06    0.6974E-02
 -------------------------------------------
 iter=  23   ave_lin=  4.0  iCGmth=   3
 Ef(eV)               = 0.2123021E+01
 err of ug            = 0.5407E-04
 dv_ave, drho_tot     = 0.8707E-03 0.2485E-03
 E_tot(eV)            = -.13291051848486E+06    0.3544E-02
 -------------------------------------------
 E_Fermi(eV)=   2.12302144858719     
 ---------------------------------------------------
 Ef(eV)               = 0.2123021E+01
 dvE, dvE(n)-dvE(n-1) = 0.7581E-06 -.4543E-06
 dv_ave, drho_tot     = 0.8707E-03 0.2485E-03
 err of ug            = 0.5407E-04
 ---------------------------------------------------
 ending_scf_reason = tol Etot_err  5.279008887880000E-003
 Ewald        = -.42171171015228E+05
 Alpha        = 0.15207970391171E+04
 E_extV       = 0.00000000000000E+00    0.0000E+00
 E_NSC        = -.21339393426360E+05    0.7270E+00
 E[-rho*V_Hxc]= -.12200983049331E+06    -.7235E+00
 E_Hxc        = 0.51089079410916E+05    0.7343E+00
 -TS          = -.42306509316690E-10    -.2835E-10
 E_tot(eV)    = -.13291051848486E+06    0.3544E-02
 E_tot(Ryd)   = -.97687430097956E+04    0.1302E-03
 ---------------------------------------------------
 ---------------------------------------------------
 occup for:      kpt=1,spin=1,m=(totN/2-2,totN/2+2)
   1.000    1.000    1.000    0.000    0.000
 eigen(eV) for:  kpt=1,spin=1,m=(totN/2-2,totN/2+2)
  -2.015   -1.943   -1.836    2.727    2.822
 ---------------------------------------------------
 ---------------------------------------------------
 E_Hart,E_xc,E_ion =0.79858788338573E+05  -.28769708927658E+05  -.22263401409631E+06
 E_Hxc+E_ion       =-.17154493468540E+06
 E_kin+E_nonloc    =0.79284790176646E+05
 E_rhoVext,E_IVext     =0.00000000000000E+00  0.00000000000000E+00
 E_psiV,E_dDrho =-.10062430400996E+06  0.00000000000000E+00
 ave(vtot):v0 =-.77039625593065E+01
 ave(V_ion_s(or p,d))=ave(V_Hatree)=0; ave(Vtot)=ave(V_xc)=v0
 ---------------------------------------------------
 *********************************
 Eigen energies are values after setting ave(Vtot)=0
 For Vtot=V_ion+V_Hartree+V_xc, and
 ave(V_ion+V_Hatree)=0, ave(V_xc).ne.0:  E=E+v0
 *********************************
iislda,kpt=   1,    1      0.000000     0.000000     0.000000             kpoint in xyz unit 
 err of each states, A.U
  0.343233E-04     0.189921E-04     0.559360E-04     0.266616E-04     0.236429E-04
  0.237118E-04     0.157768E-04     0.263871E-04     0.507572E-04     0.371219E-04
  0.142297E-04     0.154954E-04     0.165534E-04     0.157067E-04     0.140822E-04
  0.128643E-04     0.615304E-04     0.266084E-04     0.289261E-04     0.157838E-04
  0.225485E-04     0.139029E-04     0.136375E-04     0.224310E-04     0.217893E-04
  0.154911E-04     0.195676E-04     0.156522E-04     0.646084E-04     0.148452E-04
  0.513471E-04     0.392641E-04     0.139461E-04     0.178513E-04     0.147149E-04
  0.217694E-04     0.412404E-04     0.158510E-04     0.145333E-04     0.164306E-04
  0.163416E-04     0.182277E-04     0.197537E-04     0.258346E-04     0.150740E-04
  0.151022E-04     0.258463E-04     0.151732E-04     0.174606E-04     0.173706E-04
  0.319094E-04     0.148681E-04     0.179165E-04     0.178816E-04     0.964341E-04
  0.409330E-04     0.171826E-04     0.531987E-04     0.195899E-04     0.345915E-04
  0.192244E-04     0.291510E-04     0.509532E-04     0.238788E-04     0.347213E-04
  0.299030E-04     0.157222E-04     0.187862E-04     0.219480E-04     0.278911E-04
  0.191465E-04     0.128507E-04     0.618531E-04     0.142002E-04     0.337327E-04
  0.143199E-04     0.153657E-04     0.241786E-04     0.223931E-04     0.178692E-04
  0.169515E-04     0.160410E-04     0.110466E-04     0.133441E-04     0.923123E-04
  0.195366E-04     0.164801E-04     0.121789E-04     0.124033E-04     0.439223E-04
  0.188569E-04     0.136562E-04     0.144283E-04     0.103772E-04     0.670831E-04
  0.155847E-04     0.169443E-04     0.151434E-04     0.114956E-04     0.131333E-04
  0.123661E-04     0.191234E-04     0.134835E-04     0.126268E-04     0.125879E-04
  0.147061E-04     0.506402E-04     0.119987E-04     0.174862E-04     0.143447E-04
  0.188778E-04     0.136824E-04     0.665244E-04     0.170420E-04     0.110189E-04
  0.170667E-04     0.139142E-04     0.189741E-04     0.158941E-04     0.136046E-04
  0.122353E-04     0.412634E-04     0.141332E-04     0.221996E-04     0.117262E-04
  0.481040E-04     0.162964E-04     0.189769E-04     0.364407E-04     0.177800E-04
  0.112911E-04     0.122315E-04     0.106525E-04     0.118835E-04     0.773914E-04
  0.119575E-04     0.344566E-04     0.220147E-04     0.208692E-04     0.439312E-04
  0.140601E-04     0.846041E-04     0.176955E-04     0.239700E-04     0.184750E-04
  0.140057E-04     0.440236E-04     0.130655E-04     0.232908E-04     0.189215E-04
  0.127723E-04     0.246134E-04     0.195270E-04     0.168062E-04     0.111035E-04
  0.110980E-04     0.229794E-04     0.236677E-04     0.171609E-04     0.199471E-04
  0.157434E-04     0.170278E-04     0.241531E-04     0.381969E-04     0.105369E-04
  0.203950E-04     0.129980E-04     0.203070E-04     0.191958E-04     0.203520E-04
  0.239996E-04     0.278329E-04     0.172828E-04     0.164214E-04     0.147269E-04
  0.229182E-04     0.344372E-04     0.178211E-04     0.427919E-04     0.124614E-04
  0.128828E-04     0.198335E-04     0.112117E-04     0.209904E-04     0.219440E-04
  0.104982E-04     0.182498E-04     0.111319E-04     0.103152E-04     0.107612E-04
  0.204068E-04     0.123807E-04     0.147045E-04     0.100749E-04     0.185017E-04
  0.198885E-04     0.145115E-04     0.153171E-04     0.197311E-04     0.129293E-04
  0.215083E-04     0.115082E-04     0.187017E-04     0.136769E-04     0.121400E-04
  0.115302E-04     0.239009E-04     0.206017E-04     0.306452E-04     0.138191E-04
  0.280950E-04     0.271637E-04     0.203517E-04     0.165310E-04     0.219541E-04
  0.201742E-04     0.150942E-04     0.152338E-04     0.154565E-04     0.156464E-04
  0.132380E-04     0.239285E-04     0.160623E-04     0.191766E-04     0.129284E-04
  0.171051E-04     0.211223E-04     0.119500E-04     0.119072E-04     0.171379E-04
  0.147581E-04     0.148346E-04     0.207067E-04     0.210561E-04     0.121016E-04
  0.129264E-04     0.146849E-04     0.204176E-04     0.145653E-04     0.108517E-04
  0.152499E-04     0.185098E-04     0.240537E-04     0.152803E-04     0.205906E-04
  0.120616E-04     0.154758E-04     0.231141E-04     0.139740E-04     0.162890E-04
  0.202039E-04     0.144557E-04     0.162283E-04     0.159746E-04     0.175262E-04
  0.152450E-04     0.151111E-04     0.240973E-04     0.235429E-04     0.128005E-04
  0.113981E-04     0.251915E-04     0.143682E-04     0.153232E-04     0.144721E-04
  0.232762E-04     0.174093E-04     0.174203E-04     0.222333E-04     0.159857E-04
  0.142514E-04     0.147541E-04     0.187878E-04     0.174723E-04     0.168087E-04
  0.207909E-04     0.227832E-04     0.349530E-04     0.184318E-04     0.221146E-04
  0.237676E-04     0.214366E-04     0.221995E-04     0.211545E-04     0.188288E-04
  0.202077E-04     0.181904E-04     0.163220E-04     0.158823E-04     0.205941E-04
  0.117280E-04     0.315579E-04     0.306412E-04     0.249891E-04     0.246714E-04
  0.290776E-04     0.155514E-04     0.212492E-04     0.216819E-04     0.214821E-04
  0.149238E-04     0.237809E-04     0.159497E-04     0.143396E-04     0.261779E-04
  0.218908E-04     0.204114E-04     0.242518E-04     0.212792E-04     0.335533E-04
  0.248257E-04     0.214065E-04     0.191017E-04     0.333555E-04     0.335187E-04
  0.247846E-04     0.256009E-04     0.198488E-04     0.194908E-04     0.210138E-04
  0.247903E-04     0.209946E-04     0.247884E-04     0.400059E-04     0.222684E-04
  0.262669E-04     0.288244E-04     0.268718E-04     0.217630E-04     0.225939E-04
  0.290250E-04     0.307177E-04     0.240216E-04     0.309452E-04     0.397463E-04
  0.293683E-04     0.231996E-04     0.170169E-04     0.291464E-04     0.289886E-04
  0.238667E-04     0.225762E-04     0.186604E-04     0.246866E-04     0.227245E-04
  0.241502E-04     0.258828E-04     0.300463E-04     0.233501E-04     0.264640E-04
  0.254838E-04     0.212302E-04     0.210149E-04     0.240739E-04     0.284920E-04
  0.243293E-04     0.170236E-04     0.238181E-04     0.289368E-04     0.253976E-04
  0.256328E-04     0.226671E-04     0.230944E-04     0.165625E-04     0.272514E-04
  0.339085E-04     0.229377E-04     0.231935E-04     0.234400E-04     0.203741E-04
  0.204170E-04     0.237652E-04     0.241888E-04     0.297746E-04     0.277371E-04
  0.207460E-04     0.296535E-04     0.173807E-04     0.197147E-04     0.194626E-04
  0.244210E-04     0.207984E-04     0.273853E-04     0.351041E-04     0.265527E-04
  0.159719E-04     0.299198E-04     0.293555E-04     0.262997E-04     0.248962E-04
  0.293042E-04     0.325512E-04     0.391903E-04     0.206493E-04     0.279235E-04
  0.284956E-04     0.219552E-04     0.400934E-04     0.189218E-04     0.197103E-04
  0.220569E-04     0.274662E-04     0.283558E-04     0.260941E-04     0.236653E-04
  0.247574E-04     0.250568E-04     0.262446E-04     0.244856E-04     0.294014E-04
  0.321409E-04     0.327738E-04     0.268874E-04     0.268686E-04     0.297364E-04
  0.269261E-04     0.253453E-04     0.400832E-04     0.297318E-04     0.491461E-04
  0.238501E-04     0.377157E-04     0.314487E-04     0.357431E-04     0.515719E-04
  0.326312E-04     0.252331E-04     0.305251E-04     0.263052E-04     0.355785E-04
  0.354290E-04     0.302032E-04     0.340442E-04     0.461319E-04     0.290934E-04
  0.245620E-04     0.401627E-04     0.300174E-04     0.310572E-04     0.285381E-04
  0.288653E-04     0.357776E-04     0.319209E-04     0.303552E-04     0.334918E-04
  0.269580E-04     0.321878E-04     0.257976E-04     0.299549E-04     0.308828E-04
  0.304476E-04     0.328604E-04     0.275951E-04     0.379460E-04     0.377708E-04
  0.442935E-04     0.350139E-04     0.216227E-04     0.211484E-04     0.287441E-04
  0.351362E-04     0.245415E-04     0.191810E-04     0.249285E-04     0.330128E-04
  0.425400E-04     0.269765E-04     0.209739E-04     0.506813E-04     0.337683E-04
  0.295108E-04     0.275147E-04     0.245056E-04     0.247412E-04     0.238744E-04
  0.315735E-04     0.272720E-04     0.244655E-04     0.301601E-04     0.294588E-04
  0.327081E-04     0.258750E-04     0.482472E-04     0.466087E-04     0.189437E-04
  0.226571E-04     0.179700E-04     0.184819E-04     0.181226E-04     0.289154E-04
  0.209180E-04     0.134889E-04     0.225919E-04     0.268951E-04     0.247300E-04
  0.225132E-04     0.222026E-04     0.206338E-04     0.234123E-04     0.236947E-04
  0.229861E-04     0.192432E-04     0.201934E-04     0.200302E-04     0.199484E-04
  0.189540E-04     0.305167E-04     0.221416E-04     0.213143E-04     0.234159E-04
  0.209651E-04     0.238223E-04     0.253516E-04     0.257552E-04     0.257397E-04
  0.236064E-04     0.331747E-04     0.288927E-04     0.293058E-04     0.313477E-04
  0.182586E-04     0.256315E-04     0.241794E-04     0.218922E-04     0.344670E-04
  0.423137E-04     0.287805E-04     0.190429E-04     0.200569E-04     0.258978E-04
  0.288990E-04     0.234991E-04     0.251615E-04     0.226375E-04     0.223017E-04
  0.248634E-04     0.196272E-04     0.246921E-04     0.231834E-04     0.294775E-04
  0.324832E-04     0.251896E-04     0.167175E-04     0.245368E-04     0.314228E-04
  0.294515E-04     0.194037E-04     0.213097E-04     0.195723E-04     0.286835E-04
  0.236282E-04     0.229279E-04     0.259690E-04     0.226890E-04     0.181665E-04
  0.207148E-04     0.254200E-04     0.215996E-04     0.167025E-04     0.196824E-04
  0.218696E-04     0.196975E-04     0.266060E-04     0.250937E-04     0.269524E-04
  0.188878E-04     0.186914E-04     0.233668E-04     0.243170E-04     0.209961E-04
  0.241046E-04     0.215338E-04     0.252214E-04     0.231207E-04     0.243811E-04
  0.298367E-04     0.209445E-04     0.190123E-04     0.271699E-04     0.191225E-04
  0.217014E-04     0.226590E-04     0.189645E-04     0.213491E-04     0.183326E-04
  0.242687E-04     0.238055E-04     0.205269E-04     0.263360E-04     0.261283E-04
  0.194443E-04     0.272705E-04     0.220399E-04     0.278113E-04     0.254184E-04
  0.317408E-04     0.215290E-04     0.256148E-04     0.242677E-04     0.225935E-04
  0.231583E-04     0.205963E-04     0.218719E-04     0.243948E-04     0.219003E-04
  0.221247E-04     0.240458E-04     0.217604E-04     0.241296E-04     0.216249E-04
  0.242611E-04     0.184055E-04     0.236934E-04     0.174701E-04     0.270491E-04
  0.251435E-04     0.284156E-04     0.213718E-04     0.207013E-04     0.188752E-04
  0.231455E-04     0.223824E-04     0.206751E-04     0.211504E-04     0.328004E-04
  0.244054E-04     0.352726E-04     0.242664E-04     0.236890E-04     0.227473E-04
  0.195640E-04     0.233029E-04     0.201483E-04     0.216668E-04     0.239217E-04
  0.253113E-04     0.230844E-04     0.237629E-04     0.265410E-04     0.242718E-04
  0.235115E-04     0.231249E-04     0.259727E-04     0.218226E-04     0.223659E-04
  0.174456E-04     0.261979E-04     0.243077E-04     0.218165E-04     0.239729E-04
  0.226567E-04     0.200851E-04     0.191421E-04     0.287681E-04     0.255331E-04
  0.245104E-04     0.266485E-04     0.290273E-04     0.241354E-04     0.266918E-04
  0.232307E-04     0.284144E-04     0.247609E-04     0.262277E-04     0.283833E-04
  0.263988E-04     0.275700E-04     0.250115E-04     0.269481E-04     0.269195E-04
  0.300369E-04     0.241248E-04     0.318089E-04     0.300419E-04     0.301092E-04
  0.243092E-04     0.289026E-04     0.260429E-04     0.342903E-04     0.310914E-04
  0.287928E-04     0.280622E-04     0.279922E-04     0.249106E-04     0.267233E-04
  0.282632E-04     0.277247E-04     0.273351E-04     0.281503E-04     0.307664E-04
  0.290898E-04     0.319220E-04     0.258129E-04     0.259728E-04     0.259593E-04
  0.295737E-04     0.287556E-04     0.272795E-04     0.245225E-04     0.216419E-04
  0.258338E-04     0.293252E-04     0.301308E-04     0.286986E-04     0.309977E-04
  0.279916E-04     0.309778E-04     0.275952E-04     0.254150E-04     0.242155E-04
  0.284700E-04     0.273779E-04     0.316649E-04     0.253339E-04     0.271179E-04
  0.289801E-04     0.330218E-04     0.300094E-04     0.273316E-04     0.278974E-04
  0.283930E-04     0.275144E-04     0.290995E-04     0.259677E-04     0.319371E-04
  0.282765E-04     0.290227E-04     0.288731E-04     0.294298E-04     0.275632E-04
  0.282591E-04     0.290971E-04     0.313933E-04     0.321797E-04     0.324583E-04
  0.305876E-04     0.300510E-04     0.320105E-04     0.280542E-04     0.355517E-04
  0.265195E-04     0.332021E-04     0.326324E-04     0.364310E-04     0.320528E-04
  0.415224E-04     0.365914E-04     0.319719E-04     0.328002E-04     0.283720E-04
  0.330075E-04     0.295997E-04     0.399392E-04     0.314004E-04     0.307656E-04
  0.366635E-04     0.311359E-04     0.303711E-04     0.284917E-04     0.344078E-04
  0.305522E-04     0.299974E-04     0.340120E-04     0.395340E-04     0.327063E-04
  0.300470E-04     0.316372E-04     0.280775E-04     0.334128E-04     0.336701E-04
  0.324648E-04     0.297771E-04     0.317763E-04     0.352863E-04     0.371924E-04
  0.311614E-04     0.340997E-04     0.340503E-04     0.328459E-04     0.321638E-04
  0.313245E-04     0.317257E-04     0.342008E-04     0.340812E-04     0.369300E-04
  0.346050E-04     0.358028E-04     0.274613E-04     0.314364E-04     0.311359E-04
  0.325103E-04     0.324798E-04     0.337707E-04     0.322482E-04     0.291547E-04
  0.312844E-04     0.293092E-04     0.294885E-04     0.385604E-04     0.312271E-04
  0.362486E-04     0.360678E-04     0.314379E-04     0.315551E-04     0.360614E-04
  0.379101E-04     0.328591E-04     0.289345E-04     0.289577E-04     0.290507E-04
  0.301171E-04     0.367395E-04     0.383813E-04     0.394180E-04     0.296960E-04
  0.307588E-04     0.304542E-04     0.346031E-04     0.341095E-04     0.314900E-04
  0.250374E-04     0.335040E-04     0.353275E-04     0.296383E-04     0.417583E-04
  0.356973E-04     0.459533E-04     0.318189E-04     0.298147E-04     0.332874E-04
  0.258496E-04     0.455547E-04     0.382604E-04     0.308322E-04     0.319856E-04
  0.478246E-04     0.493224E-04     0.303501E-04     0.315373E-04     0.329768E-04
  0.393218E-04     0.296025E-04     0.264608E-04     0.381947E-04     0.304926E-04
  0.387197E-04     0.267158E-04     0.287962E-04     0.345213E-04     0.261056E-04
  0.390449E-04     0.333517E-04     0.292011E-04     0.366550E-04     0.417601E-04
  0.287793E-04     0.317361E-04     0.298031E-04     0.297977E-04     0.447303E-04
  0.317277E-04     0.467157E-04     0.394982E-04     0.361952E-04     0.331700E-04
  0.276156E-04     0.431200E-04     0.292501E-04     0.304692E-04     0.249262E-04
  0.411203E-04     0.464862E-04     0.516442E-04     0.384987E-04     0.408185E-04
  0.554368E-04     0.433066E-04     0.558131E-04     0.442739E-04     0.340413E-04
  0.379106E-04     0.477402E-04     0.419014E-04     0.582942E-04     0.428234E-04
  0.390281E-04     0.444450E-04     0.313444E-04     0.463361E-04     0.457311E-04
  0.360912E-04     0.351440E-04     0.724125E-04     0.334812E-04     0.379060E-04
  0.329058E-04     0.367611E-04     0.387167E-04     0.409929E-04     0.448835E-04
  0.374575E-04     0.515322E-04     0.435876E-04     0.459285E-04     0.456180E-04
  0.302834E-04     0.426541E-04     0.378081E-04     0.393622E-04     0.490751E-04
  0.494672E-04     0.441154E-04     0.509219E-04     0.436889E-04     0.352709E-04
  0.372701E-04     0.322328E-04     0.329352E-04     0.398163E-04     0.801644E-04
  0.525330E-04     0.545842E-04     0.325185E-04     0.472360E-04     0.399382E-04
  0.401990E-04     0.251341E-04     0.298672E-04     0.377066E-04     0.352118E-04
  0.296050E-04     0.578429E-04     0.259732E-04     0.379484E-04     0.507795E-04
  0.400016E-04     0.847180E-04     0.388961E-04     0.288894E-04     0.265766E-04
  0.359217E-04     0.527127E-04     0.269120E-04     0.280031E-04     0.355364E-04
  0.411466E-04     0.307990E-04     0.404912E-04     0.253300E-04     0.313992E-04
  0.302306E-04     0.372596E-04     0.306336E-04     0.297913E-04     0.264439E-04
  0.387286E-04     0.384589E-04     0.491533E-04     0.321492E-04     0.399777E-04
  0.422247E-04     0.362065E-04     0.466520E-04     0.537438E-04     0.210458E-04
  0.407521E-04     0.439899E-04     0.360757E-04     0.305293E-04     0.299588E-04
  0.830526E-04     0.167297E-03     0.104545E-03     0.118724E-03     0.225237E-03
  0.180757E-03     0.239209E-03     0.181884E-03     0.222398E-03     0.299888E-03
  0.216680E-03     0.405096E-03     0.624135E-03     0.598407E-03     0.603399E-03
  0.642448E-03     0.787629E-03     0.857411E-03     0.607407E-03     0.105036E-02
  0.130832E-02     0.100488E-02     0.155762E-02     0.208465E-02     0.148379E-02
  0.155146E-02     0.110218E-02     0.262965E-02     0.108088E-02     0.172349E-02
  0.186026E-02     0.154820E-02     0.311570E-02     0.205147E-02     0.381282E-02
  0.243643E-02     0.231377E-02     0.436251E-02     0.386812E-02     0.222863E-02
  0.634913E-02     0.547271E-02     0.345357E-02     0.410203E-02     0.388757E-02
  0.590432E-02     0.623063E-02     0.464677E-02     0.692836E-02     0.108060E-01
  0.981376E-02     0.681203E-02     0.779522E-02     0.110293E-01     0.938949E-02
  0.655899E-02     0.945783E-02     0.225070E-01
 eigen energies, in eV 
    -44.378380       -44.373549       -44.363742       -44.252680       -43.896980
    -28.332871       -28.205986       -28.130126       -28.108122       -28.054915
    -28.029479       -27.965099       -27.963463       -27.949483       -27.882591
    -27.838908       -27.803083       -27.800656       -27.788586       -27.768915
    -27.740691       -27.711912       -27.703902       -27.694140       -27.656085
    -27.645946       -27.615854       -27.602380       -27.576676       -27.573216
    -27.553944       -27.549023       -27.519984       -27.505085       -27.468414
    -27.439178       -27.404016       -27.379417       -27.372001       -27.350975
    -27.348730       -27.336305       -27.319536       -27.314349       -27.213727
    -27.206915       -27.181169       -27.155235       -27.144359       -27.106810
    -27.084273       -27.076112       -27.074350       -27.072247       -27.053495
    -27.030575       -27.015318       -27.002942       -26.989737       -26.981412
    -26.851728       -26.793131       -26.791145       -26.782457       -26.765197
    -26.741533       -26.698909       -26.683912       -26.626700       -26.594881
    -26.544031       -26.515373       -26.491163       -26.456118       -26.375072
    -26.321621       -26.264405       -26.251299       -26.242750       -26.230172
    -26.205321       -26.188936       -26.186765       -26.181780       -26.135165
    -26.114691       -26.104131       -26.104064       -26.039271       -26.016504
    -25.986781       -25.977129       -25.947674       -25.909072       -25.903061
    -25.899913       -25.884921       -25.877126       -25.843804       -25.825285
    -25.815166       -25.796881       -25.780251       -25.758623       -25.755713
    -25.712595       -25.708945       -25.705395       -25.682485       -25.678973
    -25.667312       -25.660688       -25.621499       -25.609582       -25.558194
    -25.555018       -25.554018       -25.550856       -25.516475       -25.512055
    -25.502540       -25.495598       -25.475067       -25.449881       -25.436372
    -25.433686       -25.429502       -25.375962       -25.354025       -25.318809
    -25.317969       -25.290563       -25.274160       -25.244113       -25.217931
    -23.857313       -23.769094       -23.745697       -23.653911       -23.517121
    -23.471132       -23.460358       -23.414067       -23.404188       -23.385021
    -23.286810       -23.273617       -23.242734       -23.227749       -23.211603
    -23.177549       -23.165192       -23.153820       -23.138592       -23.082775
    -23.076324       -23.071984       -23.068481       -23.056761       -23.010214
    -22.999161       -22.963342       -22.959778       -22.877951       -22.844083
    -22.821039       -22.816532       -22.685515       -22.537263       -22.219067
    -21.890863       -21.650107       -21.477949       -21.322267       -21.281020
    -21.274763       -21.240192       -21.232882       -21.193613       -21.130155
    -21.085981       -21.071481       -21.065807       -21.045280       -20.949103
    -20.873707       -20.847531       -20.797243       -20.753073       -20.609850
    -18.461596       -18.390905       -18.252705       -18.165492       -18.055611
    -16.453983       -16.284867       -16.180116       -16.139661       -16.119338
    -16.109125       -16.047519       -15.965238       -15.930045       -15.886451
    -15.772510       -15.769602       -15.763680       -15.758418       -15.511953
    -15.158332       -15.155426       -15.029050       -14.951923       -14.920739
    -14.869112       -14.818606       -14.769519       -14.722304       -14.713002
    -14.700245       -14.692968       -14.671739       -14.661439       -14.645759
    -14.598097       -14.588915       -14.508050       -14.496867       -14.420918
    -14.386112       -14.384195       -14.339478       -14.293323       -14.246573
    -13.761646       -13.692896       -13.670904       -13.663255       -13.645588
    -13.601330       -13.593774       -13.567822       -13.553893       -13.501398
    -13.492215       -13.485747       -13.476611       -13.468344       -13.455327
    -13.432041       -13.407458       -13.391280       -13.383272       -13.373671
    -13.363875       -13.354033       -13.291825       -13.266436       -13.230245
    -13.212209       -13.191804       -13.184848       -13.050611       -12.853475
    -12.147857       -12.105423       -12.101375       -12.056147       -12.050791
    -12.033661       -12.001261       -11.962644       -11.927407       -11.910342
    -11.853914       -11.829082       -11.820951       -11.773841       -11.722661
    -11.682056       -11.608780       -11.554396       -11.547815       -11.494201
    -11.485216       -11.471157       -11.431987       -11.414615       -11.401509
    -11.366972       -11.313565       -11.289700       -11.267972       -11.256529
    -11.218709       -11.200239       -11.136804       -11.114419       -11.105218
    -11.035062       -11.008008       -10.959514       -10.955686       -10.870954
    -10.849532       -10.712683       -10.686233       -10.650968       -10.642151
    -10.618517       -10.529912       -10.519587       -10.502309       -10.482306
    -10.460226       -10.455845       -10.451223       -10.401075       -10.394398
    -10.368544       -10.363756       -10.351415       -10.333279       -10.320965
    -10.312729       -10.296972       -10.295985       -10.281601       -10.264899
    -10.249894       -10.238349       -10.231741       -10.228686       -10.223810
    -10.205474       -10.197628       -10.172006       -10.157890       -10.133921
    -10.126588       -10.123673       -10.083974       -10.076633       -10.071189
    -10.043201       -10.038610        -9.997360        -9.976086        -9.966557
     -9.948890        -9.939954        -9.930798        -9.920486        -9.914986
     -9.907882        -9.899900        -9.886039        -9.877169        -9.868125
     -9.864280        -9.841344        -9.812919        -9.800415        -9.795722
     -9.758089        -9.754618        -9.742830        -9.735562        -9.726565
     -9.717665        -9.684680        -9.672023        -9.660615        -9.656091
     -9.646957        -9.635321        -9.622906        -9.617795        -9.604013
     -9.590262        -9.578699        -9.576386        -9.560802        -9.553144
     -9.532437        -9.524669        -9.518231        -9.509925        -9.488690
     -9.481181        -9.448007        -9.430673        -9.415169        -9.413577
     -9.404856        -9.365647        -9.336607        -9.328452        -9.320629
     -9.313969        -9.305219        -9.300538        -9.288680        -9.279842
     -9.243672        -9.234394        -9.215818        -9.209568        -9.201898
     -9.198371        -9.171610        -9.163900        -9.149764        -9.133781
     -9.122623        -9.099563        -9.095301        -9.090086        -9.073392
     -9.061574        -9.040488        -9.033224        -9.024551        -9.012418
     -8.996490        -8.988889        -8.981571        -8.969105        -8.964746
     -8.934377        -8.927475        -8.916654        -8.873686        -8.867060
     -8.859843        -8.844414        -8.839141        -8.816179        -8.812128
     -8.801189        -8.797325        -8.786233        -8.773073        -8.770460
     -8.746710        -8.742718        -8.734318        -8.702220        -8.685011
     -8.668161        -8.653099        -8.644929        -8.636090        -8.631237
     -8.624215        -8.602951        -8.586512        -8.577841        -8.513284
     -8.483398        -8.477249        -8.446645        -8.441502        -8.439360
     -8.419142        -8.412381        -8.394333        -8.377230        -8.337520
     -8.329000        -8.323871        -8.299321        -8.290943        -8.274949
     -8.261179        -8.257118        -8.243526        -8.231825        -8.228049
     -8.172488        -8.145902        -8.114617        -8.107649        -8.042361
     -8.020070        -7.986315        -7.955926        -7.947838        -7.929262
     -7.912024        -7.892626        -7.875474        -7.857284        -7.843520
     -7.831441        -7.803894        -7.779874        -7.766055        -7.749196
     -7.723159        -7.713624        -7.703310        -7.637801        -7.629218
     -7.610346        -7.590513        -7.579390        -7.535755        -7.528304
     -7.522441        -7.493264        -7.491615        -7.453012        -7.449775
     -7.417824        -7.380797        -7.347421        -7.346066        -7.339676
     -7.298397        -7.252210        -7.248820        -7.235660        -7.168106
     -7.154724        -7.127936        -7.121658        -7.112281        -7.098279
     -7.082326        -7.076454        -7.065730        -7.063330        -7.038288
     -7.024494        -6.998234        -6.977633        -6.975523        -6.972465
     -6.928025        -6.921878        -6.896389        -6.881960        -6.825081
     -6.818511        -6.807761        -6.781638        -6.780035        -6.775203
     -6.756679        -6.751024        -6.732566        -6.705797        -6.704241
     -6.671606        -6.656559        -6.639527        -6.628568        -6.608115
     -6.593622        -6.577055        -6.568289        -6.555349        -6.553421
     -6.540228        -6.513591        -6.503425        -6.490774        -6.466656
     -6.456142        -6.445379        -6.431530        -6.427392        -6.413752
     -6.406898        -6.388456        -6.385061        -6.375466        -6.361361
     -6.348479        -6.343148        -6.318278        -6.317091        -6.309463
     -6.297168        -6.294021        -6.281319        -6.280077        -6.271186
     -6.265972        -6.258030        -6.251368        -6.245009        -6.224673
     -6.220541        -6.216970        -6.202711        -6.194049        -6.182394
     -6.154539        -6.151127        -6.134523        -6.128445        -6.122946
     -6.113478        -6.104880        -6.097405        -6.095463        -6.084305
     -6.066473        -6.060894        -6.058894        -6.047092        -6.042204
     -6.029395        -6.016065        -6.014840        -6.008087        -6.002034
     -6.000109        -5.992342        -5.985960        -5.974115        -5.971287
     -5.949705        -5.935560        -5.932671        -5.930801        -5.917364
     -5.908310        -5.905356        -5.893537        -5.881050        -5.867018
     -5.863252        -5.851366        -5.846726        -5.832840        -5.824696
     -5.817836        -5.813872        -5.811777        -5.807603        -5.796284
     -5.788573        -5.779972        -5.776231        -5.774031        -5.755944
     -5.744950        -5.742796        -5.728617        -5.724044        -5.716209
     -5.708418        -5.694457        -5.691613        -5.684108        -5.672233
     -5.667685        -5.663564        -5.646137        -5.638042        -5.633306
     -5.627882        -5.615432        -5.609202        -5.605976        -5.595093
     -5.591175        -5.588632        -5.583192        -5.573599        -5.566710
     -5.562356        -5.559689        -5.547746        -5.544664        -5.532362
     -5.529981        -5.525240        -5.519313        -5.513257        -5.511522
     -5.498938        -5.497069        -5.492392        -5.488465        -5.482498
     -5.471839        -5.462711        -5.454138        -5.443806        -5.443516
     -5.434876        -5.434033        -5.428572        -5.421688        -5.415401
     -5.414254        -5.400720        -5.398068        -5.390429        -5.383252
     -5.375069        -5.370995        -5.367698        -5.360640        -5.355176
     -5.350476        -5.339876        -5.331658        -5.328373        -5.325204
     -5.318656        -5.312188        -5.303984        -5.298242        -5.287199
     -5.282989        -5.266436        -5.260045        -5.251353        -5.249412
     -5.248199        -5.239705        -5.232197        -5.226989        -5.220945
     -5.212655        -5.202639        -5.201368        -5.198456        -5.192852
     -5.179295        -5.173932        -5.170222        -5.166685        -5.155879
     -5.143984        -5.139821        -5.135177        -5.132951        -5.124484
     -5.116721        -5.108171        -5.099669        -5.095568        -5.091977
     -5.087427        -5.078611        -5.073404        -5.066819        -5.059728
     -5.051790        -5.049011        -5.045141        -5.039670        -5.034140
     -5.024378        -5.023611        -5.012905        -5.009899        -5.007270
     -5.000824        -4.997363        -4.990761        -4.985513        -4.976946
     -4.967002        -4.959215        -4.957109        -4.954191        -4.948951
     -4.938102        -4.926616        -4.922728        -4.917326        -4.912910
     -4.905193        -4.901541        -4.896715        -4.890353        -4.880804
     -4.878623        -4.871711        -4.869614        -4.859690        -4.849519
     -4.847596        -4.842543        -4.840153        -4.834613        -4.830962
     -4.824163        -4.818291        -4.811380        -4.801924        -4.791434
     -4.780627        -4.775915        -4.773687        -4.762629        -4.757016
     -4.748001        -4.743411        -4.740379        -4.731840        -4.710509
     -4.709500        -4.703296        -4.695976        -4.692376        -4.686726
     -4.681164        -4.672317        -4.663372        -4.655804        -4.639030
     -4.628263        -4.613705        -4.588126        -4.583581        -4.581132
     -4.570898        -4.563290        -4.545424        -4.542011        -4.526225
     -4.524116        -4.509807        -4.505717        -4.496346        -4.492391
     -4.483012        -4.478157        -4.466441        -4.464358        -4.442121
     -4.410306        -4.398040        -4.348799        -4.330244        -4.316643
     -4.310766        -4.295913        -4.291301        -4.261920        -4.248191
     -4.211161        -4.203558        -4.189790        -4.154311        -4.134273
     -4.101769        -4.080850        -4.061744        -4.060190        -4.009879
     -3.994392        -3.972833        -3.960960        -3.952564        -3.938459
     -3.920699        -3.908191        -3.897489        -3.876376        -3.864384
     -3.846701        -3.832318        -3.816227        -3.804092        -3.776203
     -3.767375        -3.760953        -3.733358        -3.723443        -3.717276
     -3.690315        -3.669109        -3.658664        -3.651814        -3.642047
     -3.606501        -3.598484        -3.588686        -3.577301        -3.558597
     -3.555824        -3.547593        -3.526190        -3.513525        -3.509980
     -3.498667        -3.486976        -3.470007        -3.459264        -3.454427
     -3.449676        -3.438822        -3.428264        -3.421166        -3.414194
     -3.410490        -3.391129        -3.376726        -3.366902        -3.358090
     -3.352772        -3.348372        -3.344321        -3.333630        -3.300403
     -3.296529        -3.285132        -3.274068        -3.251632        -3.243935
     -3.229222        -3.221338        -3.197588        -3.192783        -3.167771
     -3.164226        -3.151145        -3.112201        -3.088480        -3.069543
     -3.034952        -3.013951        -3.013257        -2.931511        -2.919119
     -2.889445        -2.864020        -2.797465        -2.783626        -2.779774
     -2.769791        -2.732704        -2.704620        -2.662157        -2.643046
     -2.631079        -2.626315        -2.602524        -2.594463        -2.573665
     -2.563024        -2.526651        -2.493737        -2.471158        -2.464960
     -2.423275        -2.338038        -2.308666        -2.283309        -2.259370
     -2.255397        -2.250487        -2.238750        -2.194871        -2.169509
     -2.134412        -2.038613        -2.014923        -1.943201        -1.835931
      2.726772         2.822067         2.846599         2.971398         3.046331
      3.064691         3.133864         3.163604         3.232840         3.244053
      3.279844         3.322467         3.393085         3.413487         3.441517
      3.488528         3.576369         3.586235         3.602767         3.670789
      3.705987         3.715632         3.754759         3.759811         3.776560
      3.814489         3.836584         3.857436         3.880910         3.895181
      3.936495         3.957927         3.974034         3.989852         4.008435
      4.031477         4.045675         4.053319         4.079264         4.091509
      4.119043         4.137955         4.166438         4.169158         4.189214
      4.213589         4.246346         4.268904         4.300853         4.311824
      4.331614         4.349427         4.371132         4.393026         4.429035
      4.467330         4.478074         4.507391
 *********************************
 total computation time (sec)=   1997.30808305740     
