 AEM_Eatom=  0.104244609267611     
 AEM_Egroup=  1.604354641586468E-002
 AEM_Etot=  8.042903016216622E-003
 AEM_F=  0.680794625217633     
