 AEM_Eatom=  1.584655873299756E-002
 AEM_Egroup=  1.589557750427234E-003
 AEM_Etot=  4.914704093397037E-004
 AEM_F=  0.501385502711231     
