 AEM_Eatom=  5.543700940241943E-003
 AEM_Egroup=  3.584467514895928E-004
 AEM_Etot=  7.222059124568677E-004
 AEM_F=  0.501772026400375     
