 AEM_Eatom=  2.042699519061359E-002
 AEM_Egroup=  2.776130351230668E-003
 AEM_Etot=  2.377590919029412E-003
 AEM_F=  0.503100524600086     
