 AEM_Eatom=  3.773777667300395E-002
 AEM_Egroup=  2.140314142958467E-003
 AEM_Etot=  6.690903851328548E-004
 AEM_F=  0.502322860606810     
