 AEM_Eatom=  8.851481495762783E-003
 AEM_Egroup=  1.398030311903357E-003
 AEM_Etot=  8.939405514051830E-004
 AEM_F=  0.500862209017419     
