 AEM_Eatom=  8.383928863072673E-002
 AEM_Egroup=  3.800653909617039E-003
 AEM_Etot=  2.157646747887740E-003
 AEM_F=  0.501458969133545     
