 AEM_Eatom=  5.572137621852733E-003
 AEM_Egroup=  5.600290779092606E-004
 AEM_Etot=  5.138715826779422E-004
 AEM_F=  0.502063412428737     
