           4           1
 PRECISION  = SINGLE     
 JOB       = SCF
 IN.PSP1   = /home/sabs/shenjie/Pseudopotential/Li.nc.pbe.UPF
 IN.PSP2   = /home/sabs/shenjie/Pseudopotential/C.nc.pbe.UPF
 IN.PSP3   = /home/sabs/shenjie/Pseudopotential/O.nc.pbe.UPF
 IN.PSP4   = /home/sabs/shenjie/Pseudopotential/N.nc.pbe.UPF
 IN.PSP5   = /home/sabs/shenjie/Pseudopotential/S.nc.pbe.UPF
 IN.PSP6   = /home/sabs/shenjie/Pseudopotential/F.nc.pbe.UPF
 IN.PSP7   = /home/sabs/shenjie/Pseudopotential/H.nc.pbe.UPF
 IN.PSP8   = /home/sabs/shenjie/Pseudopotential/P.nc.pbe.UPF
 IN.ATOM   = atom.config         
 CONVERGENCE  = EASY
 ACCURACY  = NORM
 VFF_DETAIL =   1   500  0.50000000E-02     30.00000     4.00000     0.00000     1.00000  
 EGG_DETAIL =            3           3           3
 SPIN      =   1
 CONSTRAINT_MAG =           0
 RANDOM_SEED=           0
 QIJ_DETAIL =   0  1
 SCF_MIX = CHARGE
 PWSCF_OUTPUT     =  F
 Ecut      =    60.0000000000000     
 Ecut2     =    120.000000000000     
 Ecut2L    =    120.000000000000     
 EcutP    =    60.0000000000000     
 N123      =   120   120   120
 NS123     =    40    40    40
 N123L     =   120   120   120
 STRESS_CORR =   0.100000E+01  0.000000E+00  0.200000E+01  0.000000E+00
 XCFUNCTIONAL = LDA
 HSE_DETAIL    =      1.00000000    1     0.00000000    6 1 1
 RELAX_HSE    =    20   0.50000E-01     2
 VDW       = NONE
 LONDON_S6      =   0.000000000000000E+000
 LONDON_C6(1)      =   -1.00000000000000     
 LONDON_C6(2)      =   -1.00000000000000     
 LONDON_C6(3)      =   -1.00000000000000     
 LONDON_C6(4)      =   -1.00000000000000     
 LONDON_C6(5)      =   -1.00000000000000     
 LONDON_C6(6)      =   -1.00000000000000     
 LONDON_C6(7)      =   -1.00000000000000     
 LONDON_C6(8)      =   -1.00000000000000     
 LONDON_RCUT      =   0.000000000000000E+000
 DFTD3_S6        =   0.000000000000000E+000
 DFTD3_RS6        =   0.000000000000000E+000
 DFTD3_S18        =   0.000000000000000E+000
 DFTD3_RS18        =   0.000000000000000E+000
 DFTD3_ALPHA6        =   0.000000000000000E+000
 DFTD3_VERSION        =            0
 DFTD3_3BODY        =  F
 COULOMB   =    0
 IN.WG     =  F
 OUT.WG    =  F
 IN.RHO    =  F
 OUT.RHOATOM =  F
 OUT.RHO   =  F
 IN.VR     =  F
 OUT.VR    =  F
 OUT.ELF   =  F
 IN.VEXT   =  F
 OUT.VATOM   =  F
 OUT.FORCE =  T
 OUT.STRESS =  F
 IN.KPT    =  F
 IN.SYMM   =  F
 SYMM_PREC =    0.10000E-04
 MP_N123 =      1      1      1      0      0      0      0
 NUM_KPT =            1
 CHARGE_DECOMP = F
 ENERGY_DECOMP = F 
 IN.SOLVENT =  F
 NUM_ELECTRON =   1940.00000000000     
 FIX_FERMI =   F  0.000000E+00  0.000000E+00  0.000000E+00
 IN.NONSCF    =  F
 NUM_BAND  =  1028
 OUT.REAL.RHOWF_SP= 0
 WG_ERROR  =   1.000000000000000E-004
 E_ERROR   =   5.279008887880000E-003
 RHO_ERROR =   5.000000000000000E-005
 RHO_RELATIVE_ERROR      =   0.000000000000000E+000
 FORCE_RELATIVE_ERROR     =   0.000000000000000E+000
 MIN_SCF_ITER     =            1
 SYS_TYPE   =            1
 PULAY_MIX_OPT =     30  1  0       1.00000       0.00000
 PULAY_METRIC_Q0 =       -1.00000
 IN.OCC    =  F          -1
 IN.CC    =  F
 IN.OCC_ADIA    =  F
 SCF_ITER0_1 =    6   4    3    0.0000     0.02500    1
 SCF_ITER0_2 =   94   4    3    1.0000     0.02500    1
 SCF_ITER1_1 =   40   4    3    1.0000     0.02500    1
 NONLOCAL  =  2
 IN.A_FIELD =  F       0.00000       0.00000       0.00000
 RCUT      =    4.00000000000000     
 IN.PSP_RCUT1 =   4.00000000000000     
 IN.PSP_RCUT2 =   4.00000000000000     
 IN.PSP_RCUT3 =   4.00000000000000     
 IN.PSP_RCUT4 =   4.00000000000000     
 IN.PSP_RCUT5 =   4.00000000000000     
 IN.PSP_RCUT6 =   4.00000000000000     
 IN.PSP_RCUT7 =   4.00000000000000     
 IN.PSP_RCUT8 =   4.00000000000000     
 MD_VV_SCALE =    100
 LDAU_PSP1   =           -1  2.721138638331097E-009  2.721138638331097E-009  eV
 LDAU_PSP2   =           -1  2.721138638331097E-009  2.721138638331097E-009  eV
 LDAU_PSP3   =           -1  2.721138638331097E-009  2.721138638331097E-009  eV
 LDAU_PSP4   =           -1  2.721138638331097E-009  2.721138638331097E-009  eV
 LDAU_PSP5   =           -1  2.721138638331097E-009  2.721138638331097E-009  eV
 LDAU_PSP6   =           -1  2.721138638331097E-009  2.721138638331097E-009  eV
 LDAU_PSP7   =           -1  2.721138638331097E-009  2.721138638331097E-009  eV
 LDAU_PSP8   =           -1  2.721138638331097E-009  2.721138638331097E-009  eV
 NUM_BLOCKED_PSI=  F
 WF_STORE2DISK  =            0
 NUM_DOS_GRID =         4000
 NMAP_MAX =        50000
 KERK_AMIN =   0.300000000000000     
 KERK_AMIX =   0.400000000000000     
 KERK_AMIX_MAG =   0.800000000000000     
 KERK_BMIX =   0.500000000000000     
 LDAU_MIX =   0.700000000000000     
 PULAY_WEIGHT_SPIN =    1.00000000000000     
 PULAY_WEIGHT_NS =    1.00000000000000     
 OUT.MLMD    =  F
 NUM_MPI_PER_GPU =     1
 FLAG_CYLINDER =            0
 SET_OUT_FERMI_POS =  F           0
 E_FINITE =  F   0.00000E+00   0.00000E+00   0.00000E+00
 MLINE_EIGEN =      1
 
 ------------------------------------------------
 total number of K-point:           1
   0.00000     0.00000    0.00000     1.00000            
 ------------------------------------------------
 
 
 *********************************************
 *********** end of etot.input report ********
 minimum n1,n2,n3 from Ecut2
     118.970      119.148      119.089
 minimum n1L,n2L,n3L from Ecut2L
     118.970      119.148      119.089
 *********************************************
 
 
Weighted average num_of_PW for all kpoint=                       312673.000
 ************************************
 E_Hxc(eV)         49527.3319295839     
 E_ion(eV)        -219341.616704662     
 E_Coul(eV)        77759.1929675726     
 E_Hxc+E_ion(eV)  -169814.284775079     
 NONSCF     1          AVE_STATE_ERROR= 0.5918E+01
 NONSCF     2          AVE_STATE_ERROR= 0.1623E+01
 NONSCF     3          AVE_STATE_ERROR= 0.4984E+00
 NONSCF     4          AVE_STATE_ERROR= 0.9189E-01
 NONSCF     5          AVE_STATE_ERROR= 0.1558E-01
 NONSCF     6          AVE_STATE_ERROR= 0.3143E-02
 iter=   7   ave_lin=  4.0  iCGmth=   3
 Ef(eV)               = -.1639180E+01
 err of ug            = 0.1242E-02
 dv_ave, drho_tot     = 0.0000E+00 0.1236E+00
 E_tot(eV)            = -.13305278324029E+06    -.1331E+06
 -------------------------------------------
 iter=   8   ave_lin=  4.0  iCGmth=   3
 Ef(eV)               = 0.6258374E-02
 err of ug            = 0.1091E-01
 dv_ave, drho_tot     = 0.1719E-01 0.7135E-01
 E_tot(eV)            = -.13294567420748E+06    0.1071E+03
 -------------------------------------------
 iter=   9   ave_lin=  4.0  iCGmth=   3
 Ef(eV)               = -.1162751E+01
 err of ug            = 0.6707E-02
 dv_ave, drho_tot     = 0.1368E-01 0.3055E-01
 E_tot(eV)            = -.13291291835223E+06    0.3276E+02
 -------------------------------------------
 iter=  10   ave_lin=  4.0  iCGmth=   3
 Ef(eV)               = 0.6373206E+00
 err of ug            = 0.2033E-02
 dv_ave, drho_tot     = 0.6952E-02 0.1063E-01
 E_tot(eV)            = -.13290758964764E+06    0.5329E+01
 -------------------------------------------
 iter=  11   ave_lin=  4.0  iCGmth=   3
 Ef(eV)               = 0.6121200E+00
 err of ug            = 0.5486E-03
 dv_ave, drho_tot     = 0.3062E-02 0.5941E-02
 E_tot(eV)            = -.13290691664428E+06    0.6730E+00
 -------------------------------------------
 iter=  12   ave_lin=  4.0  iCGmth=   3
 Ef(eV)               = 0.5415903E+00
 err of ug            = 0.3068E-03
 dv_ave, drho_tot     = 0.3538E-02 0.3674E-02
 E_tot(eV)            = -.13290639071474E+06    0.5259E+00
 -------------------------------------------
 iter=  13   ave_lin=  4.0  iCGmth=   3
 Ef(eV)               = 0.3739737E+00
 err of ug            = 0.3587E-03
 dv_ave, drho_tot     = 0.4223E-02 0.2847E-02
 E_tot(eV)            = -.13290586644912E+06    0.5243E+00
 -------------------------------------------
 iter=  14   ave_lin=  4.0  iCGmth=   3
 Ef(eV)               = 0.5015970E+00
 err of ug            = 0.3369E-03
 dv_ave, drho_tot     = 0.5695E-02 0.2234E-02
 E_tot(eV)            = -.13290540695920E+06    0.4595E+00
 -------------------------------------------
 iter=  15   ave_lin=  4.0  iCGmth=   3
 Ef(eV)               = 0.1000236E+01
 err of ug            = 0.3522E-03
 dv_ave, drho_tot     = 0.6325E-02 0.1788E-02
 E_tot(eV)            = -.13290509605046E+06    0.3109E+00
 -------------------------------------------
 iter=  16   ave_lin=  4.0  iCGmth=   3
 Ef(eV)               = 0.1217915E+01
 err of ug            = 0.2558E-03
 dv_ave, drho_tot     = 0.4024E-02 0.1380E-02
 E_tot(eV)            = -.13290502263008E+06    0.7342E-01
 -------------------------------------------
 iter=  17   ave_lin=  4.0  iCGmth=   3
 Ef(eV)               = 0.1345435E+01
 err of ug            = 0.2018E-03
 dv_ave, drho_tot     = 0.3605E-02 0.1084E-02
 E_tot(eV)            = -.13290499398182E+06    0.2865E-01
 -------------------------------------------
 iter=  18   ave_lin=  4.0  iCGmth=   3
 Ef(eV)               = 0.1420378E+01
 err of ug            = 0.1324E-03
 dv_ave, drho_tot     = 0.2871E-02 0.8165E-03
 E_tot(eV)            = -.13290497899633E+06    0.1499E-01
 -------------------------------------------
 iter=  19   ave_lin=  4.0  iCGmth=   3
 Ef(eV)               = 0.1522297E+01
 err of ug            = 0.1158E-03
 dv_ave, drho_tot     = 0.2584E-02 0.6241E-03
 E_tot(eV)            = -.13290496108810E+06    0.1791E-01
 -------------------------------------------
 iter=  20   ave_lin=  4.0  iCGmth=   3
 Ef(eV)               = 0.1612247E+01
 err of ug            = 0.1030E-03
 dv_ave, drho_tot     = 0.2281E-02 0.4611E-03
 E_tot(eV)            = -.13290494762633E+06    0.1346E-01
 -------------------------------------------
 iter=  21   ave_lin=  4.0  iCGmth=   3
 Ef(eV)               = 0.1687329E+01
 err of ug            = 0.6542E-04
 dv_ave, drho_tot     = 0.9758E-03 0.3725E-03
 E_tot(eV)            = -.13290494102791E+06    0.6598E-02
 -------------------------------------------
 iter=  22   ave_lin=  4.0  iCGmth=   3
 Ef(eV)               = 0.1776362E+01
 err of ug            = 0.6014E-04
 dv_ave, drho_tot     = 0.9863E-03 0.2979E-03
 E_tot(eV)            = -.13290493553728E+06    0.5491E-02
 -------------------------------------------
 iter=  23   ave_lin=  4.0  iCGmth=   3
 Ef(eV)               = 0.1864297E+01
 err of ug            = 0.5089E-04
 dv_ave, drho_tot     = 0.8081E-03 0.2450E-03
 E_tot(eV)            = -.13290493230570E+06    0.3232E-02
 -------------------------------------------
 E_Fermi(eV)=   1.86429691194460     
 ---------------------------------------------------
 Ef(eV)               = 0.1864297E+01
 dvE, dvE(n)-dvE(n-1) = 0.6531E-06 -.3197E-06
 dv_ave, drho_tot     = 0.8081E-03 0.2450E-03
 err of ug            = 0.5089E-04
 ---------------------------------------------------
 ending_scf_reason = tol Etot_err  5.279008887880000E-003
 Ewald        = -.42626200248932E+05
 Alpha        = 0.15207970391171E+04
 E_extV       = 0.00000000000000E+00    0.0000E+00
 E_NSC        = -.21283201965299E+05    0.7724E+00
 E[-rho*V_Hxc]= -.12121812260289E+06    -.7691E+00
 E_Hxc        = 0.50701795472309E+05    0.7498E+00
 -TS          = -.34822547707015E-13    -.3316E-13
 E_tot(eV)    = -.13290493230570E+06    0.3232E-02
 E_tot(Ryd)   = -.97683324331966E+04    0.1188E-03
 ---------------------------------------------------
 ---------------------------------------------------
 occup for:      kpt=1,spin=1,m=(totN/2-2,totN/2+2)
   1.000    1.000    1.000    0.000    0.000
 eigen(eV) for:  kpt=1,spin=1,m=(totN/2-2,totN/2+2)
  -2.114   -2.091   -1.884    2.663    2.676
 ---------------------------------------------------
 ---------------------------------------------------
 E_Hart,E_xc,E_ion =0.79446372774840E+05  -.28744577302531E+05  -.22170740610341E+06
 E_Hxc+E_ion       =-.17100561063110E+06
 E_kin+E_nonloc    =0.79206081535218E+05
 E_rhoVext,E_IVext     =0.00000000000000E+00  0.00000000000000E+00
 E_psiV,E_dDrho =-.10048921727893E+06  0.00000000000000E+00
 ave(vtot):v0 =-.77153685284936E+01
 ave(V_ion_s(or p,d))=ave(V_Hatree)=0; ave(Vtot)=ave(V_xc)=v0
 ---------------------------------------------------
 *********************************
 Eigen energies are values after setting ave(Vtot)=0
 For Vtot=V_ion+V_Hartree+V_xc, and
 ave(V_ion+V_Hatree)=0, ave(V_xc).ne.0:  E=E+v0
 *********************************
iislda,kpt=   1,    1      0.000000     0.000000     0.000000             kpoint in xyz unit 
 err of each states, A.U
  0.422514E-04     0.159227E-04     0.701622E-04     0.145946E-03     0.388931E-04
  0.173325E-04     0.204369E-04     0.161515E-04     0.184280E-04     0.145185E-04
  0.351933E-04     0.132970E-04     0.151886E-04     0.202158E-04     0.240535E-04
  0.183534E-04     0.124612E-04     0.177468E-04     0.178541E-04     0.143228E-04
  0.141620E-04     0.149294E-04     0.320591E-04     0.152530E-04     0.618617E-04
  0.149643E-04     0.198356E-04     0.141546E-04     0.154711E-04     0.122848E-04
  0.268904E-04     0.156278E-04     0.392586E-04     0.135923E-04     0.176730E-04
  0.241853E-04     0.279045E-04     0.195636E-04     0.201211E-04     0.846606E-04
  0.516275E-04     0.129188E-04     0.192982E-04     0.199455E-04     0.174210E-04
  0.141441E-04     0.121578E-04     0.165513E-04     0.155762E-04     0.175700E-04
  0.139119E-04     0.198149E-04     0.141916E-04     0.251143E-04     0.187738E-04
  0.169259E-04     0.296356E-04     0.211992E-04     0.457264E-04     0.124574E-04
  0.269954E-04     0.165094E-04     0.723812E-04     0.170278E-04     0.722803E-04
  0.138996E-04     0.137637E-04     0.148264E-04     0.471774E-04     0.100605E-04
  0.126904E-04     0.123408E-04     0.124818E-04     0.127297E-04     0.598587E-04
  0.122732E-04     0.150920E-04     0.170916E-04     0.123051E-04     0.117773E-04
  0.120847E-04     0.231169E-04     0.149192E-04     0.162447E-04     0.701952E-04
  0.211768E-04     0.126343E-04     0.117517E-04     0.233024E-04     0.142705E-04
  0.398573E-04     0.116913E-03     0.205693E-04     0.231583E-04     0.104177E-03
  0.899784E-04     0.654256E-04     0.152836E-04     0.128993E-04     0.161057E-04
  0.299338E-04     0.169644E-04     0.136629E-04     0.177380E-04     0.174714E-04
  0.123501E-04     0.131662E-04     0.116823E-04     0.158959E-04     0.178802E-04
  0.191008E-04     0.117460E-04     0.579342E-04     0.214124E-04     0.780260E-04
  0.275652E-04     0.149674E-04     0.118370E-04     0.159715E-04     0.125404E-04
  0.111115E-04     0.145177E-04     0.107184E-04     0.106980E-04     0.116154E-04
  0.153480E-04     0.332640E-04     0.173907E-04     0.150810E-04     0.561658E-04
  0.276113E-04     0.243497E-04     0.131204E-04     0.285499E-04     0.608118E-04
  0.157948E-04     0.126376E-04     0.186373E-04     0.120221E-04     0.140463E-04
  0.128564E-04     0.190589E-04     0.126989E-04     0.174828E-04     0.223974E-04
  0.120884E-04     0.346241E-04     0.423732E-04     0.176160E-04     0.660909E-04
  0.995716E-04     0.123031E-04     0.110824E-04     0.255808E-04     0.200121E-04
  0.192541E-04     0.285482E-04     0.128970E-04     0.158436E-04     0.155406E-04
  0.220802E-04     0.136461E-03     0.143958E-04     0.115716E-04     0.157076E-04
  0.153077E-04     0.187493E-04     0.218974E-04     0.371474E-04     0.196129E-04
  0.400975E-04     0.123240E-04     0.173232E-04     0.502212E-04     0.105048E-04
  0.139247E-04     0.103095E-04     0.117337E-04     0.859498E-04     0.115862E-04
  0.158633E-04     0.113511E-04     0.106424E-04     0.177580E-04     0.245780E-04
  0.147747E-04     0.109720E-04     0.291111E-04     0.168492E-04     0.964828E-05
  0.140522E-04     0.224632E-04     0.127795E-04     0.145354E-04     0.102536E-04
  0.141570E-04     0.160085E-04     0.137692E-04     0.318865E-04     0.139249E-04
  0.145342E-04     0.146039E-04     0.177490E-04     0.149196E-04     0.251584E-04
  0.119070E-04     0.131048E-04     0.140776E-04     0.155294E-04     0.207247E-04
  0.156237E-04     0.173341E-04     0.108829E-04     0.189073E-04     0.179337E-04
  0.137802E-04     0.197304E-04     0.274411E-04     0.180274E-04     0.110584E-04
  0.173373E-04     0.128522E-04     0.191414E-04     0.295709E-04     0.161790E-04
  0.152796E-04     0.118770E-04     0.115586E-04     0.165289E-04     0.188258E-04
  0.151206E-04     0.164741E-04     0.162499E-04     0.115860E-04     0.162766E-04
  0.158971E-04     0.113225E-04     0.161799E-04     0.180357E-04     0.123017E-04
  0.276012E-04     0.166262E-04     0.168610E-04     0.153284E-04     0.116096E-04
  0.137793E-04     0.110200E-04     0.191545E-04     0.134884E-04     0.134421E-04
  0.145935E-04     0.140365E-04     0.161109E-04     0.199415E-04     0.142783E-04
  0.131383E-04     0.180050E-04     0.198704E-04     0.195471E-04     0.108616E-04
  0.165906E-04     0.237694E-04     0.119468E-04     0.223428E-04     0.137602E-04
  0.129940E-04     0.245056E-04     0.136107E-04     0.181055E-04     0.246666E-04
  0.181003E-04     0.135191E-04     0.163698E-04     0.182765E-04     0.220602E-04
  0.181847E-04     0.168384E-04     0.192873E-04     0.133287E-04     0.162818E-04
  0.223373E-04     0.150268E-04     0.162190E-04     0.169878E-04     0.183225E-04
  0.149979E-04     0.140043E-04     0.142210E-04     0.190552E-04     0.185180E-04
  0.201564E-04     0.311193E-04     0.118492E-04     0.250454E-04     0.234164E-04
  0.150350E-04     0.169856E-04     0.156535E-04     0.154264E-04     0.371676E-04
  0.175203E-04     0.146375E-04     0.225836E-04     0.178817E-04     0.205133E-04
  0.267038E-04     0.220595E-04     0.171714E-04     0.168003E-04     0.232782E-04
  0.184847E-04     0.282308E-04     0.258259E-04     0.137952E-04     0.197432E-04
  0.279953E-04     0.194432E-04     0.214792E-04     0.218784E-04     0.224355E-04
  0.328987E-04     0.204498E-04     0.217745E-04     0.209987E-04     0.208755E-04
  0.243775E-04     0.262282E-04     0.235761E-04     0.182255E-04     0.212911E-04
  0.171798E-04     0.170737E-04     0.166342E-04     0.246698E-04     0.239714E-04
  0.286326E-04     0.261836E-04     0.220570E-04     0.245009E-04     0.186978E-04
  0.214964E-04     0.212648E-04     0.205147E-04     0.263619E-04     0.235313E-04
  0.241641E-04     0.244801E-04     0.198346E-04     0.191477E-04     0.243070E-04
  0.206783E-04     0.225650E-04     0.243870E-04     0.179991E-04     0.212469E-04
  0.186673E-04     0.225363E-04     0.254475E-04     0.192872E-04     0.217498E-04
  0.191433E-04     0.176708E-04     0.220005E-04     0.185900E-04     0.223920E-04
  0.199739E-04     0.240609E-04     0.190075E-04     0.267455E-04     0.256956E-04
  0.255048E-04     0.246216E-04     0.244594E-04     0.225115E-04     0.232689E-04
  0.267095E-04     0.195735E-04     0.191245E-04     0.206824E-04     0.207526E-04
  0.363088E-04     0.220288E-04     0.204968E-04     0.217073E-04     0.207675E-04
  0.196438E-04     0.240319E-04     0.260304E-04     0.221990E-04     0.229069E-04
  0.178497E-04     0.194774E-04     0.219338E-04     0.277023E-04     0.284043E-04
  0.205412E-04     0.237731E-04     0.199602E-04     0.230784E-04     0.259373E-04
  0.243249E-04     0.195930E-04     0.223124E-04     0.262470E-04     0.427811E-04
  0.283960E-04     0.290067E-04     0.331251E-04     0.248922E-04     0.244922E-04
  0.261971E-04     0.234763E-04     0.248686E-04     0.219835E-04     0.320594E-04
  0.253635E-04     0.227176E-04     0.348335E-04     0.231811E-04     0.277027E-04
  0.228534E-04     0.305754E-04     0.219397E-04     0.344496E-04     0.181015E-04
  0.261879E-04     0.289861E-04     0.317158E-04     0.211050E-04     0.250410E-04
  0.262726E-04     0.223286E-04     0.245366E-04     0.278029E-04     0.202120E-04
  0.222948E-04     0.335543E-04     0.421583E-04     0.275000E-04     0.272738E-04
  0.382706E-04     0.241825E-04     0.364822E-04     0.290042E-04     0.306223E-04
  0.233374E-04     0.235842E-04     0.282165E-04     0.241588E-04     0.230771E-04
  0.258800E-04     0.196408E-04     0.324473E-04     0.253672E-04     0.211083E-04
  0.309057E-04     0.360708E-04     0.279314E-04     0.226355E-04     0.246228E-04
  0.244659E-04     0.214717E-04     0.241140E-04     0.226132E-04     0.446705E-04
  0.346651E-04     0.255077E-04     0.251570E-04     0.298245E-04     0.301213E-04
  0.327224E-04     0.284930E-04     0.279673E-04     0.291217E-04     0.167446E-04
  0.171928E-04     0.168921E-04     0.303943E-04     0.278442E-04     0.366988E-04
  0.174236E-04     0.296094E-04     0.376583E-04     0.357083E-04     0.244467E-04
  0.214716E-04     0.185807E-04     0.218703E-04     0.188693E-04     0.286947E-04
  0.323172E-04     0.232104E-04     0.173464E-04     0.242843E-04     0.194212E-04
  0.202934E-04     0.220431E-04     0.173360E-04     0.205592E-04     0.183972E-04
  0.257795E-04     0.205714E-04     0.260065E-04     0.168097E-04     0.256383E-04
  0.200506E-04     0.166457E-04     0.181447E-04     0.181992E-04     0.201340E-04
  0.193323E-04     0.303564E-04     0.308053E-04     0.230300E-04     0.170006E-04
  0.223896E-04     0.189633E-04     0.251713E-04     0.231149E-04     0.204171E-04
  0.216708E-04     0.286313E-04     0.301057E-04     0.297290E-04     0.260175E-04
  0.226188E-04     0.217972E-04     0.161426E-04     0.227445E-04     0.223803E-04
  0.193587E-04     0.263910E-04     0.140462E-04     0.226259E-04     0.194908E-04
  0.311739E-04     0.258343E-04     0.395046E-04     0.144921E-04     0.273820E-04
  0.343057E-04     0.160851E-04     0.184915E-04     0.241026E-04     0.205761E-04
  0.120883E-04     0.236013E-04     0.217342E-04     0.206369E-04     0.176445E-04
  0.171531E-04     0.190370E-04     0.167354E-04     0.161812E-04     0.179114E-04
  0.306696E-04     0.221362E-04     0.209312E-04     0.168803E-04     0.185257E-04
  0.214656E-04     0.257362E-04     0.202207E-04     0.214628E-04     0.258601E-04
  0.222690E-04     0.245555E-04     0.170962E-04     0.168572E-04     0.227009E-04
  0.214977E-04     0.239467E-04     0.194086E-04     0.245347E-04     0.216405E-04
  0.222473E-04     0.224652E-04     0.236637E-04     0.198631E-04     0.239479E-04
  0.181279E-04     0.224841E-04     0.182087E-04     0.184235E-04     0.186999E-04
  0.183578E-04     0.192280E-04     0.245678E-04     0.228698E-04     0.237072E-04
  0.229903E-04     0.208164E-04     0.205411E-04     0.197647E-04     0.188017E-04
  0.230912E-04     0.194057E-04     0.204852E-04     0.224770E-04     0.227803E-04
  0.241928E-04     0.254326E-04     0.200572E-04     0.222275E-04     0.225952E-04
  0.226277E-04     0.233304E-04     0.224707E-04     0.220666E-04     0.184860E-04
  0.212911E-04     0.179407E-04     0.211391E-04     0.191480E-04     0.285867E-04
  0.233781E-04     0.251192E-04     0.165962E-04     0.230081E-04     0.249808E-04
  0.221375E-04     0.208674E-04     0.199864E-04     0.211506E-04     0.192887E-04
  0.285639E-04     0.191012E-04     0.187155E-04     0.242885E-04     0.174785E-04
  0.237030E-04     0.208875E-04     0.278573E-04     0.209358E-04     0.213845E-04
  0.267932E-04     0.210841E-04     0.183782E-04     0.212485E-04     0.175350E-04
  0.211161E-04     0.250379E-04     0.207719E-04     0.297421E-04     0.256764E-04
  0.182211E-04     0.221352E-04     0.234727E-04     0.219976E-04     0.240002E-04
  0.228173E-04     0.246022E-04     0.212868E-04     0.249410E-04     0.210018E-04
  0.224123E-04     0.231455E-04     0.238549E-04     0.245573E-04     0.254464E-04
  0.254773E-04     0.241740E-04     0.272510E-04     0.240081E-04     0.227053E-04
  0.241888E-04     0.242654E-04     0.244783E-04     0.218353E-04     0.243387E-04
  0.269998E-04     0.236441E-04     0.250342E-04     0.210274E-04     0.239965E-04
  0.234474E-04     0.204490E-04     0.279598E-04     0.347196E-04     0.293923E-04
  0.308055E-04     0.298281E-04     0.263239E-04     0.230472E-04     0.229789E-04
  0.260765E-04     0.256910E-04     0.233366E-04     0.238573E-04     0.252396E-04
  0.345788E-04     0.277966E-04     0.271542E-04     0.280159E-04     0.269914E-04
  0.222828E-04     0.256254E-04     0.239131E-04     0.244722E-04     0.237112E-04
  0.249257E-04     0.241973E-04     0.247279E-04     0.264972E-04     0.264857E-04
  0.252508E-04     0.274242E-04     0.238186E-04     0.248960E-04     0.252967E-04
  0.241661E-04     0.278861E-04     0.222470E-04     0.247713E-04     0.197302E-04
  0.229107E-04     0.244672E-04     0.206147E-04     0.238293E-04     0.220454E-04
  0.268098E-04     0.295666E-04     0.283418E-04     0.272166E-04     0.271102E-04
  0.263337E-04     0.290552E-04     0.272675E-04     0.289251E-04     0.314827E-04
  0.219355E-04     0.239993E-04     0.268463E-04     0.251755E-04     0.281805E-04
  0.244356E-04     0.234053E-04     0.237184E-04     0.306147E-04     0.266729E-04
  0.264168E-04     0.252921E-04     0.256797E-04     0.266663E-04     0.261759E-04
  0.229939E-04     0.263820E-04     0.225978E-04     0.272031E-04     0.271484E-04
  0.243600E-04     0.227729E-04     0.236505E-04     0.274253E-04     0.248905E-04
  0.324874E-04     0.228420E-04     0.310203E-04     0.253066E-04     0.324835E-04
  0.338577E-04     0.264724E-04     0.316044E-04     0.285198E-04     0.279170E-04
  0.260249E-04     0.305878E-04     0.279424E-04     0.304303E-04     0.236918E-04
  0.275155E-04     0.253544E-04     0.269614E-04     0.282198E-04     0.291598E-04
  0.276944E-04     0.302500E-04     0.296968E-04     0.281898E-04     0.269766E-04
  0.309361E-04     0.290661E-04     0.310420E-04     0.274379E-04     0.214331E-04
  0.294564E-04     0.295298E-04     0.293013E-04     0.268446E-04     0.345822E-04
  0.309503E-04     0.288582E-04     0.243818E-04     0.249807E-04     0.270721E-04
  0.246390E-04     0.261848E-04     0.304196E-04     0.293344E-04     0.301261E-04
  0.269679E-04     0.377446E-04     0.276519E-04     0.287245E-04     0.357024E-04
  0.288909E-04     0.297816E-04     0.256633E-04     0.295280E-04     0.248696E-04
  0.284276E-04     0.340882E-04     0.284237E-04     0.267527E-04     0.283125E-04
  0.302322E-04     0.255683E-04     0.288879E-04     0.264522E-04     0.205935E-04
  0.317865E-04     0.235629E-04     0.322490E-04     0.276753E-04     0.253477E-04
  0.327231E-04     0.304357E-04     0.314469E-04     0.333076E-04     0.277455E-04
  0.323531E-04     0.316616E-04     0.327180E-04     0.346412E-04     0.311473E-04
  0.375818E-04     0.337190E-04     0.405767E-04     0.335123E-04     0.283447E-04
  0.381247E-04     0.300977E-04     0.305854E-04     0.375033E-04     0.313596E-04
  0.378281E-04     0.265962E-04     0.235271E-04     0.309038E-04     0.254465E-04
  0.309001E-04     0.525002E-04     0.528249E-04     0.387991E-04     0.281809E-04
  0.587340E-04     0.314430E-04     0.359149E-04     0.303342E-04     0.418617E-04
  0.340729E-04     0.382387E-04     0.588962E-04     0.308912E-04     0.291959E-04
  0.508592E-04     0.473777E-04     0.371597E-04     0.251001E-04     0.303706E-04
  0.392165E-04     0.351766E-04     0.393727E-04     0.351430E-04     0.316120E-04
  0.568245E-04     0.278831E-04     0.433883E-04     0.403669E-04     0.382105E-04
  0.367960E-04     0.342861E-04     0.396892E-04     0.414414E-04     0.473890E-04
  0.483527E-04     0.642973E-04     0.507549E-04     0.390379E-04     0.334798E-04
  0.283847E-04     0.324783E-04     0.364659E-04     0.258148E-04     0.303369E-04
  0.330559E-04     0.272298E-04     0.275207E-04     0.392964E-04     0.399864E-04
  0.396189E-04     0.330697E-04     0.334328E-04     0.313775E-04     0.387201E-04
  0.328710E-04     0.366255E-04     0.340771E-04     0.306969E-04     0.403601E-04
  0.299369E-04     0.454674E-04     0.305880E-04     0.284057E-04     0.379721E-04
  0.380898E-04     0.315797E-04     0.436304E-04     0.332602E-04     0.302023E-04
  0.403224E-04     0.278343E-04     0.271638E-04     0.446314E-04     0.214200E-04
  0.455426E-04     0.450675E-04     0.603445E-04     0.653091E-04     0.278083E-04
  0.252236E-04     0.194939E-04     0.275083E-04     0.312470E-04     0.268415E-04
  0.407715E-04     0.395786E-04     0.541540E-04     0.236882E-04     0.264563E-04
  0.265440E-04     0.256156E-04     0.370036E-04     0.318905E-04     0.256284E-04
  0.297079E-04     0.464820E-04     0.375339E-04     0.374992E-04     0.332916E-04
  0.872997E-04     0.560814E-04     0.280739E-04     0.234083E-04     0.322125E-04
  0.272341E-04     0.418519E-04     0.546008E-04     0.395798E-04     0.223695E-04
  0.274868E-04     0.523316E-04     0.209296E-04     0.376461E-04     0.374238E-04
  0.230218E-04     0.449304E-04     0.404329E-04     0.318142E-04     0.260733E-04
  0.100629E-03     0.163659E-03     0.884953E-04     0.143668E-03     0.112803E-03
  0.114027E-03     0.132893E-03     0.115429E-03     0.118467E-03     0.235820E-03
  0.198132E-03     0.179110E-03     0.378080E-03     0.591058E-03     0.542000E-03
  0.768228E-03     0.100095E-02     0.750594E-03     0.844138E-03     0.113033E-02
  0.985218E-03     0.849731E-03     0.798426E-03     0.616427E-03     0.111297E-02
  0.134237E-02     0.146472E-02     0.928795E-03     0.212609E-02     0.227209E-02
  0.146447E-02     0.211882E-02     0.326200E-02     0.313940E-02     0.301556E-02
  0.378258E-02     0.305332E-02     0.609264E-02     0.418412E-02     0.371699E-02
  0.328767E-02     0.322531E-02     0.445003E-02     0.673179E-02     0.541138E-02
  0.586393E-02     0.479420E-02     0.705901E-02     0.498795E-02     0.787843E-02
  0.705167E-02     0.744772E-02     0.797341E-02     0.793728E-02     0.875213E-02
  0.121934E-01     0.142952E-01     0.147225E-01
 eigen energies, in eV 
    -44.443093       -44.256235       -44.175834       -44.129449       -43.954243
    -28.356447       -28.236753       -28.213590       -28.163001       -28.160787
    -28.143339       -28.046227       -28.022553       -28.003411       -27.966141
    -27.944532       -27.922224       -27.902004       -27.816741       -27.814470
    -27.759733       -27.759634       -27.757827       -27.735566       -27.715513
    -27.696293       -27.683822       -27.673513       -27.625712       -27.618841
    -27.580669       -27.558589       -27.508164       -27.420199       -27.412304
    -27.406010       -27.402838       -27.322362       -27.316930       -27.285509
    -27.274006       -27.265589       -27.255775       -27.239658       -27.213347
    -27.194676       -27.149986       -27.118903       -27.046968       -27.042029
    -27.022707       -26.982240       -26.941340       -26.936793       -26.856763
    -26.823797       -26.780341       -26.776614       -26.743406       -26.721991
    -26.721527       -26.718606       -26.709625       -26.709070       -26.577647
    -26.530745       -26.521947       -26.513550       -26.404454       -26.379103
    -26.334265       -26.324696       -26.305965       -26.299729       -26.289484
    -26.283935       -26.266122       -26.264857       -26.206996       -26.201758
    -26.180781       -26.163891       -26.151668       -26.086470       -26.065826
    -25.952165       -25.940970       -25.921203       -25.913215       -25.906030
    -25.824026       -25.823566       -25.821548       -25.814982       -25.811996
    -25.776589       -25.770789       -25.762604       -25.752857       -25.703502
    -25.675102       -25.670297       -25.663001       -25.645971       -25.635474
    -25.627986       -25.604285       -25.587852       -25.585215       -25.558684
    -25.552851       -25.548490       -25.501207       -25.430808       -25.428915
    -25.427293       -25.407704       -25.381157       -25.352363       -25.313351
    -25.284922       -25.279523       -25.243615       -25.226603       -25.211880
    -25.190909       -25.171377       -25.168135       -25.150302       -25.116600
    -25.085813       -25.065997       -25.044582       -24.971729       -24.629519
    -24.096197       -23.941571       -23.757939       -23.745051       -23.734535
    -23.615340       -23.603009       -23.508896       -23.498492       -23.488856
    -23.376030       -23.362806       -23.317732       -23.316091       -23.295735
    -23.278669       -23.251274       -23.205648       -23.182201       -23.156427
    -23.150344       -23.100009       -23.064305       -23.048970       -23.032197
    -22.964619       -22.952769       -22.947904       -22.937488       -22.927613
    -22.907218       -22.898462       -22.811091       -22.714685       -22.415382
    -21.839807       -21.518032       -21.514221       -21.501454       -21.421594
    -21.373845       -21.282670       -21.278029       -21.260342       -21.248161
    -21.194563       -21.168694       -21.130749       -21.126870       -20.986969
    -20.975349       -20.906477       -20.840784       -20.821396       -20.668835
    -18.653304       -18.511160       -18.458787       -18.280262       -18.273614
    -16.167220       -16.115876       -16.101027       -16.058772       -16.045467
    -16.018414       -16.016923       -15.968338       -15.944636       -15.904176
    -15.854825       -15.761922       -15.521846       -15.486740       -15.421188
    -15.038170       -15.022347       -14.959020       -14.889128       -14.886365
    -14.857816       -14.808218       -14.800267       -14.793464       -14.755365
    -14.593923       -14.591350       -14.569911       -14.558567       -14.537686
    -14.516028       -14.478562       -14.461876       -14.457620       -14.454551
    -14.411050       -14.374593       -14.340307       -13.974613       -13.939057
    -13.930297       -13.910008       -13.674296       -13.624698       -13.576242
    -13.523450       -13.487124       -13.465186       -13.445450       -13.407146
    -13.404619       -13.387436       -13.343038       -13.327019       -13.309964
    -13.297246       -13.296171       -13.286408       -13.262984       -13.255953
    -13.232806       -13.227088       -13.189342       -13.185905       -13.109236
    -13.042215       -12.998412       -12.988979       -12.911614       -12.842712
    -12.208675       -12.158002       -12.146750       -12.078127       -12.029293
    -12.005325       -11.986516       -11.982471       -11.975129       -11.885338
    -11.845797       -11.826345       -11.817614       -11.762756       -11.693035
    -11.672179       -11.592365       -11.591283       -11.569924       -11.496768
    -11.470036       -11.435993       -11.400071       -11.365796       -11.274566
    -11.254053       -11.239096       -11.227664       -11.211896       -11.198342
    -11.192786       -11.172914       -11.130875       -11.045840       -10.994812
    -10.949840       -10.932888       -10.913578       -10.868882       -10.859331
    -10.771340       -10.737401       -10.714230       -10.581514       -10.567133
    -10.554843       -10.486049       -10.472227       -10.463253       -10.450351
    -10.443257       -10.415204       -10.375011       -10.370582       -10.348612
    -10.330990       -10.328421       -10.323548       -10.312248       -10.305094
    -10.301389       -10.289896       -10.270084       -10.256083       -10.250358
    -10.209039       -10.188304       -10.174247       -10.169518       -10.159958
    -10.143977       -10.120889       -10.118287       -10.095593       -10.090150
    -10.073449       -10.069406       -10.054912       -10.050067       -10.037228
    -10.027555       -10.016674        -9.995316        -9.990697        -9.972800
     -9.969115        -9.962374        -9.934123        -9.932855        -9.909296
     -9.902739        -9.890472        -9.876116        -9.861497        -9.856965
     -9.851304        -9.813451        -9.801382        -9.794627        -9.782089
     -9.760908        -9.757026        -9.736255        -9.704592        -9.690211
     -9.684318        -9.679108        -9.660818        -9.645468        -9.641764
     -9.623175        -9.601537        -9.598548        -9.589737        -9.586303
     -9.573927        -9.570042        -9.537855        -9.528123        -9.520469
     -9.512679        -9.498846        -9.483386        -9.465034        -9.457551
     -9.454289        -9.449658        -9.432958        -9.420915        -9.404968
     -9.396566        -9.390883        -9.371126        -9.349315        -9.329552
     -9.306913        -9.301586        -9.297485        -9.288750        -9.281021
     -9.266644        -9.248474        -9.230739        -9.184969        -9.182433
     -9.163325        -9.152034        -9.137588        -9.131165        -9.106080
     -9.099077        -9.085974        -9.074968        -9.066709        -9.050619
     -9.034188        -9.029457        -9.022493        -9.011161        -9.003081
     -8.987234        -8.943036        -8.929171        -8.916356        -8.913235
     -8.908161        -8.896457        -8.891753        -8.878054        -8.866940
     -8.858540        -8.844480        -8.841019        -8.815640        -8.810724
     -8.778252        -8.766265        -8.755598        -8.752625        -8.725983
     -8.713068        -8.692064        -8.674803        -8.670680        -8.650113
     -8.614535        -8.594435        -8.589182        -8.580608        -8.575328
     -8.562679        -8.547150        -8.541238        -8.525047        -8.497107
     -8.488395        -8.453426        -8.444281        -8.434047        -8.431692
     -8.425525        -8.410565        -8.395737        -8.366085        -8.360629
     -8.358918        -8.333539        -8.296384        -8.282189        -8.262689
     -8.235897        -8.185866        -8.152245        -8.147259        -8.144971
     -8.123412        -8.082792        -8.065618        -8.062160        -8.037367
     -8.028867        -7.983349        -7.976447        -7.968302        -7.930078
     -7.921074        -7.916102        -7.891387        -7.821539        -7.811829
     -7.808057        -7.793242        -7.781945        -7.776339        -7.744249
     -7.686600        -7.665421        -7.654049        -7.628991        -7.613207
     -7.597447        -7.588126        -7.530211        -7.526092        -7.504831
     -7.482420        -7.463647        -7.447559        -7.412578        -7.373514
     -7.360682        -7.343414        -7.316374        -7.311643        -7.300374
     -7.293758        -7.263581        -7.254533        -7.244430        -7.236777
     -7.204051        -7.190148        -7.172286        -7.137870        -7.136685
     -7.111192        -7.086609        -7.040547        -7.024626        -6.996572
     -6.979016        -6.977264        -6.964864        -6.875658        -6.872876
     -6.844653        -6.837345        -6.822882        -6.815684        -6.807044
     -6.787203        -6.760830        -6.747217        -6.739873        -6.731535
     -6.716367        -6.691199        -6.687254        -6.650052        -6.618177
     -6.602991        -6.590163        -6.586853        -6.581562        -6.555357
     -6.553614        -6.539697        -6.525206        -6.520986        -6.496749
     -6.483516        -6.475062        -6.454477        -6.452693        -6.433135
     -6.423104        -6.418485        -6.414037        -6.407698        -6.397795
     -6.391891        -6.386934        -6.361373        -6.350296        -6.331378
     -6.307954        -6.293064        -6.281286        -6.277532        -6.263031
     -6.260045        -6.256877        -6.242274        -6.228548        -6.207452
     -6.200807        -6.179131        -6.173764        -6.165277        -6.159578
     -6.155602        -6.148451        -6.141637        -6.130099        -6.128996
     -6.124012        -6.111490        -6.100069        -6.094521        -6.085803
     -6.076255        -6.063376        -6.059264        -6.055076        -6.046405
     -6.043701        -6.025970        -6.019200        -6.015631        -6.007542
     -6.000873        -5.991547        -5.985570        -5.970571        -5.966896
     -5.965293        -5.950843        -5.935613        -5.920259        -5.917467
     -5.899888        -5.889571        -5.884972        -5.878747        -5.860816
     -5.855726        -5.844859        -5.835080        -5.823652        -5.808254
     -5.799821        -5.798416        -5.793168        -5.783369        -5.775843
     -5.763560        -5.756558        -5.754023        -5.748231        -5.740822
     -5.733316        -5.727001        -5.712785        -5.703053        -5.699413
     -5.695106        -5.692085        -5.681096        -5.667347        -5.661061
     -5.658894        -5.650904        -5.649236        -5.644221        -5.640335
     -5.636215        -5.626413        -5.621041        -5.616869        -5.612341
     -5.611352        -5.602111        -5.587759        -5.584583        -5.579235
     -5.578158        -5.574285        -5.555765        -5.554157        -5.546750
     -5.535043        -5.527083        -5.523346        -5.509435        -5.504573
     -5.496690        -5.484065        -5.479599        -5.469714        -5.463965
     -5.457474        -5.455986        -5.446484        -5.443635        -5.438744
     -5.424894        -5.423456        -5.417299        -5.400160        -5.395059
     -5.393556        -5.385624        -5.376895        -5.375674        -5.362983
     -5.355267        -5.344246        -5.342552        -5.337393        -5.328227
     -5.325735        -5.319123        -5.314454        -5.306647        -5.295998
     -5.291419        -5.287052        -5.274230        -5.265426        -5.262478
     -5.259512        -5.257058        -5.250693        -5.245423        -5.240317
     -5.237366        -5.231057        -5.223984        -5.222441        -5.213857
     -5.210172        -5.198756        -5.197998        -5.192815        -5.182851
     -5.170693        -5.163123        -5.155745        -5.150242        -5.139165
     -5.135351        -5.132805        -5.127073        -5.120453        -5.116550
     -5.105416        -5.096410        -5.090468        -5.087248        -5.080208
     -5.068016        -5.060808        -5.057058        -5.052570        -5.044674
     -5.038908        -5.025688        -5.019725        -5.010065        -5.004098
     -4.996381        -4.989916        -4.984120        -4.979032        -4.976890
     -4.969403        -4.964977        -4.964275        -4.961577        -4.953043
     -4.946295        -4.941537        -4.936133        -4.927848        -4.920939
     -4.919552        -4.914836        -4.913794        -4.906933        -4.905584
     -4.902472        -4.893643        -4.892457        -4.887845        -4.885088
     -4.878207        -4.865744        -4.861581        -4.846190        -4.837464
     -4.830356        -4.823131        -4.817601        -4.805112        -4.798906
     -4.794389        -4.787854        -4.772687        -4.766581        -4.759977
     -4.758053        -4.744118        -4.739067        -4.725490        -4.722694
     -4.719271        -4.711703        -4.707646        -4.702574        -4.693932
     -4.687220        -4.684427        -4.682316        -4.671033        -4.665203
     -4.658073        -4.652020        -4.650551        -4.648950        -4.634617
     -4.623909        -4.616469        -4.614947        -4.605644        -4.601046
     -4.585902        -4.583892        -4.563568        -4.547228        -4.537532
     -4.531007        -4.524132        -4.511908        -4.497297        -4.492607
     -4.484945        -4.479238        -4.467131        -4.454718        -4.451612
     -4.443248        -4.436241        -4.430067        -4.424286        -4.419182
     -4.402437        -4.392859        -4.380090        -4.378314        -4.367653
     -4.353695        -4.321831        -4.298945        -4.288737        -4.260337
     -4.221085        -4.198709        -4.188991        -4.184469        -4.166557
     -4.128481        -4.108526        -4.077883        -4.073075        -4.064847
     -4.042443        -4.021317        -4.018144        -4.001109        -3.969911
     -3.956244        -3.949173        -3.940061        -3.928569        -3.918326
     -3.890662        -3.878568        -3.860718        -3.842726        -3.817947
     -3.806538        -3.788304        -3.772817        -3.754388        -3.748478
     -3.725953        -3.712980        -3.705903        -3.693795        -3.674198
     -3.671482        -3.661510        -3.642727        -3.640576        -3.624875
     -3.611947        -3.608716        -3.604344        -3.578624        -3.576661
     -3.568599        -3.538753        -3.523545        -3.504336        -3.485187
     -3.476955        -3.469280        -3.460647        -3.447643        -3.424327
     -3.414156        -3.406930        -3.406416        -3.391960        -3.375627
     -3.370807        -3.356807        -3.340290        -3.314112        -3.310005
     -3.301607        -3.299741        -3.294442        -3.289083        -3.281839
     -3.262400        -3.219008        -3.213961        -3.197781        -3.192603
     -3.186220        -3.176054        -3.157858        -3.148625        -3.108683
     -3.060243        -3.048258        -3.021688        -3.007213        -2.976727
     -2.950522        -2.929042        -2.863633        -2.828397        -2.816948
     -2.773553        -2.723667        -2.708951        -2.698608        -2.686981
     -2.668716        -2.659233        -2.646981        -2.633839        -2.614958
     -2.563577        -2.544767        -2.510361        -2.475514        -2.464208
     -2.435115        -2.386400        -2.385439        -2.371497        -2.358363
     -2.310085        -2.277091        -2.237727        -2.208879        -2.159709
     -2.151922        -2.144449        -2.113895        -2.090712        -1.883629
      2.663297         2.676409         2.830493         2.878151         2.917749
      2.925641         2.939014         2.966680         3.056468         3.132253
      3.170812         3.187433         3.260994         3.310618         3.345576
      3.387561         3.418509         3.442924         3.475010         3.526671
      3.540709         3.581562         3.594993         3.632751         3.653699
      3.675981         3.722857         3.739006         3.771588         3.781314
      3.801961         3.823401         3.846165         3.869261         3.896285
      3.906567         3.944659         3.978736         3.998935         4.012888
      4.021420         4.049531         4.072657         4.085322         4.105076
      4.114991         4.149137         4.156392         4.207411         4.211592
      4.242429         4.267461         4.281241         4.317507         4.354388
      4.387068         4.400078         4.445208
 *********************************
 total computation time (sec)=   1996.46434092522     
