 AEM_Eatom=  1.167133597432915E-002
 AEM_Egroup=  2.149031328431141E-003
 AEM_Etot=  9.190764810904693E-004
 AEM_F=  0.501595280447009     
