 AEM_Eatom=  1.483495710907752E-002
 AEM_Egroup=  1.023673354916047E-003
 AEM_Etot=  5.443482880235440E-004
 AEM_F=  0.505866144440656     
