 AEM_Eatom=  8.684356222520966E-002
 AEM_Egroup=  1.458327741072555E-002
 AEM_Etot=  1.109365926143008E-002
 AEM_F=  0.582864253777049     
