 AEM_Eatom=  1.230958204719133E-003
 AEM_Egroup=  1.536746068320615E-004
 AEM_Etot=  1.041641130361100E-003
 AEM_F=  0.500198835951094     
