 AEM_Eatom=  1.232417835413367E-002
 AEM_Egroup=  1.523194716143891E-003
 AEM_Etot=  8.829711962322617E-004
 AEM_F=  0.501361872219735     
