 AEM_Eatom=  0.430259822213859     
 AEM_Egroup=  6.334529808146110E-002
 AEM_Etot=  1.789286077485809E-002
 AEM_F=  0.993711689203746     
