 AEM_Eatom=  5.567392863315945E-002
 AEM_Egroup=  6.074962820943631E-003
 AEM_Etot=  9.533559494148750E-003
 AEM_F=  0.513023606347819     
