 AEM_Eatom=  0.256699476710204     
 AEM_Egroup=  3.554569429111233E-002
 AEM_Etot=  1.064590576056321E-002
 AEM_F=   1.00570542383872     
