 AEM_Eatom=  8.324683684602600E-003
 AEM_Egroup=  1.016887191084899E-003
 AEM_Etot=  7.826123636523298E-004
 AEM_F=  0.500633667435144     
