 AEM_Eatom=  7.768759195411110E-002
 AEM_Egroup=  9.594542050411251E-003
 AEM_Etot=  1.194131162370552E-002
 AEM_F=  0.693164639617325     
