 AEM_Eatom=  7.188294266627569E-003
 AEM_Egroup=  5.901389027154131E-004
 AEM_Etot=  1.010887346961965E-003
 AEM_F=  0.501226759377403     
