 AEM_Eatom=  5.754032108397787E-003
 AEM_Egroup=  4.897102750101928E-004
 AEM_Etot=  7.751380021917864E-004
 AEM_F=  0.501600143590174     
