 AEM_Eatom=  1.762968930987657E-002
 AEM_Egroup=  1.142467603436515E-003
 AEM_Etot=  2.463209094772028E-003
 AEM_F=  0.542443925054559     
